# x y z (snapped to FFT grid (24, 24, 24), 96 unique)
0.125000 0.250000 0.458333
0.041667 0.166667 0.375000
0.666667 0.458333 0.250000
0.916667 0.375000 0.166667
0.250000 0.125000 0.666667
0.166667 0.041667 0.916667
0.458333 0.666667 0.125000
0.375000 0.916667 0.041667
0.333333 0.750000 0.541667
0.083333 0.833333 0.625000
0.875000 0.541667 0.750000
0.958333 0.625000 0.833333
0.750000 0.333333 0.875000
0.833333 0.083333 0.958333
0.541667 0.875000 0.333333
0.625000 0.958333 0.083333
0.875000 0.750000 0.333333
0.958333 0.833333 0.083333
0.750000 0.875000 0.541667
0.833333 0.958333 0.625000
0.541667 0.333333 0.750000
0.625000 0.083333 0.833333
0.333333 0.541667 0.875000
0.083333 0.625000 0.958333
0.875000 0.333333 0.541667
0.958333 0.083333 0.625000
0.541667 0.750000 0.875000
0.625000 0.833333 0.958333
0.750000 0.541667 0.333333
0.833333 0.625000 0.083333
0.333333 0.875000 0.750000
0.083333 0.958333 0.833333
0.458333 0.125000 0.250000
0.375000 0.041667 0.166667
0.666667 0.250000 0.125000
0.916667 0.166667 0.041667
0.125000 0.458333 0.666667
0.041667 0.375000 0.916667
0.250000 0.666667 0.458333
0.166667 0.916667 0.375000
0.250000 0.458333 0.125000
0.166667 0.375000 0.041667
0.666667 0.125000 0.458333
0.916667 0.041667 0.375000
0.458333 0.250000 0.666667
0.375000 0.166667 0.916667
0.125000 0.666667 0.250000
0.041667 0.916667 0.166667
0.875000 0.750000 0.541667
0.958333 0.833333 0.625000
0.333333 0.541667 0.750000
0.083333 0.625000 0.833333
0.750000 0.875000 0.333333
0.833333 0.958333 0.083333
0.541667 0.333333 0.875000
0.625000 0.083333 0.958333
0.666667 0.250000 0.458333
0.916667 0.166667 0.375000
0.125000 0.458333 0.250000
0.041667 0.375000 0.166667
0.250000 0.666667 0.125000
0.166667 0.916667 0.041667
0.458333 0.125000 0.666667
0.375000 0.041667 0.916667
0.125000 0.250000 0.666667
0.041667 0.166667 0.916667
0.250000 0.125000 0.458333
0.166667 0.041667 0.375000
0.458333 0.666667 0.250000
0.375000 0.916667 0.166667
0.666667 0.458333 0.125000
0.916667 0.375000 0.041667
0.125000 0.666667 0.458333
0.041667 0.916667 0.375000
0.458333 0.250000 0.125000
0.375000 0.166667 0.041667
0.250000 0.458333 0.666667
0.166667 0.375000 0.916667
0.666667 0.125000 0.250000
0.916667 0.041667 0.166667
0.541667 0.875000 0.750000
0.625000 0.958333 0.833333
0.333333 0.750000 0.875000
0.083333 0.833333 0.958333
0.875000 0.541667 0.333333
0.958333 0.625000 0.083333
0.750000 0.333333 0.541667
0.833333 0.083333 0.625000
0.750000 0.541667 0.875000
0.833333 0.625000 0.958333
0.333333 0.875000 0.541667
0.083333 0.958333 0.625000
0.541667 0.750000 0.333333
0.625000 0.833333 0.083333
0.875000 0.333333 0.750000
0.958333 0.083333 0.833333
