# Generated by LORRAX 0.1.0 at 2026-07-08 21:00:26 UTC
  0.000000000  0.000000000  0.000000000      80
       1       1  -65.372250650  -84.222517422
       1       2  -65.372250650  -84.224276076
       1       3  -41.997237431  -48.288823800
       1       4  -41.997237431  -48.290669346
       1       5  -39.497232482  -44.535942446
       1       6  -39.497232482  -44.536808403
       1       7  -39.272874887  -45.789129033
       1       8  -39.272874887  -45.785522733
       1       9  -19.398603714  -19.902392089
       1      10  -19.398603714  -19.901422136
       1      11  -18.214279803  -16.266197155
       1      12  -18.214279803  -16.266353300
       1      13  -10.873767564  -10.065315276
       1      14  -10.873767564  -10.064621575
       1      15   -7.815639649  -10.099368098
       1      16   -7.815639649  -10.098951212
       1      17   -7.759785071   -9.982602127
       1      18   -7.759785071   -9.982136925
       1      19   -7.145275984   -5.599806354
       1      20   -7.145275984   -5.599754345
       1      21   -6.779802587  -10.349855145
       1      22   -6.779802587  -10.350242616
       1      23   -6.699109026  -10.229504058
       1      24   -6.699109026  -10.230557582
       1      25   -5.386093234   -7.778881637
       1      26   -5.386093234   -7.774550358
       1      27   -2.581487811    3.323923485
       1      28   -2.581487811    3.323176051
       1      29   -2.505729343    3.076395809
       1      30   -2.505729343    3.076880204
       1      31   -2.332526328    0.538963605
       1      32   -2.332526328    0.538520903
       1      33   -2.326587030    0.598676194
       1      34   -2.326587030    0.599060469
       1      35    1.113319908   -3.124617280
       1      36    1.113319908   -3.124377559
       1      37    3.714012323   -4.936588143
       1      38    3.714012323   -4.936879818
       1      39    3.951990397   20.767432154
       1      40    3.951990397   20.766898715
       1      41    4.776396763   33.442763700
       1      42    4.776396763   33.442475946
       1      43    5.486221256    6.745207465
       1      44    5.486221256    6.745145975
       1      45    5.562324306    6.679736437
       1      46    5.562324306    6.680110245
       1      47    7.461577707    7.100321456
       1      48    7.461577707    7.100184411
       1      49    7.478937363    7.101084419
       1      50    7.478937363    7.101224454
       1      51    7.640757380    9.955439058
       1      52    7.640757380    9.955204436
       1      53   10.750580450   11.067543765
       1      54   10.750580450   11.070116475
       1      55   10.765259508   10.968325507
       1      56   10.765259508   10.970303599
       1      57   10.847684897   10.723284287
       1      58   10.847684897   10.723244779
       1      59   11.103915070    4.282875083
       1      60   11.103915070    4.282451908
       1      61   11.110755596    4.447554430
       1      62   11.110755596    4.448613107
       1      63   11.238345708  116.054042784
       1      64   11.238345708  116.054048992
       1      65   14.009904542  146.993441590
       1      66   14.009904542  146.993304275
       1      67   14.263647988  126.407906550
       1      68   14.263647988  126.408167859
       1      69   14.654706654  100.158624024
       1      70   14.654706654  100.158680878
       1      71   16.051968622  201.260302666
       1      72   16.051968622  201.260368435
       1      73   18.076102017   26.208706486
       1      74   18.076102017   26.208564938
       1      75   18.251524896   27.529314775
       1      76   18.251524896   27.529151798
       1      77   20.596317296  132.672145484
       1      78   20.596317296  132.671582297
       1      79   20.815167480   32.979208702
       1      80   20.815167480   32.979123058
  0.000000000  0.333333333  0.000000000      80
       1       1  -65.392796913  -75.036829267
       1       2  -65.392796912  -75.055575001
       1       3  -42.080404841  -49.675618571
       1       4  -42.080404794  -49.614351933
       1       5  -39.576631612  -47.461929699
       1       6  -39.576631603  -47.476219975
       1       7  -39.426545466  -45.412860681
       1       8  -39.426545413  -45.286398319
       1       9  -18.084492576  -15.143517032
       1      10  -18.084492572  -15.158619969
       1      11  -17.638782496  -15.165846652
       1      12  -17.638782494  -15.165166495
       1      13  -10.524665088  -10.887576242
       1      14  -10.524665030  -10.888755785
       1      15   -9.566582491  -13.600679141
       1      16   -9.566582430  -13.610371892
       1      17   -9.176329601   -7.496648135
       1      18   -9.176329539   -7.494112742
       1      19   -8.120290072   -8.887559840
       1      20   -8.120289943   -8.889415185
       1      21   -7.044057673   -4.950369455
       1      22   -7.044057659   -4.948578970
       1      23   -6.595082040   -6.745381037
       1      24   -6.595079210   -6.748685732
       1      25   -6.289899548   -5.319030926
       1      26   -6.289896403   -5.323996621
       1      27   -3.056465365   -2.448173620
       1      28   -3.056463335   -2.416141547
       1      29   -2.954588545   -3.848240939
       1      30   -2.954586166   -3.826945106
       1      31   -1.863615496   -3.698877001
       1      32   -1.863614672   -3.692378229
       1      33   -1.263891981    1.975687416
       1      34   -1.263891107    1.983582734
       1      35    2.649880530    0.227272003
       1      36    2.649880793    0.224108858
       1      37    2.893228373    4.915402498
       1      38    2.893228431    4.915529260
       1      39    3.304597098    5.434659372
       1      40    3.304597753    5.434943663
       1      41    5.155270825   12.429181401
       1      42    5.155270870   12.400925026
       1      43    5.593535301    7.577145154
       1      44    5.593535947    7.632739476
       1      45    7.168539283    5.058784171
       1      46    7.168539577    5.038697402
       1      47    7.616673919   18.400747992
       1      48    7.616673920   18.403474706
       1      49    7.719675669    8.758349872
       1      50    7.719675819    8.729771323
       1      51    9.143822513    5.753751231
       1      52    9.143822543    5.746045533
       1      53    9.711198062   45.188816049
       1      54    9.711198665   45.192672281
       1      55   10.065539547    9.193389692
       1      56   10.065540148    9.197767905
       1      57   10.144712117   20.353369388
       1      58   10.144712331   20.352713406
       1      59   12.357122177   10.080318717
       1      60   12.357122213   10.151514666
       1      61   13.541740673   51.341396158
       1      62   13.541740700   51.340638411
       1      63   13.877064995   74.386568386
       1      64   13.877065355   74.391738995
       1      65   14.840728065  144.435486491
       1      66   14.840728212  144.434667178
       1      67   15.590638781  108.545673273
       1      68   15.590638861  108.551932363
       1      69   16.288988481   24.843898636
       1      70   16.288988792   24.843887490
       1      71   17.050898705   31.656612683
       1      72   17.050899102   31.665755672
       1      73   17.207929902  108.305853401
       1      74   17.207929914  108.308261250
       1      75   17.657339592  248.616105778
       1      76   17.657339675  248.612742920
       1      77   19.467537160   72.245280154
       1      78   19.467537168   72.256693049
       1      79   19.553065317   31.603279844
       1      80   19.553065495   31.606233244
  0.000000000  0.666666667  0.000000000      80
       1       1  -65.392796913  -75.036829267
       1       2  -65.392796912  -75.055575001
       1       3  -42.080404841  -49.675618571
       1       4  -42.080404794  -49.614351933
       1       5  -39.576631612  -47.461929699
       1       6  -39.576631603  -47.476219975
       1       7  -39.426545466  -45.412860681
       1       8  -39.426545413  -45.286398319
       1       9  -18.084492576  -15.143517032
       1      10  -18.084492572  -15.158619969
       1      11  -17.638782496  -15.165846652
       1      12  -17.638782494  -15.165166495
       1      13  -10.524665088  -10.887576242
       1      14  -10.524665030  -10.888755785
       1      15   -9.566582491  -13.600679141
       1      16   -9.566582430  -13.610371892
       1      17   -9.176329601   -7.496648135
       1      18   -9.176329539   -7.494112742
       1      19   -8.120290072   -8.887559840
       1      20   -8.120289943   -8.889415185
       1      21   -7.044057673   -4.950369455
       1      22   -7.044057659   -4.948578970
       1      23   -6.595082040   -6.745381037
       1      24   -6.595079210   -6.748685732
       1      25   -6.289899548   -5.319030926
       1      26   -6.289896403   -5.323996621
       1      27   -3.056465365   -2.448173620
       1      28   -3.056463335   -2.416141547
       1      29   -2.954588545   -3.848240939
       1      30   -2.954586166   -3.826945106
       1      31   -1.863615496   -3.698877001
       1      32   -1.863614672   -3.692378229
       1      33   -1.263891981    1.975687416
       1      34   -1.263891107    1.983582734
       1      35    2.649880530    0.227272003
       1      36    2.649880793    0.224108858
       1      37    2.893228373    4.915402498
       1      38    2.893228431    4.915529260
       1      39    3.304597098    5.434659372
       1      40    3.304597753    5.434943663
       1      41    5.155270825   12.429181401
       1      42    5.155270870   12.400925026
       1      43    5.593535301    7.577145154
       1      44    5.593535947    7.632739476
       1      45    7.168539283    5.058784171
       1      46    7.168539577    5.038697402
       1      47    7.616673919   18.400747992
       1      48    7.616673920   18.403474706
       1      49    7.719675669    8.758349872
       1      50    7.719675819    8.729771323
       1      51    9.143822513    5.753751231
       1      52    9.143822543    5.746045533
       1      53    9.711198062   45.188816049
       1      54    9.711198665   45.192672281
       1      55   10.065539547    9.193389692
       1      56   10.065540148    9.197767905
       1      57   10.144712117   20.353369388
       1      58   10.144712331   20.352713406
       1      59   12.357122177   10.080318717
       1      60   12.357122213   10.151514666
       1      61   13.541740673   51.341396158
       1      62   13.541740700   51.340638411
       1      63   13.877064995   74.386568386
       1      64   13.877065355   74.391738995
       1      65   14.840728065  144.435486491
       1      66   14.840728212  144.434667178
       1      67   15.590638781  108.545673273
       1      68   15.590638861  108.551932363
       1      69   16.288988481   24.843898636
       1      70   16.288988792   24.843887490
       1      71   17.050898705   31.656612683
       1      72   17.050899102   31.665755672
       1      73   17.207929902  108.305853401
       1      74   17.207929914  108.308261250
       1      75   17.657339592  248.616105778
       1      76   17.657339675  248.612742920
       1      77   19.467537160   72.245280154
       1      78   19.467537168   72.256693049
       1      79   19.553065317   31.603279844
       1      80   19.553065495   31.606233244
  0.333333333  0.000000000  0.000000000      80
       1       1  -65.392796983  -72.994223711
       1       2  -65.392796983  -72.860494948
       1       3  -42.080404596  -49.054572009
       1       4  -42.080404589  -48.977335790
       1       5  -39.576631932  -45.062639968
       1       6  -39.576631931  -44.998068719
       1       7  -39.426544335  -47.175187004
       1       8  -39.426544331  -47.187673075
       1       9  -18.084495007  -18.431962614
       1      10  -18.084494948  -18.438206514
       1      11  -17.638784728  -17.938609602
       1      12  -17.638784721  -17.938794058
       1      13  -10.524665333  -11.099355007
       1      14  -10.524665232  -11.098483175
       1      15   -9.566583225  -10.599415380
       1      16   -9.566583154  -10.599158553
       1      17   -9.176333920   -7.044218541
       1      18   -9.176333893   -7.044992162
       1      19   -8.120281964   -9.945624214
       1      20   -8.120281837   -9.947852750
       1      21   -7.044059266   -6.470490785
       1      22   -7.044059262   -6.473821394
       1      23   -6.595074235   -9.228780914
       1      24   -6.595072540   -9.235772627
       1      25   -6.289901186   -5.190400919
       1      26   -6.289899309   -5.205078871
       1      27   -3.056461982   -0.944863828
       1      28   -3.056460757   -0.975644554
       1      29   -2.954588662   -1.803941903
       1      30   -2.954587154   -1.836732419
       1      31   -1.863614531   -3.725383592
       1      32   -1.863613983   -3.723053702
       1      33   -1.263888686    1.185892976
       1      34   -1.263888114    1.191900372
       1      35    2.649880922    0.888301622
       1      36    2.649881143    0.898564745
       1      37    2.893230721    3.662420411
       1      38    2.893230795    3.660230751
       1      39    3.304595390    2.893125293
       1      40    3.304596067    2.881748257
       1      41    5.155270574   16.510217217
       1      42    5.155270609   16.715463164
       1      43    5.593532511   10.619838485
       1      44    5.593533119   10.640566344
       1      45    7.168549565    5.206708630
       1      46    7.168549754    5.198589277
       1      47    7.616668466   15.059415748
       1      48    7.616668468   15.064347853
       1      49    7.719667219    7.273733868
       1      50    7.719667659    7.255570917
       1      51    9.143829947   10.779625290
       1      52    9.143829950   10.781964881
       1      53    9.711196285   41.268986717
       1      54    9.711196334   41.273948264
       1      55   10.065542423   11.726485183
       1      56   10.065542639   11.733999692
       1      57   10.144708891   19.776719078
       1      58   10.144709007   19.776294644
       1      59   12.357126101   17.981307690
       1      60   12.357126114   17.986560354
       1      61   13.541739950   49.669120966
       1      62   13.541739979   49.665239143
       1      63   13.877062279   75.125613349
       1      64   13.877062615   75.129675922
       1      65   14.840723485  144.228445344
       1      66   14.840723576  144.229994384
       1      67   15.590634417  105.417601051
       1      68   15.590634478  105.416083741
       1      69   16.289001720   25.570682136
       1      70   16.289002011   25.582651410
       1      71   17.050896384   37.532601289
       1      72   17.050896658   37.539987876
       1      73   17.207927079  104.141453600
       1      74   17.207927089  104.140680450
       1      75   17.657339927  244.813136044
       1      76   17.657339998  244.812212920
       1      77   19.467530494   69.571804440
       1      78   19.467530693   69.564867365
       1      79   19.553051706   44.386473686
       1      80   19.553051813   44.385168194
  0.333333333  0.333333333  0.000000000      80
       1       1  -65.289460601  -75.876497393
       1       2  -65.289456426  -76.066325733
       1       3  -42.122162992  -48.580585443
       1       4  -42.099978807  -50.067848488
       1       5  -39.582216180  -46.335160828
       1       6  -39.538366792  -44.659805413
       1       7  -39.534505656  -48.743272379
       1       8  -39.522504588  -45.573262443
       1       9  -17.273676742  -14.551268195
       1      10  -17.230830142  -14.371681099
       1      11  -17.227364330  -14.401413760
       1      12  -17.210674242  -14.088385697
       1      13  -10.760538931  -15.974483154
       1      14  -10.751426329  -16.093309953
       1      15   -9.925139351  -11.081147962
       1      16   -9.889645786  -11.103482642
       1      17   -9.441757245  -10.781087761
       1      18   -9.382373632  -10.496208887
       1      19   -8.864992760   -8.315042159
       1      20   -8.839966629   -8.429849349
       1      21   -8.314098988   -9.350821942
       1      22   -8.264529403   -9.369810115
       1      23   -7.587981686   -8.497824660
       1      24   -7.566418002   -8.381628276
       1      25   -5.326194268   -4.635603050
       1      26   -5.193614852   -4.634795276
       1      27   -3.493546125   -4.303467517
       1      28   -3.489961036   -4.275941055
       1      29   -2.349114069    4.900076526
       1      30   -2.318860973    4.938485892
       1      31   -1.737564344    2.692241515
       1      32   -1.607455336    2.513834980
       1      33   -0.396867046    1.375679324
       1      34   -0.320176305    1.391969695
       1      35    2.059712032    0.855883458
       1      36    2.197665084    0.838142164
       1      37    2.544440807   -0.150661172
       1      38    2.547607106   -0.145202423
       1      39    4.779962663    3.796188526
       1      40    4.790013249    3.856669981
       1      41    5.792460325   -0.403497899
       1      42    5.847473279   -0.379131858
       1      43    6.356890398   10.281085612
       1      44    6.375933179   10.240383195
       1      45    7.147367869   14.577237925
       1      46    7.164536909   14.875518122
       1      47    7.271747365   10.613549753
       1      48    7.332087865   10.692377001
       1      49    7.688871028   13.197759634
       1      50    7.718729461   13.199075425
       1      51    7.723232773   10.849203482
       1      52    7.742219393   10.850875677
       1      53    9.005468350    5.898229490
       1      54    9.005475434    5.872082615
       1      55   10.575348098   29.239964639
       1      56   10.637023585   29.066472690
       1      57   11.728255675   56.745196604
       1      58   11.732588764   56.905489052
       1      59   12.950803429   33.565378763
       1      60   12.953290971   31.973001192
       1      61   13.273328535   51.066321854
       1      62   13.344625538   88.452806666
       1      63   13.372805507   69.041722569
       1      64   13.502358089   29.926921358
       1      65   14.091707030   38.455067137
       1      66   14.097491780   38.589319416
       1      67   14.882461472   85.211644820
       1      68   14.897876533   85.400548418
       1      69   15.456545234   74.797568695
       1      70   15.475576650   75.239191260
       1      71   17.724107883  129.462137644
       1      72   17.738870985  129.563358560
       1      73   19.265160623   31.571428268
       1      74   19.265335957   31.481307300
       1      75   20.119737855   53.637170381
       1      76   20.145669458   58.828578730
       1      77   20.189679030   27.069532459
       1      78   20.193329407   24.942757955
       1      79   20.210404070  129.887109767
       1      80   20.217786993  132.063418022
  0.333333333  0.666666667  0.000000000      80
       1       1  -65.392796896  -75.712028696
       1       2  -65.392796896  -75.757599244
       1       3  -42.080404936  -48.936194142
       1       4  -42.080404895  -49.035061775
       1       5  -39.576631042  -45.084313976
       1       6  -39.576631034  -45.141710559
       1       7  -39.426546492  -46.838921839
       1       8  -39.426546444  -46.988165077
       1       9  -18.084493192  -15.897343454
       1      10  -18.084493137  -15.874099901
       1      11  -17.638776586  -14.848679509
       1      12  -17.638776582  -14.869395735
       1      13  -10.524664909  -10.261487958
       1      14  -10.524664867  -10.263081336
       1      15   -9.566581500  -11.120104305
       1      16   -9.566581490  -11.115838057
       1      17   -9.176332243   -7.479404433
       1      18   -9.176332207   -7.481057471
       1      19   -8.120308006   -9.049099483
       1      20   -8.120308005   -9.052482504
       1      21   -7.044052392   -5.481012199
       1      22   -7.044052374   -5.482075919
       1      23   -6.595086633   -8.607522217
       1      24   -6.595085499   -8.610450115
       1      25   -6.289884401   -6.886903971
       1      26   -6.289883132   -6.883889013
       1      27   -3.056468159   -4.100262858
       1      28   -3.056467354   -4.070282434
       1      29   -2.954590298   -0.592764637
       1      30   -2.954589427   -0.542354500
       1      31   -1.863629923   -1.069260331
       1      32   -1.863629647   -1.065745941
       1      33   -1.263885362   -1.348247676
       1      34   -1.263885060   -1.350227627
       1      35    2.649881946   -1.967933823
       1      36    2.649881988   -1.952435179
       1      37    2.893229378    1.615008078
       1      38    2.893229393    1.609277878
       1      39    3.304593665    3.498071958
       1      40    3.304593688    3.499473427
       1      41    5.155265941   11.575910899
       1      42    5.155265951   11.563752457
       1      43    5.593546515    4.756550583
       1      44    5.593546554    4.740530757
       1      45    7.168536139    7.339506170
       1      46    7.168536244    7.350766485
       1      47    7.616676008   16.970561605
       1      48    7.616676009   16.971985947
       1      49    7.719675959   11.830203998
       1      50    7.719676249   11.836389566
       1      51    9.143820450    9.781167685
       1      52    9.143820483    9.780385543
       1      53    9.711211514   42.230166701
       1      54    9.711212067   42.218795648
       1      55   10.065533630   14.450771920
       1      56   10.065534016   14.442079104
       1      57   10.144726147   22.337467376
       1      58   10.144726245   22.335002178
       1      59   12.357127028   11.047227840
       1      60   12.357127051   11.035679968
       1      61   13.541744240   49.131086799
       1      62   13.541744241   49.133448697
       1      63   13.877057540   74.585736808
       1      64   13.877057564   74.584635866
       1      65   14.840740540  144.871361653
       1      66   14.840740595  144.883848201
       1      67   15.590642183  104.598009222
       1      68   15.590642202  104.597253570
       1      69   16.288971278   27.685378888
       1      70   16.288971298   27.678494278
       1      71   17.050887188   38.832037870
       1      72   17.050887312   38.838923585
       1      73   17.207930604  104.181696167
       1      74   17.207930606  104.185404105
       1      75   17.657339358  245.717028445
       1      76   17.657339370  245.711761270
       1      77   19.467550727   77.767206501
       1      78   19.467550917   77.779658185
       1      79   19.553071197   40.706835234
       1      80   19.553071268   40.704952836
  0.666666667 -0.000000000  0.000000000      80
       1       1  -65.392796983  -72.994223711
       1       2  -65.392796983  -72.860494948
       1       3  -42.080404596  -49.054572009
       1       4  -42.080404589  -48.977335790
       1       5  -39.576631932  -45.062639968
       1       6  -39.576631931  -44.998068719
       1       7  -39.426544335  -47.175187004
       1       8  -39.426544331  -47.187673075
       1       9  -18.084495007  -18.431962614
       1      10  -18.084494948  -18.438206514
       1      11  -17.638784728  -17.938609602
       1      12  -17.638784721  -17.938794058
       1      13  -10.524665333  -11.099355007
       1      14  -10.524665232  -11.098483175
       1      15   -9.566583225  -10.599415380
       1      16   -9.566583154  -10.599158553
       1      17   -9.176333920   -7.044218541
       1      18   -9.176333893   -7.044992162
       1      19   -8.120281964   -9.945624214
       1      20   -8.120281837   -9.947852750
       1      21   -7.044059266   -6.470490785
       1      22   -7.044059262   -6.473821394
       1      23   -6.595074235   -9.228780914
       1      24   -6.595072540   -9.235772627
       1      25   -6.289901186   -5.190400919
       1      26   -6.289899309   -5.205078871
       1      27   -3.056461982   -0.944863828
       1      28   -3.056460757   -0.975644554
       1      29   -2.954588662   -1.803941903
       1      30   -2.954587154   -1.836732419
       1      31   -1.863614531   -3.725383592
       1      32   -1.863613983   -3.723053702
       1      33   -1.263888686    1.185892976
       1      34   -1.263888114    1.191900372
       1      35    2.649880922    0.888301622
       1      36    2.649881143    0.898564745
       1      37    2.893230721    3.662420411
       1      38    2.893230795    3.660230751
       1      39    3.304595390    2.893125293
       1      40    3.304596067    2.881748257
       1      41    5.155270574   16.510217217
       1      42    5.155270609   16.715463164
       1      43    5.593532511   10.619838485
       1      44    5.593533119   10.640566344
       1      45    7.168549565    5.206708630
       1      46    7.168549754    5.198589277
       1      47    7.616668466   15.059415748
       1      48    7.616668468   15.064347853
       1      49    7.719667219    7.273733868
       1      50    7.719667659    7.255570917
       1      51    9.143829947   10.779625290
       1      52    9.143829950   10.781964881
       1      53    9.711196285   41.268986717
       1      54    9.711196334   41.273948264
       1      55   10.065542423   11.726485183
       1      56   10.065542639   11.733999692
       1      57   10.144708891   19.776719078
       1      58   10.144709007   19.776294644
       1      59   12.357126101   17.981307690
       1      60   12.357126114   17.986560354
       1      61   13.541739950   49.669120966
       1      62   13.541739979   49.665239143
       1      63   13.877062279   75.125613349
       1      64   13.877062615   75.129675922
       1      65   14.840723485  144.228445344
       1      66   14.840723576  144.229994384
       1      67   15.590634417  105.417601051
       1      68   15.590634478  105.416083741
       1      69   16.289001720   25.570682136
       1      70   16.289002011   25.582651410
       1      71   17.050896384   37.532601289
       1      72   17.050896658   37.539987876
       1      73   17.207927079  104.141453600
       1      74   17.207927089  104.140680450
       1      75   17.657339927  244.813136044
       1      76   17.657339998  244.812212920
       1      77   19.467530494   69.571804440
       1      78   19.467530693   69.564867365
       1      79   19.553051706   44.386473686
       1      80   19.553051813   44.385168194
  0.666666667  0.333333333  0.000000000      80
       1       1  -65.392796896  -75.712028696
       1       2  -65.392796896  -75.757599244
       1       3  -42.080404936  -48.936194142
       1       4  -42.080404895  -49.035061775
       1       5  -39.576631042  -45.084313976
       1       6  -39.576631034  -45.141710559
       1       7  -39.426546492  -46.838921839
       1       8  -39.426546444  -46.988165077
       1       9  -18.084493192  -15.897343454
       1      10  -18.084493137  -15.874099901
       1      11  -17.638776586  -14.848679509
       1      12  -17.638776582  -14.869395735
       1      13  -10.524664909  -10.261487958
       1      14  -10.524664867  -10.263081336
       1      15   -9.566581500  -11.120104305
       1      16   -9.566581490  -11.115838057
       1      17   -9.176332243   -7.479404433
       1      18   -9.176332207   -7.481057471
       1      19   -8.120308006   -9.049099483
       1      20   -8.120308005   -9.052482504
       1      21   -7.044052392   -5.481012199
       1      22   -7.044052374   -5.482075919
       1      23   -6.595086633   -8.607522217
       1      24   -6.595085499   -8.610450115
       1      25   -6.289884401   -6.886903971
       1      26   -6.289883132   -6.883889013
       1      27   -3.056468159   -4.100262858
       1      28   -3.056467354   -4.070282434
       1      29   -2.954590298   -0.592764637
       1      30   -2.954589427   -0.542354500
       1      31   -1.863629923   -1.069260331
       1      32   -1.863629647   -1.065745941
       1      33   -1.263885362   -1.348247676
       1      34   -1.263885060   -1.350227627
       1      35    2.649881946   -1.967933823
       1      36    2.649881988   -1.952435179
       1      37    2.893229378    1.615008078
       1      38    2.893229393    1.609277878
       1      39    3.304593665    3.498071958
       1      40    3.304593688    3.499473427
       1      41    5.155265941   11.575910899
       1      42    5.155265951   11.563752457
       1      43    5.593546515    4.756550583
       1      44    5.593546554    4.740530757
       1      45    7.168536139    7.339506170
       1      46    7.168536244    7.350766485
       1      47    7.616676008   16.970561605
       1      48    7.616676009   16.971985947
       1      49    7.719675959   11.830203998
       1      50    7.719676249   11.836389566
       1      51    9.143820450    9.781167685
       1      52    9.143820483    9.780385543
       1      53    9.711211514   42.230166701
       1      54    9.711212067   42.218795648
       1      55   10.065533630   14.450771920
       1      56   10.065534016   14.442079104
       1      57   10.144726147   22.337467376
       1      58   10.144726245   22.335002178
       1      59   12.357127028   11.047227840
       1      60   12.357127051   11.035679968
       1      61   13.541744240   49.131086799
       1      62   13.541744241   49.133448697
       1      63   13.877057540   74.585736808
       1      64   13.877057564   74.584635866
       1      65   14.840740540  144.871361653
       1      66   14.840740595  144.883848201
       1      67   15.590642183  104.598009222
       1      68   15.590642202  104.597253570
       1      69   16.288971278   27.685378888
       1      70   16.288971298   27.678494278
       1      71   17.050887188   38.832037870
       1      72   17.050887312   38.838923585
       1      73   17.207930604  104.181696167
       1      74   17.207930606  104.185404105
       1      75   17.657339358  245.717028445
       1      76   17.657339370  245.711761270
       1      77   19.467550727   77.767206501
       1      78   19.467550917   77.779658185
       1      79   19.553071197   40.706835234
       1      80   19.553071268   40.704952836
  0.666666667  0.666666667  0.000000000      80
       1       1  -65.289460601  -75.876497393
       1       2  -65.289456426  -76.066325733
       1       3  -42.122162992  -48.580585443
       1       4  -42.099978807  -50.067848488
       1       5  -39.582216180  -46.335160828
       1       6  -39.538366792  -44.659805413
       1       7  -39.534505656  -48.743272379
       1       8  -39.522504588  -45.573262443
       1       9  -17.273676742  -14.551268195
       1      10  -17.230830142  -14.371681099
       1      11  -17.227364330  -14.401413760
       1      12  -17.210674242  -14.088385697
       1      13  -10.760538931  -15.974483154
       1      14  -10.751426329  -16.093309953
       1      15   -9.925139351  -11.081147962
       1      16   -9.889645786  -11.103482642
       1      17   -9.441757245  -10.781087761
       1      18   -9.382373632  -10.496208887
       1      19   -8.864992760   -8.315042159
       1      20   -8.839966629   -8.429849349
       1      21   -8.314098988   -9.350821942
       1      22   -8.264529403   -9.369810115
       1      23   -7.587981686   -8.497824660
       1      24   -7.566418002   -8.381628276
       1      25   -5.326194268   -4.635603050
       1      26   -5.193614852   -4.634795276
       1      27   -3.493546125   -4.303467517
       1      28   -3.489961036   -4.275941055
       1      29   -2.349114069    4.900076526
       1      30   -2.318860973    4.938485892
       1      31   -1.737564344    2.692241515
       1      32   -1.607455336    2.513834980
       1      33   -0.396867046    1.375679324
       1      34   -0.320176305    1.391969695
       1      35    2.059712032    0.855883458
       1      36    2.197665084    0.838142164
       1      37    2.544440807   -0.150661172
       1      38    2.547607106   -0.145202423
       1      39    4.779962663    3.796188526
       1      40    4.790013249    3.856669981
       1      41    5.792460325   -0.403497899
       1      42    5.847473279   -0.379131858
       1      43    6.356890398   10.281085612
       1      44    6.375933179   10.240383195
       1      45    7.147367869   14.577237925
       1      46    7.164536909   14.875518122
       1      47    7.271747365   10.613549753
       1      48    7.332087865   10.692377001
       1      49    7.688871028   13.197759634
       1      50    7.718729461   13.199075425
       1      51    7.723232773   10.849203482
       1      52    7.742219393   10.850875677
       1      53    9.005468350    5.898229490
       1      54    9.005475434    5.872082615
       1      55   10.575348098   29.239964639
       1      56   10.637023585   29.066472690
       1      57   11.728255675   56.745196604
       1      58   11.732588764   56.905489052
       1      59   12.950803429   33.565378763
       1      60   12.953290971   31.973001192
       1      61   13.273328535   51.066321854
       1      62   13.344625538   88.452806666
       1      63   13.372805507   69.041722569
       1      64   13.502358089   29.926921358
       1      65   14.091707030   38.455067137
       1      66   14.097491780   38.589319416
       1      67   14.882461472   85.211644820
       1      68   14.897876533   85.400548418
       1      69   15.456545234   74.797568695
       1      70   15.475576650   75.239191260
       1      71   17.724107883  129.462137644
       1      72   17.738870985  129.563358560
       1      73   19.265160623   31.571428268
       1      74   19.265335957   31.481307300
       1      75   20.119737855   53.637170381
       1      76   20.145669458   58.828578730
       1      77   20.189679030   27.069532459
       1      78   20.193329407   24.942757955
       1      79   20.210404070  129.887109767
       1      80   20.217786993  132.063418022
