# q=  0.25000000E-03  0.00000000E+00  0.00000000E+00  (qpt 1)
#ncbands         Re chi(0,0)              extrap   Re chi(Gmax,Gmax)              extrap
       1     -0.25437594E-07     -0.64975261E-07     -0.12368581E-06     -0.10321529E-04
       2     -0.50875187E-07     -0.64975261E-07     -0.24737162E-06     -0.10321529E-04
       3     -0.54359269E-07     -0.64975261E-07     -0.32692213E-06     -0.10321529E-04
       4     -0.57843351E-07     -0.64975261E-07     -0.40647264E-06     -0.10321529E-04
       5     -0.60149260E-07     -0.64975261E-07     -0.48066581E-06     -0.10321529E-04
       6     -0.62455168E-07     -0.64975261E-07     -0.55485897E-06     -0.10321529E-04
       7     -0.63364647E-07     -0.64975261E-07     -0.66924805E-06     -0.10321529E-04
       8     -0.64274125E-07     -0.64975261E-07     -0.78363712E-06     -0.10321529E-04
       9     -0.64461997E-07     -0.64975261E-07     -0.92246409E-06     -0.10321529E-04
      10     -0.64649869E-07     -0.64975261E-07     -0.10613093E-05     -0.10321529E-04
      11     -0.64761313E-07     -0.64975261E-07     -0.12046410E-05     -0.10321529E-04
      12     -0.64872757E-07     -0.64975261E-07     -0.13479616E-05     -0.10321529E-04
      13     -0.64886271E-07     -0.64975261E-07     -0.14760848E-05     -0.10321529E-04
      14     -0.64899786E-07     -0.64975261E-07     -0.16042080E-05     -0.10321529E-04
      15     -0.64912994E-07     -0.64975261E-07     -0.17097994E-05     -0.10321529E-04
      16     -0.64926203E-07     -0.64975261E-07     -0.18153909E-05     -0.10321529E-04
      17     -0.64929888E-07     -0.64975261E-07     -0.18840860E-05     -0.10321529E-04
      18     -0.64933573E-07     -0.64975261E-07     -0.19527812E-05     -0.10321529E-04
      19     -0.64936180E-07     -0.64975261E-07     -0.20235714E-05     -0.10321529E-04
      20     -0.64938787E-07     -0.64975261E-07     -0.20943615E-05     -0.10321529E-04
      21     -0.64941020E-07     -0.64975261E-07     -0.21931884E-05     -0.10321529E-04
      22     -0.64943253E-07     -0.64975261E-07     -0.22920152E-05     -0.10321529E-04
      23     -0.64944613E-07     -0.64975261E-07     -0.23637170E-05     -0.10321529E-04
      24     -0.64945973E-07     -0.64975261E-07     -0.24354187E-05     -0.10321529E-04
      25     -0.64947665E-07     -0.64975261E-07     -0.25701577E-05     -0.10321529E-04
      26     -0.64949357E-07     -0.64975261E-07     -0.27048966E-05     -0.10321529E-04
      27     -0.64950212E-07     -0.64975261E-07     -0.28091106E-05     -0.10321529E-04
      28     -0.64951067E-07     -0.64975261E-07     -0.29133246E-05     -0.10321529E-04
      29     -0.64951615E-07     -0.64975261E-07     -0.30155106E-05     -0.10321529E-04
      30     -0.64952163E-07     -0.64975261E-07     -0.31176967E-05     -0.10321529E-04
      31     -0.64952660E-07     -0.64975261E-07     -0.31795303E-05     -0.10321529E-04
      32     -0.64953157E-07     -0.64975261E-07     -0.32413639E-05     -0.10321529E-04
      33     -0.64953573E-07     -0.64975261E-07     -0.33057973E-05     -0.10321529E-04
      34     -0.64953989E-07     -0.64975261E-07     -0.33702307E-05     -0.10321529E-04
      35     -0.64954419E-07     -0.64975261E-07     -0.34269050E-05     -0.10321529E-04
      36     -0.64954850E-07     -0.64975261E-07     -0.34835794E-05     -0.10321529E-04
      37     -0.64955504E-07     -0.64975261E-07     -0.35661556E-05     -0.10321529E-04
      38     -0.64956158E-07     -0.64975261E-07     -0.36487319E-05     -0.10321529E-04
      39     -0.64956504E-07     -0.64975261E-07     -0.37402794E-05     -0.10321529E-04
      40     -0.64956849E-07     -0.64975261E-07     -0.38318269E-05     -0.10321529E-04
      41     -0.64957462E-07     -0.64975261E-07     -0.38988074E-05     -0.10321529E-04
      42     -0.64958098E-07     -0.64975261E-07     -0.39656691E-05     -0.10321529E-04
      43     -0.64958459E-07     -0.64975261E-07     -0.40168955E-05     -0.10321529E-04
      44     -0.64958827E-07     -0.64975261E-07     -0.40681114E-05     -0.10321529E-04
      45     -0.64959284E-07     -0.64975261E-07     -0.41923180E-05     -0.10321529E-04
      46     -0.64959740E-07     -0.64975261E-07     -0.43165246E-05     -0.10321529E-04
      47     -0.64960176E-07     -0.64975261E-07     -0.43830486E-05     -0.10321529E-04
      48     -0.64960612E-07     -0.64975261E-07     -0.44495726E-05     -0.10321529E-04
      49     -0.64960829E-07     -0.64975261E-07     -0.45568942E-05     -0.10321529E-04
      50     -0.64961047E-07     -0.64975261E-07     -0.46642158E-05     -0.10321529E-04
      51     -0.64961337E-07     -0.64975261E-07     -0.48091360E-05     -0.10321529E-04
      52     -0.64961626E-07     -0.64975261E-07     -0.49540563E-05     -0.10321529E-04
 
# q=  0.00000000E+00  0.00000000E+00  0.25000000E+00  (qpt 2)
#ncbands         Re chi(0,0)              extrap   Re chi(Gmax,Gmax)              extrap
       1     -0.31473395E-02     -0.15640440E-01     -0.10251628E-06     -0.94012472E-05
       2     -0.62946790E-02     -0.15640440E-01     -0.20503257E-06     -0.94012472E-05
       3     -0.80181213E-02     -0.15640440E-01     -0.26505600E-06     -0.94012472E-05
       4     -0.97415636E-02     -0.15640440E-01     -0.32507943E-06     -0.94012472E-05
       5     -0.11153808E-01     -0.15640440E-01     -0.38318783E-06     -0.94012472E-05
       6     -0.12566053E-01     -0.15640440E-01     -0.44129623E-06     -0.94012472E-05
       7     -0.13444119E-01     -0.15640440E-01     -0.50962304E-06     -0.94012472E-05
       8     -0.14322185E-01     -0.15640440E-01     -0.57794986E-06     -0.94012472E-05
       9     -0.14685619E-01     -0.15640440E-01     -0.65659803E-06     -0.94012472E-05
      10     -0.15049053E-01     -0.15640440E-01     -0.73525006E-06     -0.94012472E-05
      11     -0.15215961E-01     -0.15640440E-01     -0.82619374E-06     -0.94012472E-05
      12     -0.15382868E-01     -0.15640440E-01     -0.91713510E-06     -0.94012472E-05
      13     -0.15432488E-01     -0.15640440E-01     -0.99419414E-06     -0.94012472E-05
      14     -0.15482108E-01     -0.15640440E-01     -0.10712532E-05     -0.94012472E-05
      15     -0.15512748E-01     -0.15640440E-01     -0.11536000E-05     -0.94012472E-05
      16     -0.15543388E-01     -0.15640440E-01     -0.12359468E-05     -0.94012472E-05
      17     -0.15563048E-01     -0.15640440E-01     -0.12819099E-05     -0.94012472E-05
      18     -0.15582707E-01     -0.15640440E-01     -0.13278729E-05     -0.94012472E-05
      19     -0.15587955E-01     -0.15640440E-01     -0.13789854E-05     -0.94012472E-05
      20     -0.15593203E-01     -0.15640440E-01     -0.14300979E-05     -0.94012472E-05
      21     -0.15596292E-01     -0.15640440E-01     -0.15195606E-05     -0.94012472E-05
      22     -0.15599381E-01     -0.15640440E-01     -0.16090233E-05     -0.94012472E-05
      23     -0.15601679E-01     -0.15640440E-01     -0.16774282E-05     -0.94012472E-05
      24     -0.15603976E-01     -0.15640440E-01     -0.17458330E-05     -0.94012472E-05
      25     -0.15606352E-01     -0.15640440E-01     -0.18435032E-05     -0.94012472E-05
      26     -0.15608728E-01     -0.15640440E-01     -0.19411735E-05     -0.94012472E-05
      27     -0.15610407E-01     -0.15640440E-01     -0.20428095E-05     -0.94012472E-05
      28     -0.15612086E-01     -0.15640440E-01     -0.21444454E-05     -0.94012472E-05
      29     -0.15613257E-01     -0.15640440E-01     -0.22436839E-05     -0.94012472E-05
      30     -0.15614429E-01     -0.15640440E-01     -0.23429227E-05     -0.94012472E-05
      31     -0.15615275E-01     -0.15640440E-01     -0.24311631E-05     -0.94012472E-05
      32     -0.15616121E-01     -0.15640440E-01     -0.25194037E-05     -0.94012472E-05
      33     -0.15616614E-01     -0.15640440E-01     -0.26109219E-05     -0.94012472E-05
      34     -0.15617108E-01     -0.15640440E-01     -0.27024402E-05     -0.94012472E-05
      35     -0.15617697E-01     -0.15640440E-01     -0.27706977E-05     -0.94012472E-05
      36     -0.15618287E-01     -0.15640440E-01     -0.28389553E-05     -0.94012472E-05
      37     -0.15618959E-01     -0.15640440E-01     -0.29324001E-05     -0.94012472E-05
      38     -0.15619631E-01     -0.15640440E-01     -0.30258448E-05     -0.94012472E-05
      39     -0.15620152E-01     -0.15640440E-01     -0.30893096E-05     -0.94012472E-05
      40     -0.15620672E-01     -0.15640440E-01     -0.31527743E-05     -0.94012472E-05
      41     -0.15621346E-01     -0.15640440E-01     -0.32141406E-05     -0.94012472E-05
      42     -0.15622007E-01     -0.15640440E-01     -0.32754507E-05     -0.94012472E-05
      43     -0.15622431E-01     -0.15640440E-01     -0.33356924E-05     -0.94012472E-05
      44     -0.15622854E-01     -0.15640440E-01     -0.33959290E-05     -0.94012472E-05
      45     -0.15623356E-01     -0.15640440E-01     -0.34880055E-05     -0.94012472E-05
      46     -0.15623858E-01     -0.15640440E-01     -0.35800820E-05     -0.94012472E-05
      47     -0.15624311E-01     -0.15640440E-01     -0.36716635E-05     -0.94012472E-05
      48     -0.15624765E-01     -0.15640440E-01     -0.37632450E-05     -0.94012472E-05
      49     -0.15624994E-01     -0.15640440E-01     -0.38534594E-05     -0.94012472E-05
      50     -0.15625224E-01     -0.15640440E-01     -0.39436737E-05     -0.94012472E-05
      51     -0.15625543E-01     -0.15640440E-01     -0.40831294E-05     -0.94012472E-05
      52     -0.15625862E-01     -0.15640440E-01     -0.42225850E-05     -0.94012472E-05
 
# q=  0.00000000E+00  0.00000000E+00  0.50000000E+00  (qpt 3)
#ncbands         Re chi(0,0)              extrap   Re chi(Gmax,Gmax)              extrap
       1     -0.29834741E-02     -0.27023681E-01     -0.10691933E-06     -0.11092151E-04
       2     -0.59669481E-02     -0.27023681E-01     -0.21383866E-06     -0.11092151E-04
       3     -0.86913149E-02     -0.27023681E-01     -0.28711841E-06     -0.11092151E-04
       4     -0.11415682E-01     -0.27023681E-01     -0.36039816E-06     -0.11092151E-04
       5     -0.13635418E-01     -0.27023681E-01     -0.43484032E-06     -0.11092151E-04
       6     -0.15855155E-01     -0.27023681E-01     -0.50928248E-06     -0.11092151E-04
       7     -0.17641681E-01     -0.27023681E-01     -0.59028362E-06     -0.11092151E-04
       8     -0.19428207E-01     -0.27023681E-01     -0.67128476E-06     -0.11092151E-04
       9     -0.20594122E-01     -0.27023681E-01     -0.75212385E-06     -0.11092151E-04
      10     -0.21760036E-01     -0.27023681E-01     -0.83296843E-06     -0.11092151E-04
      11     -0.22865762E-01     -0.27023681E-01     -0.92652015E-06     -0.11092151E-04
      12     -0.23971487E-01     -0.27023681E-01     -0.10200685E-05     -0.11092151E-04
      13     -0.24381432E-01     -0.27023681E-01     -0.10956643E-05     -0.11092151E-04
      14     -0.24791377E-01     -0.27023681E-01     -0.11712602E-05     -0.11092151E-04
      15     -0.25209183E-01     -0.27023681E-01     -0.12493711E-05     -0.11092151E-04
      16     -0.25626989E-01     -0.27023681E-01     -0.13274819E-05     -0.11092151E-04
      17     -0.25897120E-01     -0.27023681E-01     -0.13798568E-05     -0.11092151E-04
      18     -0.26167250E-01     -0.27023681E-01     -0.14322317E-05     -0.11092151E-04
      19     -0.26329455E-01     -0.27023681E-01     -0.14915032E-05     -0.11092151E-04
      20     -0.26491660E-01     -0.27023681E-01     -0.15507747E-05     -0.11092151E-04
      21     -0.26539262E-01     -0.27023681E-01     -0.16421587E-05     -0.11092151E-04
      22     -0.26586865E-01     -0.27023681E-01     -0.17335427E-05     -0.11092151E-04
      23     -0.26624370E-01     -0.27023681E-01     -0.18201265E-05     -0.11092151E-04
      24     -0.26661874E-01     -0.27023681E-01     -0.19067103E-05     -0.11092151E-04
      25     -0.26696980E-01     -0.27023681E-01     -0.20085869E-05     -0.11092151E-04
      26     -0.26732085E-01     -0.27023681E-01     -0.21104634E-05     -0.11092151E-04
      27     -0.26752803E-01     -0.27023681E-01     -0.22205478E-05     -0.11092151E-04
      28     -0.26773521E-01     -0.27023681E-01     -0.23306323E-05     -0.11092151E-04
      29     -0.26793093E-01     -0.27023681E-01     -0.24461126E-05     -0.11092151E-04
      30     -0.26812666E-01     -0.27023681E-01     -0.25615931E-05     -0.11092151E-04
      31     -0.26830695E-01     -0.27023681E-01     -0.26716255E-05     -0.11092151E-04
      32     -0.26848723E-01     -0.27023681E-01     -0.27816581E-05     -0.11092151E-04
      33     -0.26856734E-01     -0.27023681E-01     -0.28905020E-05     -0.11092151E-04
      34     -0.26864746E-01     -0.27023681E-01     -0.29993459E-05     -0.11092151E-04
      35     -0.26871754E-01     -0.27023681E-01     -0.30898960E-05     -0.11092151E-04
      36     -0.26878762E-01     -0.27023681E-01     -0.31804461E-05     -0.11092151E-04
      37     -0.26884371E-01     -0.27023681E-01     -0.32985815E-05     -0.11092151E-04
      38     -0.26889980E-01     -0.27023681E-01     -0.34167170E-05     -0.11092151E-04
      39     -0.26894607E-01     -0.27023681E-01     -0.34954093E-05     -0.11092151E-04
      40     -0.26899233E-01     -0.27023681E-01     -0.35741017E-05     -0.11092151E-04
      41     -0.26904021E-01     -0.27023681E-01     -0.36486547E-05     -0.11092151E-04
      42     -0.26908748E-01     -0.27023681E-01     -0.37232862E-05     -0.11092151E-04
      43     -0.26911201E-01     -0.27023681E-01     -0.38032124E-05     -0.11092151E-04
      44     -0.26913649E-01     -0.27023681E-01     -0.38831639E-05     -0.11092151E-04
      45     -0.26917037E-01     -0.27023681E-01     -0.39692107E-05     -0.11092151E-04
      46     -0.26920425E-01     -0.27023681E-01     -0.40552576E-05     -0.11092151E-04
      47     -0.26923557E-01     -0.27023681E-01     -0.41566656E-05     -0.11092151E-04
      48     -0.26926689E-01     -0.27023681E-01     -0.42580737E-05     -0.11092151E-04
      49     -0.26928285E-01     -0.27023681E-01     -0.43900249E-05     -0.11092151E-04
      50     -0.26929880E-01     -0.27023681E-01     -0.45219760E-05     -0.11092151E-04
      51     -0.26931532E-01     -0.27023681E-01     -0.46727576E-05     -0.11092151E-04
      52     -0.26933184E-01     -0.27023681E-01     -0.48235392E-05     -0.11092151E-04
 
# q=  0.00000000E+00  0.25000000E+00  0.25000000E+00  (qpt 4)
#ncbands         Re chi(0,0)              extrap   Re chi(Gmax,Gmax)              extrap
       1     -0.37905164E-02     -0.20018765E-01     -0.11113997E-06     -0.97362074E-05
       2     -0.75810328E-02     -0.20018765E-01     -0.22227993E-06     -0.97362074E-05
       3     -0.99418594E-02     -0.20018765E-01     -0.28301364E-06     -0.97362074E-05
       4     -0.12302686E-01     -0.20018765E-01     -0.34374736E-06     -0.97362074E-05
       5     -0.14237253E-01     -0.20018765E-01     -0.40873547E-06     -0.97362074E-05
       6     -0.16171821E-01     -0.20018765E-01     -0.47372359E-06     -0.97362074E-05
       7     -0.17304000E-01     -0.20018765E-01     -0.53292736E-06     -0.97362074E-05
       8     -0.18436180E-01     -0.20018765E-01     -0.59213113E-06     -0.97362074E-05
       9     -0.18822267E-01     -0.20018765E-01     -0.65923162E-06     -0.97362074E-05
      10     -0.19208335E-01     -0.20018765E-01     -0.72633854E-06     -0.97362074E-05
      11     -0.19397639E-01     -0.20018765E-01     -0.81277956E-06     -0.97362074E-05
      12     -0.19586958E-01     -0.20018765E-01     -0.89921682E-06     -0.97362074E-05
      13     -0.19650059E-01     -0.20018765E-01     -0.98496101E-06     -0.97362074E-05
      14     -0.19713160E-01     -0.20018765E-01     -0.10707052E-05     -0.97362074E-05
      15     -0.19762077E-01     -0.20018765E-01     -0.11450731E-05     -0.97362074E-05
      16     -0.19810994E-01     -0.20018765E-01     -0.12194410E-05     -0.97362074E-05
      17     -0.19854686E-01     -0.20018765E-01     -0.12722905E-05     -0.97362074E-05
      18     -0.19898378E-01     -0.20018765E-01     -0.13251401E-05     -0.97362074E-05
      19     -0.19921152E-01     -0.20018765E-01     -0.13737253E-05     -0.97362074E-05
      20     -0.19943926E-01     -0.20018765E-01     -0.14223106E-05     -0.97362074E-05
      21     -0.19950867E-01     -0.20018765E-01     -0.15172637E-05     -0.97362074E-05
      22     -0.19957808E-01     -0.20018765E-01     -0.16122167E-05     -0.97362074E-05
      23     -0.19961860E-01     -0.20018765E-01     -0.16854260E-05     -0.97362074E-05
      24     -0.19965912E-01     -0.20018765E-01     -0.17586352E-05     -0.97362074E-05
      25     -0.19968829E-01     -0.20018765E-01     -0.18788665E-05     -0.97362074E-05
      26     -0.19971746E-01     -0.20018765E-01     -0.19990978E-05     -0.97362074E-05
      27     -0.19974062E-01     -0.20018765E-01     -0.21052008E-05     -0.97362074E-05
      28     -0.19976378E-01     -0.20018765E-01     -0.22113038E-05     -0.97362074E-05
      29     -0.19978364E-01     -0.20018765E-01     -0.23239403E-05     -0.97362074E-05
      30     -0.19980351E-01     -0.20018765E-01     -0.24365773E-05     -0.97362074E-05
      31     -0.19981640E-01     -0.20018765E-01     -0.25390770E-05     -0.97362074E-05
      32     -0.19982929E-01     -0.20018765E-01     -0.26415769E-05     -0.97362074E-05
      33     -0.19983837E-01     -0.20018765E-01     -0.27327040E-05     -0.97362074E-05
      34     -0.19984745E-01     -0.20018765E-01     -0.28238310E-05     -0.97362074E-05
      35     -0.19985470E-01     -0.20018765E-01     -0.28885307E-05     -0.97362074E-05
      36     -0.19986195E-01     -0.20018765E-01     -0.29532305E-05     -0.97362074E-05
      37     -0.19987242E-01     -0.20018765E-01     -0.30451877E-05     -0.97362074E-05
      38     -0.19988289E-01     -0.20018765E-01     -0.31371449E-05     -0.97362074E-05
      39     -0.19988947E-01     -0.20018765E-01     -0.31969542E-05     -0.97362074E-05
      40     -0.19989605E-01     -0.20018765E-01     -0.32567635E-05     -0.97362074E-05
      41     -0.19990735E-01     -0.20018765E-01     -0.33139808E-05     -0.97362074E-05
      42     -0.19991881E-01     -0.20018765E-01     -0.33711617E-05     -0.97362074E-05
      43     -0.19992552E-01     -0.20018765E-01     -0.34174055E-05     -0.97362074E-05
      44     -0.19993228E-01     -0.20018765E-01     -0.34636399E-05     -0.97362074E-05
      45     -0.19993950E-01     -0.20018765E-01     -0.35440677E-05     -0.97362074E-05
      46     -0.19994673E-01     -0.20018765E-01     -0.36244954E-05     -0.97362074E-05
      47     -0.19995314E-01     -0.20018765E-01     -0.37246012E-05     -0.97362074E-05
      48     -0.19995956E-01     -0.20018765E-01     -0.38247069E-05     -0.97362074E-05
      49     -0.19996329E-01     -0.20018765E-01     -0.39174148E-05     -0.97362074E-05
      50     -0.19996701E-01     -0.20018765E-01     -0.40101226E-05     -0.97362074E-05
      51     -0.19997135E-01     -0.20018765E-01     -0.41563814E-05     -0.97362074E-05
      52     -0.19997569E-01     -0.20018765E-01     -0.43026402E-05     -0.97362074E-05
 
# q=  0.00000000E+00  0.25000000E+00  0.50000000E+00  (qpt 5)
#ncbands         Re chi(0,0)              extrap   Re chi(Gmax,Gmax)              extrap
       1     -0.44595116E-02     -0.30424810E-01     -0.11431221E-06     -0.82854649E-05
       2     -0.89190232E-02     -0.30424810E-01     -0.22862442E-06     -0.82854649E-05
       3     -0.12089012E-01     -0.30424810E-01     -0.30313630E-06     -0.82854649E-05
       4     -0.15259000E-01     -0.30424810E-01     -0.37764819E-06     -0.82854649E-05
       5     -0.17901979E-01     -0.30424810E-01     -0.46801487E-06     -0.82854649E-05
       6     -0.20544958E-01     -0.30424810E-01     -0.55838155E-06     -0.82854649E-05
       7     -0.22424510E-01     -0.30424810E-01     -0.61540335E-06     -0.82854649E-05
       8     -0.24304062E-01     -0.30424810E-01     -0.67242515E-06     -0.82854649E-05
       9     -0.25255246E-01     -0.30424810E-01     -0.75504662E-06     -0.82854649E-05
      10     -0.26206393E-01     -0.30424810E-01     -0.83766752E-06     -0.82854649E-05
      11     -0.26917272E-01     -0.30424810E-01     -0.93494905E-06     -0.82854649E-05
      12     -0.27628179E-01     -0.30424810E-01     -0.10322309E-05     -0.82854649E-05
      13     -0.28039895E-01     -0.30424810E-01     -0.10749178E-05     -0.82854649E-05
      14     -0.28451612E-01     -0.30424810E-01     -0.11176048E-05     -0.82854649E-05
      15     -0.28815548E-01     -0.30424810E-01     -0.11673323E-05     -0.82854649E-05
      16     -0.29179485E-01     -0.30424810E-01     -0.12170599E-05     -0.82854649E-05
      17     -0.29437253E-01     -0.30424810E-01     -0.12634040E-05     -0.82854649E-05
      18     -0.29695021E-01     -0.30424810E-01     -0.13097480E-05     -0.82854649E-05
      19     -0.29825088E-01     -0.30424810E-01     -0.13796654E-05     -0.82854649E-05
      20     -0.29955154E-01     -0.30424810E-01     -0.14495829E-05     -0.82854649E-05
      21     -0.29999837E-01     -0.30424810E-01     -0.15300300E-05     -0.82854649E-05
      22     -0.30044519E-01     -0.30424810E-01     -0.16104772E-05     -0.82854649E-05
      23     -0.30073571E-01     -0.30424810E-01     -0.16860241E-05     -0.82854649E-05
      24     -0.30102624E-01     -0.30424810E-01     -0.17615711E-05     -0.82854649E-05
      25     -0.30126912E-01     -0.30424810E-01     -0.18149632E-05     -0.82854649E-05
      26     -0.30151201E-01     -0.30424810E-01     -0.18683553E-05     -0.82854649E-05
      27     -0.30178357E-01     -0.30424810E-01     -0.19446111E-05     -0.82854649E-05
      28     -0.30205513E-01     -0.30424810E-01     -0.20208670E-05     -0.82854649E-05
      29     -0.30225800E-01     -0.30424810E-01     -0.21030758E-05     -0.82854649E-05
      30     -0.30246087E-01     -0.30424810E-01     -0.21852846E-05     -0.82854649E-05
      31     -0.30260860E-01     -0.30424810E-01     -0.22750530E-05     -0.82854649E-05
      32     -0.30275633E-01     -0.30424810E-01     -0.23648213E-05     -0.82854649E-05
      33     -0.30281849E-01     -0.30424810E-01     -0.24788824E-05     -0.82854649E-05
      34     -0.30288065E-01     -0.30424810E-01     -0.25929435E-05     -0.82854649E-05
      35     -0.30293921E-01     -0.30424810E-01     -0.26857880E-05     -0.82854649E-05
      36     -0.30299778E-01     -0.30424810E-01     -0.27786325E-05     -0.82854649E-05
      37     -0.30304398E-01     -0.30424810E-01     -0.28654648E-05     -0.82854649E-05
      38     -0.30309018E-01     -0.30424810E-01     -0.29522971E-05     -0.82854649E-05
      39     -0.30312432E-01     -0.30424810E-01     -0.30177674E-05     -0.82854649E-05
      40     -0.30315846E-01     -0.30424810E-01     -0.30832377E-05     -0.82854649E-05
      41     -0.30320328E-01     -0.30424810E-01     -0.31490469E-05     -0.82854649E-05
      42     -0.30324827E-01     -0.30424810E-01     -0.32148858E-05     -0.82854649E-05
      43     -0.30327818E-01     -0.30424810E-01     -0.33016720E-05     -0.82854649E-05
      44     -0.30330831E-01     -0.30424810E-01     -0.33884559E-05     -0.82854649E-05
      45     -0.30333800E-01     -0.30424810E-01     -0.34439135E-05     -0.82854649E-05
      46     -0.30336769E-01     -0.30424810E-01     -0.34993711E-05     -0.82854649E-05
      47     -0.30339563E-01     -0.30424810E-01     -0.35609074E-05     -0.82854649E-05
      48     -0.30342358E-01     -0.30424810E-01     -0.36224438E-05     -0.82854649E-05
      49     -0.30343647E-01     -0.30424810E-01     -0.37418262E-05     -0.82854649E-05
      50     -0.30344936E-01     -0.30424810E-01     -0.38612086E-05     -0.82854649E-05
      51     -0.30346348E-01     -0.30424810E-01     -0.39382002E-05     -0.82854649E-05
      52     -0.30347760E-01     -0.30424810E-01     -0.40151918E-05     -0.82854649E-05
 
# q=  0.00000000E+00  0.25000000E+00  0.75000000E+00  (qpt 6)
#ncbands         Re chi(0,0)              extrap   Re chi(Gmax,Gmax)              extrap
       1     -0.46820743E-02     -0.27279138E-01     -0.90455984E-07     -0.72505960E-05
       2     -0.93641486E-02     -0.27279138E-01     -0.18091197E-06     -0.72505960E-05
       3     -0.12159129E-01     -0.27279138E-01     -0.24687102E-06     -0.72505960E-05
       4     -0.14954109E-01     -0.27279138E-01     -0.31283008E-06     -0.72505960E-05
       5     -0.17329397E-01     -0.27279138E-01     -0.39874216E-06     -0.72505960E-05
       6     -0.19704685E-01     -0.27279138E-01     -0.48465424E-06     -0.72505960E-05
       7     -0.21317255E-01     -0.27279138E-01     -0.53925467E-06     -0.72505960E-05
       8     -0.22929825E-01     -0.27279138E-01     -0.59385509E-06     -0.72505960E-05
       9     -0.23707722E-01     -0.27279138E-01     -0.67836445E-06     -0.72505960E-05
      10     -0.24485678E-01     -0.27279138E-01     -0.76287353E-06     -0.72505960E-05
      11     -0.25001233E-01     -0.27279138E-01     -0.87029730E-06     -0.72505960E-05
      12     -0.25516742E-01     -0.27279138E-01     -0.97772127E-06     -0.72505960E-05
      13     -0.25821290E-01     -0.27279138E-01     -0.10250776E-05     -0.72505960E-05
      14     -0.26125839E-01     -0.27279138E-01     -0.10724340E-05     -0.72505960E-05
      15     -0.26377830E-01     -0.27279138E-01     -0.11208439E-05     -0.72505960E-05
      16     -0.26629822E-01     -0.27279138E-01     -0.11692538E-05     -0.72505960E-05
      17     -0.26787161E-01     -0.27279138E-01     -0.12161919E-05     -0.72505960E-05
      18     -0.26944500E-01     -0.27279138E-01     -0.12631300E-05     -0.72505960E-05
      19     -0.27001036E-01     -0.27279138E-01     -0.13290437E-05     -0.72505960E-05
      20     -0.27057571E-01     -0.27279138E-01     -0.13949573E-05     -0.72505960E-05
      21     -0.27077206E-01     -0.27279138E-01     -0.14886938E-05     -0.72505960E-05
      22     -0.27096841E-01     -0.27279138E-01     -0.15824302E-05     -0.72505960E-05
      23     -0.27111851E-01     -0.27279138E-01     -0.16568633E-05     -0.72505960E-05
      24     -0.27126861E-01     -0.27279138E-01     -0.17312963E-05     -0.72505960E-05
      25     -0.27139371E-01     -0.27279138E-01     -0.17807025E-05     -0.72505960E-05
      26     -0.27151880E-01     -0.27279138E-01     -0.18301088E-05     -0.72505960E-05
      27     -0.27162771E-01     -0.27279138E-01     -0.18951757E-05     -0.72505960E-05
      28     -0.27173663E-01     -0.27279138E-01     -0.19602427E-05     -0.72505960E-05
      29     -0.27179530E-01     -0.27279138E-01     -0.20352410E-05     -0.72505960E-05
      30     -0.27185397E-01     -0.27279138E-01     -0.21102394E-05     -0.72505960E-05
      31     -0.27190365E-01     -0.27279138E-01     -0.21939042E-05     -0.72505960E-05
      32     -0.27195332E-01     -0.27279138E-01     -0.22775690E-05     -0.72505960E-05
      33     -0.27197601E-01     -0.27279138E-01     -0.23593876E-05     -0.72505960E-05
      34     -0.27199869E-01     -0.27279138E-01     -0.24412062E-05     -0.72505960E-05
      35     -0.27202878E-01     -0.27279138E-01     -0.25164424E-05     -0.72505960E-05
      36     -0.27205886E-01     -0.27279138E-01     -0.25916787E-05     -0.72505960E-05
      37     -0.27208303E-01     -0.27279138E-01     -0.26642711E-05     -0.72505960E-05
      38     -0.27210721E-01     -0.27279138E-01     -0.27368636E-05     -0.72505960E-05
      39     -0.27212761E-01     -0.27279138E-01     -0.27920175E-05     -0.72505960E-05
      40     -0.27214801E-01     -0.27279138E-01     -0.28471714E-05     -0.72505960E-05
      41     -0.27217348E-01     -0.27279138E-01     -0.29036423E-05     -0.72505960E-05
      42     -0.27219862E-01     -0.27279138E-01     -0.29601179E-05     -0.72505960E-05
      43     -0.27221510E-01     -0.27279138E-01     -0.30317369E-05     -0.72505960E-05
      44     -0.27223147E-01     -0.27279138E-01     -0.31033521E-05     -0.72505960E-05
      45     -0.27225099E-01     -0.27279138E-01     -0.31503807E-05     -0.72505960E-05
      46     -0.27227050E-01     -0.27279138E-01     -0.31974093E-05     -0.72505960E-05
      47     -0.27228513E-01     -0.27279138E-01     -0.32509028E-05     -0.72505960E-05
      48     -0.27229976E-01     -0.27279138E-01     -0.33043964E-05     -0.72505960E-05
      49     -0.27230691E-01     -0.27279138E-01     -0.34045146E-05     -0.72505960E-05
      50     -0.27231406E-01     -0.27279138E-01     -0.35046328E-05     -0.72505960E-05
      51     -0.27232393E-01     -0.27279138E-01     -0.35700608E-05     -0.72505960E-05
      52     -0.27233381E-01     -0.27279138E-01     -0.36354887E-05     -0.72505960E-05
 
# q=  0.00000000E+00  0.50000000E+00  0.50000000E+00  (qpt 7)
#ncbands         Re chi(0,0)              extrap   Re chi(Gmax,Gmax)              extrap
       1     -0.38605276E-02     -0.33178175E-01     -0.11269103E-06     -0.71930893E-05
       2     -0.77210552E-02     -0.33178175E-01     -0.22538207E-06     -0.71930893E-05
       3     -0.11044889E-01     -0.33178175E-01     -0.30320927E-06     -0.71930893E-05
       4     -0.14368723E-01     -0.33178175E-01     -0.38103648E-06     -0.71930893E-05
       5     -0.17131262E-01     -0.33178175E-01     -0.47599607E-06     -0.71930893E-05
       6     -0.19893800E-01     -0.33178175E-01     -0.57095566E-06     -0.71930893E-05
       7     -0.22012839E-01     -0.33178175E-01     -0.62355148E-06     -0.71930893E-05
       8     -0.24131877E-01     -0.33178175E-01     -0.67614730E-06     -0.71930893E-05
       9     -0.25354181E-01     -0.33178175E-01     -0.75764169E-06     -0.71930893E-05
      10     -0.26576455E-01     -0.33178175E-01     -0.83913597E-06     -0.71930893E-05
      11     -0.27589682E-01     -0.33178175E-01     -0.95731665E-06     -0.71930893E-05
      12     -0.28602931E-01     -0.33178175E-01     -0.10754974E-05     -0.71930893E-05
      13     -0.29148361E-01     -0.33178175E-01     -0.11221494E-05     -0.71930893E-05
      14     -0.29693792E-01     -0.33178175E-01     -0.11688013E-05     -0.71930893E-05
      15     -0.30223891E-01     -0.33178175E-01     -0.12206690E-05     -0.71930893E-05
      16     -0.30753991E-01     -0.33178175E-01     -0.12725366E-05     -0.71930893E-05
      17     -0.31151340E-01     -0.33178175E-01     -0.13179425E-05     -0.71930893E-05
      18     -0.31548689E-01     -0.33178175E-01     -0.13633484E-05     -0.71930893E-05
      19     -0.31763979E-01     -0.33178175E-01     -0.14272703E-05     -0.71930893E-05
      20     -0.31979270E-01     -0.33178175E-01     -0.14911922E-05     -0.71930893E-05
      21     -0.32096142E-01     -0.33178175E-01     -0.15880883E-05     -0.71930893E-05
      22     -0.32213015E-01     -0.33178175E-01     -0.16849844E-05     -0.71930893E-05
      23     -0.32265901E-01     -0.33178175E-01     -0.17718079E-05     -0.71930893E-05
      24     -0.32318788E-01     -0.33178175E-01     -0.18586315E-05     -0.71930893E-05
      25     -0.32387038E-01     -0.33178175E-01     -0.19111318E-05     -0.71930893E-05
      26     -0.32455287E-01     -0.33178175E-01     -0.19636321E-05     -0.71930893E-05
      27     -0.32520106E-01     -0.33178175E-01     -0.20348118E-05     -0.71930893E-05
      28     -0.32584925E-01     -0.33178175E-01     -0.21059915E-05     -0.71930893E-05
      29     -0.32684438E-01     -0.33178175E-01     -0.21869588E-05     -0.71930893E-05
      30     -0.32783950E-01     -0.33178175E-01     -0.22679260E-05     -0.71930893E-05
      31     -0.32818672E-01     -0.33178175E-01     -0.23551170E-05     -0.71930893E-05
      32     -0.32853395E-01     -0.33178175E-01     -0.24423080E-05     -0.71930893E-05
      33     -0.32872200E-01     -0.33178175E-01     -0.25379137E-05     -0.71930893E-05
      34     -0.32891005E-01     -0.33178175E-01     -0.26335194E-05     -0.71930893E-05
      35     -0.32904848E-01     -0.33178175E-01     -0.26981610E-05     -0.71930893E-05
      36     -0.32918691E-01     -0.33178175E-01     -0.27628026E-05     -0.71930893E-05
      37     -0.32927822E-01     -0.33178175E-01     -0.28253644E-05     -0.71930893E-05
      38     -0.32936952E-01     -0.33178175E-01     -0.28879261E-05     -0.71930893E-05
      39     -0.32946932E-01     -0.33178175E-01     -0.29476737E-05     -0.71930893E-05
      40     -0.32956913E-01     -0.33178175E-01     -0.30074212E-05     -0.71930893E-05
      41     -0.32964919E-01     -0.33178175E-01     -0.30658396E-05     -0.71930893E-05
      42     -0.32972995E-01     -0.33178175E-01     -0.31242652E-05     -0.71930893E-05
      43     -0.32980201E-01     -0.33178175E-01     -0.31834548E-05     -0.71930893E-05
      44     -0.32987430E-01     -0.33178175E-01     -0.32426467E-05     -0.71930893E-05
      45     -0.32993569E-01     -0.33178175E-01     -0.32870082E-05     -0.71930893E-05
      46     -0.32999709E-01     -0.33178175E-01     -0.33313697E-05     -0.71930893E-05
      47     -0.33006658E-01     -0.33178175E-01     -0.33823283E-05     -0.71930893E-05
      48     -0.33013606E-01     -0.33178175E-01     -0.34332869E-05     -0.71930893E-05
      49     -0.33016343E-01     -0.33178175E-01     -0.35293740E-05     -0.71930893E-05
      50     -0.33019079E-01     -0.33178175E-01     -0.36254610E-05     -0.71930893E-05
      51     -0.33021114E-01     -0.33178175E-01     -0.36871043E-05     -0.71930893E-05
      52     -0.33023150E-01     -0.33178175E-01     -0.37487476E-05     -0.71930893E-05
 
# q=  0.25000000E+00  0.50000000E+00  0.75000000E+00  (qpt 8)
#ncbands         Re chi(0,0)              extrap   Re chi(Gmax,Gmax)              extrap
       1     -0.46755118E-02     -0.36124422E-01     -0.11375476E-06     -0.94260937E-05
       2     -0.93510237E-02     -0.36124422E-01     -0.22750953E-06     -0.94260937E-05
       3     -0.12538130E-01     -0.36124422E-01     -0.31559483E-06     -0.94260937E-05
       4     -0.15725236E-01     -0.36124422E-01     -0.40368013E-06     -0.94260937E-05
       5     -0.18430814E-01     -0.36124422E-01     -0.48808185E-06     -0.94260937E-05
       6     -0.21136391E-01     -0.36124422E-01     -0.57248358E-06     -0.94260937E-05
       7     -0.23089628E-01     -0.36124422E-01     -0.63578197E-06     -0.94260937E-05
       8     -0.25042866E-01     -0.36124422E-01     -0.69908036E-06     -0.94260937E-05
       9     -0.26322003E-01     -0.36124422E-01     -0.78437137E-06     -0.94260937E-05
      10     -0.27601179E-01     -0.36124422E-01     -0.86966242E-06     -0.94260937E-05
      11     -0.28637591E-01     -0.36124422E-01     -0.96110927E-06     -0.94260937E-05
      12     -0.29673977E-01     -0.36124422E-01     -0.10525562E-05     -0.94260937E-05
      13     -0.30376215E-01     -0.36124422E-01     -0.10993942E-05     -0.94260937E-05
      14     -0.31078454E-01     -0.36124422E-01     -0.11462322E-05     -0.94260937E-05
      15     -0.31715928E-01     -0.36124422E-01     -0.12045729E-05     -0.94260937E-05
      16     -0.32353401E-01     -0.36124422E-01     -0.12629137E-05     -0.94260937E-05
      17     -0.32845065E-01     -0.36124422E-01     -0.13129335E-05     -0.94260937E-05
      18     -0.33336729E-01     -0.36124422E-01     -0.13629533E-05     -0.94260937E-05
      19     -0.33640715E-01     -0.36124422E-01     -0.14475309E-05     -0.94260937E-05
      20     -0.33944701E-01     -0.36124422E-01     -0.15321085E-05     -0.94260937E-05
      21     -0.34135027E-01     -0.36124422E-01     -0.16096796E-05     -0.94260937E-05
      22     -0.34325352E-01     -0.36124422E-01     -0.16872507E-05     -0.94260937E-05
      23     -0.34508434E-01     -0.36124422E-01     -0.17757072E-05     -0.94260937E-05
      24     -0.34691516E-01     -0.36124422E-01     -0.18641637E-05     -0.94260937E-05
      25     -0.34842150E-01     -0.36124422E-01     -0.19286823E-05     -0.94260937E-05
      26     -0.34992784E-01     -0.36124422E-01     -0.19932009E-05     -0.94260937E-05
      27     -0.35117849E-01     -0.36124422E-01     -0.20839206E-05     -0.94260937E-05
      28     -0.35242914E-01     -0.36124422E-01     -0.21746404E-05     -0.94260937E-05
      29     -0.35338446E-01     -0.36124422E-01     -0.22686904E-05     -0.94260937E-05
      30     -0.35433977E-01     -0.36124422E-01     -0.23627405E-05     -0.94260937E-05
      31     -0.35500560E-01     -0.36124422E-01     -0.24628776E-05     -0.94260937E-05
      32     -0.35567143E-01     -0.36124422E-01     -0.25630148E-05     -0.94260937E-05
      33     -0.35589507E-01     -0.36124422E-01     -0.26962384E-05     -0.94260937E-05
      34     -0.35611872E-01     -0.36124422E-01     -0.28294619E-05     -0.94260937E-05
      35     -0.35641756E-01     -0.36124422E-01     -0.29483272E-05     -0.94260937E-05
      36     -0.35671640E-01     -0.36124422E-01     -0.30671924E-05     -0.94260937E-05
      37     -0.35694308E-01     -0.36124422E-01     -0.31723764E-05     -0.94260937E-05
      38     -0.35716976E-01     -0.36124422E-01     -0.32775603E-05     -0.94260937E-05
      39     -0.35735163E-01     -0.36124422E-01     -0.33490253E-05     -0.94260937E-05
      40     -0.35753351E-01     -0.36124422E-01     -0.34204903E-05     -0.94260937E-05
      41     -0.35770063E-01     -0.36124422E-01     -0.35026306E-05     -0.94260937E-05
      42     -0.35786988E-01     -0.36124422E-01     -0.35847710E-05     -0.94260937E-05
      43     -0.35800098E-01     -0.36124422E-01     -0.36922815E-05     -0.94260937E-05
      44     -0.35813288E-01     -0.36124422E-01     -0.37998080E-05     -0.94260937E-05
      45     -0.35825611E-01     -0.36124422E-01     -0.38691789E-05     -0.94260937E-05
      46     -0.35837933E-01     -0.36124422E-01     -0.39385498E-05     -0.94260937E-05
      47     -0.35849261E-01     -0.36124422E-01     -0.40119019E-05     -0.94260937E-05
      48     -0.35860589E-01     -0.36124422E-01     -0.40852539E-05     -0.94260937E-05
      49     -0.35864409E-01     -0.36124422E-01     -0.42153960E-05     -0.94260937E-05
      50     -0.35868229E-01     -0.36124422E-01     -0.43455380E-05     -0.94260937E-05
      51     -0.35871974E-01     -0.36124422E-01     -0.44390176E-05     -0.94260937E-05
      52     -0.35875719E-01     -0.36124422E-01     -0.45324973E-05     -0.94260937E-05
 
# q=  0.25000000E+00  0.25000000E+00  0.25000000E+00  (qpt 9)
#ncbands         Re chi(0,0)              extrap   Re chi(Gmax,Gmax)              extrap
       1     -0.29637072E-02     -0.15640229E-01     -0.10315050E-06     -0.93712730E-05
       2     -0.59274145E-02     -0.15640229E-01     -0.20630100E-06     -0.93712730E-05
       3     -0.78280965E-02     -0.15640229E-01     -0.26598138E-06     -0.93712730E-05
       4     -0.97287786E-02     -0.15640229E-01     -0.32566175E-06     -0.93712730E-05
       5     -0.11146775E-01     -0.15640229E-01     -0.38480893E-06     -0.93712730E-05
       6     -0.12564771E-01     -0.15640229E-01     -0.44395610E-06     -0.93712730E-05
       7     -0.13443478E-01     -0.15640229E-01     -0.51095298E-06     -0.93712730E-05
       8     -0.14322185E-01     -0.15640229E-01     -0.57794987E-06     -0.93712730E-05
       9     -0.14685284E-01     -0.15640229E-01     -0.65563642E-06     -0.93712730E-05
      10     -0.15048384E-01     -0.15640229E-01     -0.73331677E-06     -0.93712730E-05
      11     -0.15215626E-01     -0.15640229E-01     -0.82522355E-06     -0.93712730E-05
      12     -0.15382868E-01     -0.15640229E-01     -0.91713512E-06     -0.93712730E-05
      13     -0.15434525E-01     -0.15640229E-01     -0.99633770E-06     -0.93712730E-05
      14     -0.15486182E-01     -0.15640229E-01     -0.10755403E-05     -0.93712730E-05
      15     -0.15514785E-01     -0.15640229E-01     -0.11557436E-05     -0.93712730E-05
      16     -0.15543388E-01     -0.15640229E-01     -0.12359469E-05     -0.93712730E-05
      17     -0.15563241E-01     -0.15640229E-01     -0.12808894E-05     -0.93712730E-05
      18     -0.15583094E-01     -0.15640229E-01     -0.13258318E-05     -0.93712730E-05
      19     -0.15588148E-01     -0.15640229E-01     -0.13779649E-05     -0.93712730E-05
      20     -0.15593202E-01     -0.15640229E-01     -0.14300979E-05     -0.93712730E-05
      21     -0.15596291E-01     -0.15640229E-01     -0.15187355E-05     -0.93712730E-05
      22     -0.15599380E-01     -0.15640229E-01     -0.16073730E-05     -0.93712730E-05
      23     -0.15601678E-01     -0.15640229E-01     -0.16766030E-05     -0.93712730E-05
      24     -0.15603976E-01     -0.15640229E-01     -0.17458330E-05     -0.93712730E-05
      25     -0.15606325E-01     -0.15640229E-01     -0.18434914E-05     -0.93712730E-05
      26     -0.15608674E-01     -0.15640229E-01     -0.19411498E-05     -0.93712730E-05
      27     -0.15610380E-01     -0.15640229E-01     -0.20427976E-05     -0.93712730E-05
      28     -0.15612085E-01     -0.15640229E-01     -0.21444454E-05     -0.93712730E-05
      29     -0.15613274E-01     -0.15640229E-01     -0.22443097E-05     -0.93712730E-05
      30     -0.15614462E-01     -0.15640229E-01     -0.23441734E-05     -0.93712730E-05
      31     -0.15615291E-01     -0.15640229E-01     -0.24317886E-05     -0.93712730E-05
      32     -0.15616120E-01     -0.15640229E-01     -0.25194037E-05     -0.93712730E-05
      33     -0.15616570E-01     -0.15640229E-01     -0.26121025E-05     -0.93712730E-05
      34     -0.15617020E-01     -0.15640229E-01     -0.27048013E-05     -0.93712730E-05
      35     -0.15617641E-01     -0.15640229E-01     -0.27709060E-05     -0.93712730E-05
      36     -0.15618263E-01     -0.15640229E-01     -0.28370107E-05     -0.93712730E-05
      37     -0.15618950E-01     -0.15640229E-01     -0.29262437E-05     -0.93712730E-05
      38     -0.15619637E-01     -0.15640229E-01     -0.30154766E-05     -0.93712730E-05
      39     -0.15620114E-01     -0.15640229E-01     -0.30838275E-05     -0.93712730E-05
      40     -0.15620591E-01     -0.15640229E-01     -0.31521784E-05     -0.93712730E-05
      41     -0.15621230E-01     -0.15640229E-01     -0.32103588E-05     -0.93712730E-05
      42     -0.15621870E-01     -0.15640229E-01     -0.32684751E-05     -0.93712730E-05
      43     -0.15622362E-01     -0.15640229E-01     -0.33322129E-05     -0.93712730E-05
      44     -0.15622854E-01     -0.15640229E-01     -0.33959290E-05     -0.93712730E-05
      45     -0.15623378E-01     -0.15640229E-01     -0.34911938E-05     -0.93712730E-05
      46     -0.15623903E-01     -0.15640229E-01     -0.35864587E-05     -0.93712730E-05
      47     -0.15624334E-01     -0.15640229E-01     -0.36748523E-05     -0.93712730E-05
      48     -0.15624764E-01     -0.15640229E-01     -0.37632459E-05     -0.93712730E-05
      49     -0.15624991E-01     -0.15640229E-01     -0.38546654E-05     -0.93712730E-05
      50     -0.15625217E-01     -0.15640229E-01     -0.39460848E-05     -0.93712730E-05
      51     -0.15625539E-01     -0.15640229E-01     -0.40843349E-05     -0.93712730E-05
      52     -0.15625862E-01     -0.15640229E-01     -0.42225851E-05     -0.93712730E-05
 
# q=  0.50000000E+00  0.50000000E+00  0.50000000E+00  (qpt 10)
#ncbands         Re chi(0,0)              extrap   Re chi(Gmax,Gmax)              extrap
       1     -0.28541279E-02     -0.27023084E-01     -0.18195169E-06     -0.11352574E-04
       2     -0.57082559E-02     -0.27023084E-01     -0.36390339E-06     -0.11352574E-04
       3     -0.85548489E-02     -0.27023084E-01     -0.44872071E-06     -0.11352574E-04
       4     -0.11401442E-01     -0.27023084E-01     -0.53353803E-06     -0.11352574E-04
       5     -0.13627978E-01     -0.27023084E-01     -0.63463227E-06     -0.11352574E-04
       6     -0.15854514E-01     -0.27023084E-01     -0.73572650E-06     -0.11352574E-04
       7     -0.17641360E-01     -0.27023084E-01     -0.82073358E-06     -0.11352574E-04
       8     -0.19428206E-01     -0.27023084E-01     -0.90574066E-06     -0.11352574E-04
       9     -0.20574878E-01     -0.27023084E-01     -0.99678198E-06     -0.11352574E-04
      10     -0.21721550E-01     -0.27023084E-01     -0.10878226E-05     -0.11352574E-04
      11     -0.22846518E-01     -0.27023084E-01     -0.11862841E-05     -0.11352574E-04
      12     -0.23971486E-01     -0.27023084E-01     -0.12847467E-05     -0.11352574E-04
      13     -0.24392935E-01     -0.27023084E-01     -0.13535048E-05     -0.11352574E-04
      14     -0.24814383E-01     -0.27023084E-01     -0.14222629E-05     -0.11352574E-04
      15     -0.25220686E-01     -0.27023084E-01     -0.14895252E-05     -0.11352574E-04
      16     -0.25626989E-01     -0.27023084E-01     -0.15567876E-05     -0.11352574E-04
      17     -0.25879715E-01     -0.27023084E-01     -0.16125534E-05     -0.11352574E-04
      18     -0.26132441E-01     -0.27023084E-01     -0.16683193E-05     -0.11352574E-04
      19     -0.26312050E-01     -0.27023084E-01     -0.17503504E-05     -0.11352574E-04
      20     -0.26491659E-01     -0.27023084E-01     -0.18323816E-05     -0.11352574E-04
      21     -0.26541360E-01     -0.27023084E-01     -0.19088857E-05     -0.11352574E-04
      22     -0.26591061E-01     -0.27023084E-01     -0.19853898E-05     -0.11352574E-04
      23     -0.26626468E-01     -0.27023084E-01     -0.20700639E-05     -0.11352574E-04
      24     -0.26661874E-01     -0.27023084E-01     -0.21547379E-05     -0.11352574E-04
      25     -0.26696261E-01     -0.27023084E-01     -0.22324446E-05     -0.11352574E-04
      26     -0.26730648E-01     -0.27023084E-01     -0.23101513E-05     -0.11352574E-04
      27     -0.26752084E-01     -0.27023084E-01     -0.24119696E-05     -0.11352574E-04
      28     -0.26773520E-01     -0.27023084E-01     -0.25137878E-05     -0.11352574E-04
      29     -0.26796466E-01     -0.27023084E-01     -0.26016894E-05     -0.11352574E-04
      30     -0.26819412E-01     -0.27023084E-01     -0.26895911E-05     -0.11352574E-04
      31     -0.26834067E-01     -0.27023084E-01     -0.27935077E-05     -0.11352574E-04
      32     -0.26848723E-01     -0.27023084E-01     -0.28974244E-05     -0.11352574E-04
      33     -0.26854573E-01     -0.27023084E-01     -0.30245129E-05     -0.11352574E-04
      34     -0.26860422E-01     -0.27023084E-01     -0.31516013E-05     -0.11352574E-04
      35     -0.26869531E-01     -0.27023084E-01     -0.32885989E-05     -0.11352574E-04
      36     -0.26878639E-01     -0.27023084E-01     -0.34255965E-05     -0.11352574E-04
      37     -0.26884361E-01     -0.27023084E-01     -0.35526512E-05     -0.11352574E-04
      38     -0.26890083E-01     -0.27023084E-01     -0.36797060E-05     -0.11352574E-04
      39     -0.26894476E-01     -0.27023084E-01     -0.37665509E-05     -0.11352574E-04
      40     -0.26898869E-01     -0.27023084E-01     -0.38533958E-05     -0.11352574E-04
      41     -0.26903534E-01     -0.27023084E-01     -0.39702163E-05     -0.11352574E-04
      42     -0.26908198E-01     -0.27023084E-01     -0.40873035E-05     -0.11352574E-04
      43     -0.26910924E-01     -0.27023084E-01     -0.41863122E-05     -0.11352574E-04
      44     -0.26913649E-01     -0.27023084E-01     -0.42854086E-05     -0.11352574E-04
      45     -0.26917100E-01     -0.27023084E-01     -0.43696778E-05     -0.11352574E-04
      46     -0.26920551E-01     -0.27023084E-01     -0.44539471E-05     -0.11352574E-04
      47     -0.26923620E-01     -0.27023084E-01     -0.45516923E-05     -0.11352574E-04
      48     -0.26926689E-01     -0.27023084E-01     -0.46494376E-05     -0.11352574E-04
      49     -0.26928107E-01     -0.27023084E-01     -0.48012839E-05     -0.11352574E-04
      50     -0.26929526E-01     -0.27023084E-01     -0.49531301E-05     -0.11352574E-04
      51     -0.26931355E-01     -0.27023084E-01     -0.50793767E-05     -0.11352574E-04
      52     -0.26933184E-01     -0.27023084E-01     -0.52056233E-05     -0.11352574E-04
 
# q=  0.25000000E+00  0.25000000E+00  0.75000000E+00  (qpt 11)
#ncbands         Re chi(0,0)              extrap   Re chi(Gmax,Gmax)              extrap
       1     -0.44569557E-02     -0.30424703E-01     -0.10775500E-06     -0.83526555E-05
       2     -0.89139113E-02     -0.30424703E-01     -0.21551000E-06     -0.83526555E-05
       3     -0.12043820E-01     -0.30424703E-01     -0.29571326E-06     -0.83526555E-05
       4     -0.15173728E-01     -0.30424703E-01     -0.37591652E-06     -0.83526555E-05
       5     -0.17859771E-01     -0.30424703E-01     -0.46350779E-06     -0.83526555E-05
       6     -0.20545814E-01     -0.30424703E-01     -0.55109907E-06     -0.83526555E-05
       7     -0.22424938E-01     -0.30424703E-01     -0.61176208E-06     -0.83526555E-05
       8     -0.24304063E-01     -0.30424703E-01     -0.67242510E-06     -0.83526555E-05
       9     -0.25247038E-01     -0.30424703E-01     -0.76996570E-06     -0.83526555E-05
      10     -0.26190037E-01     -0.30424703E-01     -0.86750614E-06     -0.83526555E-05
      11     -0.26909115E-01     -0.30424703E-01     -0.94986840E-06     -0.83526555E-05
      12     -0.27628179E-01     -0.30424703E-01     -0.10322309E-05     -0.83526555E-05
      13     -0.28038327E-01     -0.30424703E-01     -0.10747533E-05     -0.83526555E-05
      14     -0.28448475E-01     -0.30424703E-01     -0.11172757E-05     -0.83526555E-05
      15     -0.28813980E-01     -0.30424703E-01     -0.11671675E-05     -0.83526555E-05
      16     -0.29179485E-01     -0.30424703E-01     -0.12170594E-05     -0.83526555E-05
      17     -0.29429620E-01     -0.30424703E-01     -0.12643949E-05     -0.83526555E-05
      18     -0.29679754E-01     -0.30424703E-01     -0.13117303E-05     -0.83526555E-05
      19     -0.29817454E-01     -0.30424703E-01     -0.13806566E-05     -0.83526555E-05
      20     -0.29955155E-01     -0.30424703E-01     -0.14495828E-05     -0.83526555E-05
      21     -0.30002056E-01     -0.30424703E-01     -0.15295487E-05     -0.83526555E-05
      22     -0.30048957E-01     -0.30424703E-01     -0.16095146E-05     -0.83526555E-05
      23     -0.30075791E-01     -0.30424703E-01     -0.16855429E-05     -0.83526555E-05
      24     -0.30102624E-01     -0.30424703E-01     -0.17615712E-05     -0.83526555E-05
      25     -0.30128367E-01     -0.30424703E-01     -0.18142663E-05     -0.83526555E-05
      26     -0.30154109E-01     -0.30424703E-01     -0.18669614E-05     -0.83526555E-05
      27     -0.30179811E-01     -0.30424703E-01     -0.19439142E-05     -0.83526555E-05
      28     -0.30205513E-01     -0.30424703E-01     -0.20208669E-05     -0.83526555E-05
      29     -0.30228606E-01     -0.30424703E-01     -0.20995480E-05     -0.83526555E-05
      30     -0.30251699E-01     -0.30424703E-01     -0.21782292E-05     -0.83526555E-05
      31     -0.30263666E-01     -0.30424703E-01     -0.22715252E-05     -0.83526555E-05
      32     -0.30275633E-01     -0.30424703E-01     -0.23648212E-05     -0.83526555E-05
      33     -0.30281837E-01     -0.30424703E-01     -0.24769102E-05     -0.83526555E-05
      34     -0.30288041E-01     -0.30424703E-01     -0.25889993E-05     -0.83526555E-05
      35     -0.30293936E-01     -0.30424703E-01     -0.26857442E-05     -0.83526555E-05
      36     -0.30299831E-01     -0.30424703E-01     -0.27824892E-05     -0.83526555E-05
      37     -0.30304449E-01     -0.30424703E-01     -0.28653522E-05     -0.83526555E-05
      38     -0.30309067E-01     -0.30424703E-01     -0.29482153E-05     -0.83526555E-05
      39     -0.30312595E-01     -0.30424703E-01     -0.30157540E-05     -0.83526555E-05
      40     -0.30316122E-01     -0.30424703E-01     -0.30832927E-05     -0.83526555E-05
      41     -0.30320609E-01     -0.30424703E-01     -0.31610625E-05     -0.83526555E-05
      42     -0.30325071E-01     -0.30424703E-01     -0.32388960E-05     -0.83526555E-05
      43     -0.30327952E-01     -0.30424703E-01     -0.33136669E-05     -0.83526555E-05
      44     -0.30330831E-01     -0.30424703E-01     -0.33884559E-05     -0.83526555E-05
      45     -0.30333811E-01     -0.30424703E-01     -0.34367666E-05     -0.83526555E-05
      46     -0.30336791E-01     -0.30424703E-01     -0.34850772E-05     -0.83526555E-05
      47     -0.30339575E-01     -0.30424703E-01     -0.35537593E-05     -0.83526555E-05
      48     -0.30342358E-01     -0.30424703E-01     -0.36224413E-05     -0.83526555E-05
      49     -0.30343579E-01     -0.30424703E-01     -0.37433113E-05     -0.83526555E-05
      50     -0.30344800E-01     -0.30424703E-01     -0.38641813E-05     -0.83526555E-05
      51     -0.30346280E-01     -0.30424703E-01     -0.39396864E-05     -0.83526555E-05
      52     -0.30347760E-01     -0.30424703E-01     -0.40151916E-05     -0.83526555E-05
 
# q=  0.50000000E+00  0.50000000E+00  0.25000000E+00  (qpt 12)
#ncbands         Re chi(0,0)              extrap   Re chi(Gmax,Gmax)              extrap
       1     -0.44353917E-02     -0.30424261E-01     -0.10293025E-06     -0.97666532E-05
       2     -0.88707835E-02     -0.30424261E-01     -0.20586050E-06     -0.97666532E-05
       3     -0.12059794E-01     -0.30424261E-01     -0.28281756E-06     -0.97666532E-05
       4     -0.15248805E-01     -0.30424261E-01     -0.35977463E-06     -0.97666532E-05
       5     -0.17900357E-01     -0.30424261E-01     -0.42504056E-06     -0.97666532E-05
       6     -0.20551909E-01     -0.30424261E-01     -0.49030649E-06     -0.97666532E-05
       7     -0.22427985E-01     -0.30424261E-01     -0.55808890E-06     -0.97666532E-05
       8     -0.24304062E-01     -0.30424261E-01     -0.62587132E-06     -0.97666532E-05
       9     -0.25243170E-01     -0.30424261E-01     -0.69499449E-06     -0.97666532E-05
      10     -0.26182301E-01     -0.30424261E-01     -0.76411908E-06     -0.97666532E-05
      11     -0.26905246E-01     -0.30424261E-01     -0.83754261E-06     -0.97666532E-05
      12     -0.27628178E-01     -0.30424261E-01     -0.91096484E-06     -0.97666532E-05
      13     -0.28044335E-01     -0.30424261E-01     -0.98211379E-06     -0.97666532E-05
      14     -0.28460491E-01     -0.30424261E-01     -0.10532627E-05     -0.97666532E-05
      15     -0.28819988E-01     -0.30424261E-01     -0.11293834E-05     -0.97666532E-05
      16     -0.29179485E-01     -0.30424261E-01     -0.12055041E-05     -0.97666532E-05
      17     -0.29429567E-01     -0.30424261E-01     -0.12577546E-05     -0.97666532E-05
      18     -0.29679650E-01     -0.30424261E-01     -0.13100052E-05     -0.97666532E-05
      19     -0.29817402E-01     -0.30424261E-01     -0.13760081E-05     -0.97666532E-05
      20     -0.29955154E-01     -0.30424261E-01     -0.14420110E-05     -0.97666532E-05
      21     -0.30002117E-01     -0.30424261E-01     -0.15120536E-05     -0.97666532E-05
      22     -0.30049080E-01     -0.30424261E-01     -0.15820962E-05     -0.97666532E-05
      23     -0.30075851E-01     -0.30424261E-01     -0.16582056E-05     -0.97666532E-05
      24     -0.30102623E-01     -0.30424261E-01     -0.17343150E-05     -0.97666532E-05
      25     -0.30127715E-01     -0.30424261E-01     -0.18020840E-05     -0.97666532E-05
      26     -0.30152807E-01     -0.30424261E-01     -0.18698531E-05     -0.97666532E-05
      27     -0.30179160E-01     -0.30424261E-01     -0.19671956E-05     -0.97666532E-05
      28     -0.30205513E-01     -0.30424261E-01     -0.20645381E-05     -0.97666532E-05
      29     -0.30228945E-01     -0.30424261E-01     -0.21516419E-05     -0.97666532E-05
      30     -0.30252378E-01     -0.30424261E-01     -0.22387459E-05     -0.97666532E-05
      31     -0.30264006E-01     -0.30424261E-01     -0.23240075E-05     -0.97666532E-05
      32     -0.30275633E-01     -0.30424261E-01     -0.24092691E-05     -0.97666532E-05
      33     -0.30281241E-01     -0.30424261E-01     -0.25108984E-05     -0.97666532E-05
      34     -0.30286849E-01     -0.30424261E-01     -0.26125277E-05     -0.97666532E-05
      35     -0.30293284E-01     -0.30424261E-01     -0.27092582E-05     -0.97666532E-05
      36     -0.30299719E-01     -0.30424261E-01     -0.28059888E-05     -0.97666532E-05
      37     -0.30304389E-01     -0.30424261E-01     -0.29215689E-05     -0.97666532E-05
      38     -0.30309058E-01     -0.30424261E-01     -0.30371490E-05     -0.97666532E-05
      39     -0.30312405E-01     -0.30424261E-01     -0.31162810E-05     -0.97666532E-05
      40     -0.30315752E-01     -0.30424261E-01     -0.31954129E-05     -0.97666532E-05
      41     -0.30320104E-01     -0.30424261E-01     -0.32616284E-05     -0.97666532E-05
      42     -0.30324495E-01     -0.30424261E-01     -0.33276823E-05     -0.97666532E-05
      43     -0.30327661E-01     -0.30424261E-01     -0.34158753E-05     -0.97666532E-05
      44     -0.30330831E-01     -0.30424261E-01     -0.35040015E-05     -0.97666532E-05
      45     -0.30333858E-01     -0.30424261E-01     -0.35830266E-05     -0.97666532E-05
      46     -0.30336885E-01     -0.30424261E-01     -0.36620517E-05     -0.97666532E-05
      47     -0.30339621E-01     -0.30424261E-01     -0.37328720E-05     -0.97666532E-05
      48     -0.30342358E-01     -0.30424261E-01     -0.38036923E-05     -0.97666532E-05
      49     -0.30343568E-01     -0.30424261E-01     -0.39344820E-05     -0.97666532E-05
      50     -0.30344779E-01     -0.30424261E-01     -0.40652717E-05     -0.97666532E-05
      51     -0.30346269E-01     -0.30424261E-01     -0.41891575E-05     -0.97666532E-05
      52     -0.30347760E-01     -0.30424261E-01     -0.43130433E-05     -0.97666532E-05
 
# q=  0.25000000E+00  0.25000000E+00  0.50000000E+00  (qpt 13)
#ncbands         Re chi(0,0)              extrap   Re chi(Gmax,Gmax)              extrap
       1     -0.45720338E-02     -0.27278738E-01     -0.10802734E-06     -0.95357019E-05
       2     -0.91440676E-02     -0.27278738E-01     -0.21605467E-06     -0.95357019E-05
       3     -0.12087548E-01     -0.27278738E-01     -0.28435223E-06     -0.95357019E-05
       4     -0.15031028E-01     -0.27278738E-01     -0.35264979E-06     -0.95357019E-05
       5     -0.17367880E-01     -0.27278738E-01     -0.43594865E-06     -0.95357019E-05
       6     -0.19704733E-01     -0.27278738E-01     -0.51924751E-06     -0.95357019E-05
       7     -0.21317279E-01     -0.27278738E-01     -0.59119251E-06     -0.95357019E-05
       8     -0.22929825E-01     -0.27278738E-01     -0.66313751E-06     -0.95357019E-05
       9     -0.23708239E-01     -0.27278738E-01     -0.73461709E-06     -0.95357019E-05
      10     -0.24486616E-01     -0.27278738E-01     -0.80609851E-06     -0.95357019E-05
      11     -0.25001667E-01     -0.27278738E-01     -0.89316659E-06     -0.95357019E-05
      12     -0.25516742E-01     -0.27278738E-01     -0.98023317E-06     -0.95357019E-05
      13     -0.25827889E-01     -0.27278738E-01     -0.10449612E-05     -0.95357019E-05
      14     -0.26139037E-01     -0.27278738E-01     -0.11096892E-05     -0.95357019E-05
      15     -0.26384429E-01     -0.27278738E-01     -0.11774850E-05     -0.95357019E-05
      16     -0.26629821E-01     -0.27278738E-01     -0.12452808E-05     -0.95357019E-05
      17     -0.26783158E-01     -0.27278738E-01     -0.12901323E-05     -0.95357019E-05
      18     -0.26936495E-01     -0.27278738E-01     -0.13349838E-05     -0.95357019E-05
      19     -0.26997033E-01     -0.27278738E-01     -0.14081552E-05     -0.95357019E-05
      20     -0.27057571E-01     -0.27278738E-01     -0.14813266E-05     -0.95357019E-05
      21     -0.27077196E-01     -0.27278738E-01     -0.15475647E-05     -0.95357019E-05
      22     -0.27096820E-01     -0.27278738E-01     -0.16138027E-05     -0.95357019E-05
      23     -0.27111840E-01     -0.27278738E-01     -0.16834003E-05     -0.95357019E-05
      24     -0.27126861E-01     -0.27278738E-01     -0.17529980E-05     -0.95357019E-05
      25     -0.27139049E-01     -0.27278738E-01     -0.18151262E-05     -0.95357019E-05
      26     -0.27151238E-01     -0.27278738E-01     -0.18772544E-05     -0.95357019E-05
      27     -0.27162450E-01     -0.27278738E-01     -0.19648962E-05     -0.95357019E-05
      28     -0.27173662E-01     -0.27278738E-01     -0.20525380E-05     -0.95357019E-05
      29     -0.27179533E-01     -0.27278738E-01     -0.21357666E-05     -0.95357019E-05
      30     -0.27185404E-01     -0.27278738E-01     -0.22189953E-05     -0.95357019E-05
      31     -0.27190368E-01     -0.27278738E-01     -0.23078982E-05     -0.95357019E-05
      32     -0.27195332E-01     -0.27278738E-01     -0.23968012E-05     -0.95357019E-05
      33     -0.27197637E-01     -0.27278738E-01     -0.25091005E-05     -0.95357019E-05
      34     -0.27199942E-01     -0.27278738E-01     -0.26213998E-05     -0.95357019E-05
      35     -0.27202881E-01     -0.27278738E-01     -0.27329551E-05     -0.95357019E-05
      36     -0.27205819E-01     -0.27278738E-01     -0.28445104E-05     -0.95357019E-05
      37     -0.27208264E-01     -0.27278738E-01     -0.29588712E-05     -0.95357019E-05
      38     -0.27210710E-01     -0.27278738E-01     -0.30732320E-05     -0.95357019E-05
      39     -0.27212679E-01     -0.27278738E-01     -0.31400415E-05     -0.95357019E-05
      40     -0.27214649E-01     -0.27278738E-01     -0.32068511E-05     -0.95357019E-05
      41     -0.27217094E-01     -0.27278738E-01     -0.32808301E-05     -0.95357019E-05
      42     -0.27219511E-01     -0.27278738E-01     -0.33546635E-05     -0.95357019E-05
      43     -0.27221330E-01     -0.27278738E-01     -0.34655577E-05     -0.95357019E-05
      44     -0.27223147E-01     -0.27278738E-01     -0.35764268E-05     -0.95357019E-05
      45     -0.27225141E-01     -0.27278738E-01     -0.36488107E-05     -0.95357019E-05
      46     -0.27227135E-01     -0.27278738E-01     -0.37211947E-05     -0.95357019E-05
      47     -0.27228555E-01     -0.27278738E-01     -0.37942854E-05     -0.95357019E-05
      48     -0.27229976E-01     -0.27278738E-01     -0.38673761E-05     -0.95357019E-05
      49     -0.27230690E-01     -0.27278738E-01     -0.40005562E-05     -0.95357019E-05
      50     -0.27231405E-01     -0.27278738E-01     -0.41337363E-05     -0.95357019E-05
      51     -0.27232393E-01     -0.27278738E-01     -0.42400405E-05     -0.95357019E-05
      52     -0.27233381E-01     -0.27278738E-01     -0.43463446E-05     -0.95357019E-05
 
