# Generated by LORRAX 0.1.0 at 2026-05-07 17:02:03 UTC
  0.000000000  0.000000000  0.000000000     150
       1       1  -76.713494963  -94.647689817
       1       2  -76.713494963  -94.647689817
       1       3  -76.713258500  -94.886730872
       1       4  -76.713258500  -94.886730872
       1       5  -48.767227590  -59.971107781
       1       6  -48.767227590  -59.971107781
       1       7  -48.765685424  -60.154238782
       1       8  -48.765685424  -60.154238781
       1       9  -47.746201779  -58.089826682
       1      10  -47.746201779  -58.089826683
       1      11  -47.742995570  -58.258634662
       1      12  -47.742995570  -58.258634663
       1      13  -47.732633440  -58.515365395
       1      14  -47.732633440  -58.515365393
       1      15  -47.732323940  -58.572924538
       1      16  -47.732323940  -58.572924550
       1      17  -18.441032992  -23.379527821
       1      18  -18.441032992  -23.379527822
       1      19  -17.723185802  -20.204978118
       1      20  -17.723185802  -20.204978118
       1      21  -17.416388334  -21.758797032
       1      22  -17.416388334  -21.758797034
       1      23  -17.414301695  -21.751299764
       1      24  -17.414301695  -21.751299764
       1      25  -17.324826849  -20.782304853
       1      26  -17.324826849  -20.782304852
       1      27  -17.324148498  -20.787323166
       1      28  -17.324148498  -20.787323166
       1      29   -9.959461362  -13.033708152
       1      30   -9.959461362  -13.033708147
       1      31   -9.543839454   -9.484354899
       1      32   -9.543839454   -9.484354908
       1      33   -9.213821404   -9.303749769
       1      34   -9.213821404   -9.303749764
       1      35   -9.153301741   -9.514277230
       1      36   -9.153301741   -9.514277227
       1      37   -8.995140028   -9.500027103
       1      38   -8.995140028   -9.500027111
       1      39   -8.630804531  -10.960430704
       1      40   -8.630804531  -10.960430707
       1      41   -8.597008564  -10.257830278
       1      42   -8.597008564  -10.257830275
       1      43   -8.099844844  -11.458042502
       1      44   -8.099844844  -11.458042502
       1      45   -7.813525603   -7.711438909
       1      46   -7.813525603   -7.711438906
       1      47   -7.750285375   -8.135836426
       1      48   -7.750285375   -8.135836426
       1      49   -7.703121646   -8.712151671
       1      50   -7.703121646   -8.712151673
       1      51   -7.488484379   -8.405650599
       1      52   -7.488484379   -8.405650609
       1      53   -7.245902686   -8.361310882
       1      54   -7.245902686   -8.361310883
       1      55   -7.031358492   -5.222063949
       1      56   -7.031358492   -5.222063946
       1      57   -6.543162825   -8.684575106
       1      58   -6.543162825   -8.684575104
       1      59   -6.360176390   -9.368629371
       1      60   -6.360176390   -9.368629372
       1      61   -5.931335490   -6.239969704
       1      62   -5.931335490   -6.239969703
       1      63   -5.463141670   -8.192306368
       1      64   -5.463141670   -8.192306350
       1      65   -5.105371168   -5.366261347
       1      66   -5.105371168   -5.366261350
       1      67   -5.026027199   -2.392721637
       1      68   -5.026027199   -2.392721634
       1      69   -5.021121782   -1.093270854
       1      70   -5.021121782   -1.093270861
       1      71   -4.914710754   -2.916786513
       1      72   -4.914710754   -2.916786516
       1      73   -4.762397666   -5.767691079
       1      74   -4.762397666   -5.767691085
       1      75   -4.734145417   -2.894140070
       1      76   -4.734145417   -2.894140053
       1      77   -3.703046752    1.949790311
       1      78   -3.703046752    1.949790344
       1      79   -3.657549999    1.424779781
       1      80   -3.657549999    1.424779788
       1      81   -3.484237769    0.300459680
       1      82   -3.484237769    0.300459689
       1      83   -3.222756107   -1.194978422
       1      84   -3.222756107   -1.194978381
       1      85   -0.840903355    1.907254103
       1      86   -0.840903355    1.907254105
       1      87   -0.368042071    2.116988557
       1      88   -0.368042071    2.116988540
       1      89   -0.004034916    7.076145076
       1      90   -0.004034916    7.076145056
       1      91    0.086290476   16.347196516
       1      92    0.086290476   16.347196523
       1      93    0.833253936    0.699901824
       1      94    0.833253936    0.699901817
       1      95    1.203118698   11.770486900
       1      96    1.203118698   11.770486906
       1      97    1.267278416   -1.604181763
       1      98    1.267278416   -1.604181778
       1      99    1.271940071   -0.902331675
       1     100    1.271940071   -0.902331677
       1     101    1.310110918    3.346145811
       1     102    1.310110918    3.346145809
       1     103    1.311603052    2.275553313
       1     104    1.311603052    2.275553322
       1     105    2.204161363    4.212862973
       1     106    2.204161363    4.212862975
       1     107    2.621505650    3.203863488
       1     108    2.621505650    3.203863468
       1     109    2.644913747    3.696560427
       1     110    2.644913747    3.696560454
       1     111    2.664137568    4.553106471
       1     112    2.664137568    4.553106474
       1     113    2.786165385   11.967935198
       1     114    2.786165385   11.967935199
       1     115    2.945623161   -0.775862709
       1     116    2.945623161   -0.775862696
       1     117    3.100268008   -1.233535342
       1     118    3.100268008   -1.233535349
       1     119    3.256999538    1.598923579
       1     120    3.256999538    1.598923576
       1     121    3.376453901    2.552351558
       1     122    3.376453901    2.552351558
       1     123    3.429674707    4.181580026
       1     124    3.429674707    4.181579991
       1     125    3.936352755   40.590217665
       1     126    3.936352755   40.590217697
       1     127    4.007511047    7.726270847
       1     128    4.007511047    7.726270780
       1     129    4.011304615   51.945395267
       1     130    4.011304615   51.945395369
       1     131    4.054305678    9.708569816
       1     132    4.054305678    9.708569819
       1     133    4.253746735   10.436950194
       1     134    4.253746735   10.436950195
       1     135    4.298562148   17.667675616
       1     136    4.298562148   17.667675647
       1     137    4.393543720    4.316807448
       1     138    4.393543720    4.316807564
       1     139    4.488426579   -0.286586173
       1     140    4.488426579   -0.286586195
       1     141    4.499005608    4.937372140
       1     142    4.499005608    4.937372198
       1     143    4.578248916   -1.725457689
       1     144    4.578248916   -1.725457823
       1     145    5.122772977   11.004024645
       1     146    5.122772977   11.004025120
       1     147    5.213966653   25.057210505
       1     148    5.213966653   25.057210117
       1     149    5.244750400   22.147263200
       1     150    5.244750400   22.147263364
  0.000000000  0.166666667  0.000000000     150
       1       1  -76.713480281  -94.600325971
       1       2  -76.713480281  -94.600325970
       1       3  -76.713272458  -94.799994246
       1       4  -76.713272458  -94.799994245
       1       5  -48.767136659  -60.009944442
       1       6  -48.767136658  -60.009944451
       1       7  -48.765775974  -60.104108967
       1       8  -48.765775974  -60.104108976
       1       9  -47.746022793  -58.119672771
       1      10  -47.746022786  -58.119674224
       1      11  -47.743197860  -58.203981686
       1      12  -47.743197850  -58.203984102
       1      13  -47.732601991  -58.535696637
       1      14  -47.732601981  -58.535699040
       1      15  -47.732331644  -58.559814784
       1      16  -47.732331636  -58.559816227
       1      17  -18.383437766  -23.234782271
       1      18  -18.383437750  -23.234785949
       1      19  -17.690066404  -20.274166558
       1      20  -17.690066393  -20.274163094
       1      21  -17.493932448  -21.912470474
       1      22  -17.493932368  -21.912478076
       1      23  -17.446852608  -21.816527189
       1      24  -17.446852504  -21.816528971
       1      25  -17.331117982  -20.630013267
       1      26  -17.331117606  -20.630075210
       1      27  -17.329998123  -20.760540849
       1      28  -17.329997775  -20.760598728
       1      29   -9.965484082  -13.280421390
       1      30   -9.965483316  -13.280456344
       1      31   -9.533155511   -9.993512673
       1      32   -9.533155179   -9.993518424
       1      33   -9.192112464   -9.350916833
       1      34   -9.192105425   -9.351072819
       1      35   -9.171387465   -9.082702789
       1      36   -9.171377599   -9.083201850
       1      37   -9.044179379   -9.849349253
       1      38   -9.044175659   -9.849565777
       1      39   -8.632150662  -10.806728095
       1      40   -8.632144403  -10.806520600
       1      41   -8.292068422   -9.402890188
       1      42   -8.292060872   -9.402742369
       1      43   -8.037413391   -8.516017616
       1      44   -8.037412642   -8.516057124
       1      45   -7.830330529   -8.699076742
       1      46   -7.830327658   -8.699878519
       1      47   -7.740618927   -9.007668175
       1      48   -7.740617323   -9.008014742
       1      49   -7.644696105   -9.407611823
       1      50   -7.644691543   -9.408230555
       1      51   -7.428710106   -9.204398875
       1      52   -7.428706998   -9.204661997
       1      53   -7.231350304   -8.373498952
       1      54   -7.231347359   -8.373667078
       1      55   -7.010613687   -6.555913547
       1      56   -7.010611746   -6.556099218
       1      57   -6.613644353   -8.987283806
       1      58   -6.613642758   -8.987465000
       1      59   -6.444021756   -9.290910509
       1      60   -6.444020427   -9.290818554
       1      61   -6.133928360   -6.868033695
       1      62   -6.133922823   -6.867966910
       1      63   -5.767397585   -7.772008829
       1      64   -5.767396767   -7.771937925
       1      65   -5.108432226   -4.724692110
       1      66   -5.108431836   -4.724671295
       1      67   -4.977049776   -3.132094906
       1      68   -4.977049185   -3.132135446
       1      69   -4.942930490   -1.992248131
       1      70   -4.942930074   -1.992147095
       1      71   -4.835240467   -2.089285668
       1      72   -4.835238795   -2.089263775
       1      73   -4.771928601   -3.055001218
       1      74   -4.771927621   -3.054774594
       1      75   -4.718330688   -2.996755205
       1      76   -4.718329718   -2.996731982
       1      77   -3.710625154    1.765826669
       1      78   -3.710624833    1.765794181
       1      79   -3.639617266    1.326574947
       1      80   -3.639617021    1.326530551
       1      81   -3.538770311    1.086633984
       1      82   -3.538769573    1.086699570
       1      83   -3.344075469   -0.031512095
       1      84   -3.344075181   -0.031511763
       1      85   -0.586748360    3.415336216
       1      86   -0.586745215    3.414870794
       1      87   -0.343548327    1.223768702
       1      88   -0.343548044    1.223741787
       1      89    0.130872866   12.046114811
       1      90    0.130876275   12.045907659
       1      91    0.451513394    9.437113400
       1      92    0.451515236    9.435879138
       1      93    0.576412684   -1.026715712
       1      94    0.576413686   -1.027766854
       1      95    0.832487003   -1.472883593
       1      96    0.832487757   -1.472849907
       1      97    1.196661500    2.452390862
       1      98    1.196662555    2.452331891
       1      99    1.398949489    6.897764913
       1     100    1.398950452    6.897566010
       1     101    1.464269230    2.865691126
       1     102    1.464270492    2.865859701
       1     103    1.687582557    5.004099527
       1     104    1.687582909    5.003936611
       1     105    2.084765795    5.523276782
       1     106    2.084767187    5.523344736
       1     107    2.318932271    2.575977241
       1     108    2.318934104    2.576233060
       1     109    2.488235061    4.788327758
       1     110    2.488238753    4.781501823
       1     111    2.518856773    3.794278053
       1     112    2.518868671    3.798868360
       1     113    2.593339874    4.610993241
       1     114    2.593350468    4.605154716
       1     115    2.764592780    7.727041439
       1     116    2.764604863    7.725636312
       1     117    2.805441359    7.411537334
       1     118    2.805452520    7.410058605
       1     119    3.105858045    4.528040665
       1     120    3.105859466    4.528047046
       1     121    3.160671053    6.788748870
       1     122    3.160673615    6.788152469
       1     123    3.315229036    4.093142999
       1     124    3.315230622    4.089687309
       1     125    3.373953756    4.871702531
       1     126    3.373954323    4.876547056
       1     127    3.736357301    7.778804833
       1     128    3.736359526    7.778587410
       1     129    3.870010927   26.457678523
       1     130    3.870015016   26.458466845
       1     131    3.992877200   24.519864008
       1     132    3.992879772   24.520496101
       1     133    4.094533098   16.667705225
       1     134    4.094534403   16.658402756
       1     135    4.109134244   18.352355425
       1     136    4.109135612   18.354719286
       1     137    4.396121320   13.392893474
       1     138    4.396122061   13.393382322
       1     139    4.532194068   29.217539667
       1     140    4.532195375   29.217794305
       1     141    4.741855859   15.946252225
       1     142    4.741858237   15.946493993
       1     143    4.839978397   46.065968570
       1     144    4.839979739   46.065780595
       1     145    5.024513905    5.151236335
       1     146    5.024514747    5.150824430
       1     147    5.105218890   18.670872615
       1     148    5.105219426   18.671104244
       1     149    5.339809590    5.175681000
       1     150    5.339810428    5.177376723
  0.000000000  0.333333333  0.000000000     150
       1       1  -76.713446623  -94.619107256
       1       2  -76.713446623  -94.619107256
       1       3  -76.713308226  -94.616005379
       1       4  -76.713308226  -94.616005378
       1       5  -48.766901820  -60.013586145
       1       6  -48.766901820  -60.013586159
       1       7  -48.766012391  -60.087304923
       1       8  -48.766012390  -60.087304937
       1       9  -47.745556142  -58.123355624
       1      10  -47.745556130  -58.123358003
       1      11  -47.743711038  -58.204484459
       1      12  -47.743711025  -58.204487760
       1      13  -47.732531967  -58.526902358
       1      14  -47.732531952  -58.526905530
       1      15  -47.732356883  -58.537348843
       1      16  -47.732356870  -58.537351095
       1      17  -18.225460356  -23.065483849
       1      18  -18.225460328  -23.065490691
       1      19  -17.686108268  -22.231935341
       1      20  -17.686108223  -22.231944284
       1      21  -17.601692739  -20.330328581
       1      22  -17.601692729  -20.330321516
       1      23  -17.495744692  -22.073562209
       1      24  -17.495744633  -22.073562511
       1      25  -17.377719493  -20.476556633
       1      26  -17.377719459  -20.476558691
       1      27  -17.352210940  -20.536505660
       1      28  -17.352210876  -20.536505133
       1      29   -9.967870419  -13.186275621
       1      30   -9.967869847  -13.186293561
       1      31   -9.463046825  -10.809091783
       1      32   -9.463045782  -10.809117474
       1      33   -9.257051836   -9.118029862
       1      34   -9.257050557   -9.117985889
       1      35   -9.091124562   -9.298964986
       1      36   -9.091115643   -9.299019044
       1      37   -8.950733982   -9.907753122
       1      38   -8.950727766   -9.907612355
       1      39   -8.414130467   -9.529495848
       1      40   -8.414129607   -9.529174143
       1      41   -8.264572645   -9.161305038
       1      42   -8.264569285   -9.161326188
       1      43   -7.950099882   -8.542569620
       1      44   -7.950096582   -8.541824320
       1      45   -7.889015341   -7.206982370
       1      46   -7.889011219   -7.208061807
       1      47   -7.649997624   -9.348396193
       1      48   -7.649994412   -9.348875815
       1      49   -7.528402227   -9.090892321
       1      50   -7.528399643   -9.091742002
       1      51   -7.409615583   -8.516987450
       1      52   -7.409611960   -8.517561972
       1      53   -7.131177029   -9.595258946
       1      54   -7.131168873   -9.595395746
       1      55   -7.011519215   -9.802955824
       1      56   -7.011509858   -9.803770389
       1      57   -6.796259114   -9.309447917
       1      58   -6.796257746   -9.309691156
       1      59   -6.604516312   -8.773558704
       1      60   -6.604515074   -8.773514547
       1      61   -6.325285554   -7.959885434
       1      62   -6.325280833   -7.960036434
       1      63   -5.965218058   -7.216208740
       1      64   -5.965216935   -7.216236442
       1      65   -5.156806775   -4.262810763
       1      66   -5.156806538   -4.262772398
       1      67   -5.001445068   -4.845625489
       1      68   -5.001444652   -4.845528340
       1      69   -4.923178959   -3.891725982
       1      70   -4.923178685   -3.891688715
       1      71   -4.809260532   -0.886489753
       1      72   -4.809260166   -0.886380058
       1      73   -4.755527699   -1.594699237
       1      74   -4.755525957   -1.594535595
       1      75   -4.654949364   -2.085214178
       1      76   -4.654948702   -2.085232371
       1      77   -3.714212673    1.705017222
       1      78   -3.714212153    1.705011728
       1      79   -3.608637447    1.182651161
       1      80   -3.608636813    1.183071734
       1      81   -3.574350632    3.178847344
       1      82   -3.574349638    3.179317069
       1      83   -3.464314643    2.003435762
       1      84   -3.464313768    2.003528357
       1      85   -0.551207860   -2.027005038
       1      86   -0.551207721   -2.027035947
       1      87   -0.059989186    5.816018224
       1      88   -0.059981775    5.815124196
       1      89    0.284077090    7.540905511
       1      90    0.284084628    7.540567830
       1      91    0.443558813    1.390622303
       1      92    0.443563424    1.377382273
       1      93    0.473432035   -1.290769734
       1      94    0.473436085   -1.303415573
       1      95    0.691385806    1.675097283
       1      96    0.691386563    1.675475258
       1      97    1.190695143    4.886532483
       1      98    1.190697704    4.885581464
       1      99    1.242016609    4.547929766
       1     100    1.242018662    4.546446792
       1     101    1.349200752    5.340512586
       1     102    1.349201258    5.340931364
       1     103    1.558748655    5.199579326
       1     104    1.558749433    5.198948288
       1     105    1.784586631    6.843329610
       1     106    1.784587190    6.842710636
       1     107    2.078798431    1.903678753
       1     108    2.078799463    1.904496218
       1     109    2.169720427    5.022275647
       1     110    2.169722208    5.023167632
       1     111    2.326436091    8.219663241
       1     112    2.326437306    8.218371617
       1     113    2.381091560    4.688144744
       1     114    2.381092967    4.688199896
       1     115    2.611335110   10.310824147
       1     116    2.611335935   10.310510818
       1     117    2.829458212    6.277192829
       1     118    2.829468117    6.275589447
       1     119    2.841812079    6.561169366
       1     120    2.841821464    6.561259149
       1     121    3.222812284   11.385388743
       1     122    3.222814849   11.378940366
       1     123    3.253777686    9.645579296
       1     124    3.253779424    9.638395272
       1     125    3.293805721   16.988512311
       1     126    3.293806401   16.990477121
       1     127    3.397369987   14.196809715
       1     128    3.397371760   14.194039523
       1     129    3.503433629    3.862610886
       1     130    3.503434923    3.861891560
       1     131    3.944727265   15.592360775
       1     132    3.944729380   15.591635486
       1     133    3.994613739   17.430018148
       1     134    3.994614975   17.429757490
       1     135    4.068162144    8.866362050
       1     136    4.068164250    8.864896961
       1     137    4.157560578   14.943755969
       1     138    4.157560633   14.944070743
       1     139    4.444228074   40.453069659
       1     140    4.444229058   40.453610349
       1     141    4.592447967   19.506022477
       1     142    4.592450677   19.505513864
       1     143    4.840159832   26.271307757
       1     144    4.840163389   26.270039348
       1     145    5.388342783   30.428304341
       1     146    5.388344437   30.428706865
       1     147    5.557712166   46.318205313
       1     148    5.557713172   46.319243464
       1     149    5.692864945   34.789902411
       1     150    5.692866583   34.791429050
  0.000000000 -0.500000000  0.000000000     150
       1       1  -76.713412828  -94.762503030
       1       2  -76.713412828  -94.762503030
       1       3  -76.713333266  -94.434443815
       1       4  -76.713333266  -94.434443815
       1       5  -48.766711086  -60.004602004
       1       6  -48.766711086  -60.004602005
       1       7  -48.766197304  -60.024137269
       1       8  -48.766197304  -60.024137269
       1       9  -47.745175838  -58.116213672
       1      10  -47.745175838  -58.116213674
       1      11  -47.744110900  -58.112731930
       1      12  -47.744110900  -58.112731930
       1      13  -47.732485131  -58.511216852
       1      14  -47.732485131  -58.511216855
       1      15  -47.732378529  -58.547603613
       1      16  -47.732378529  -58.547603612
       1      17  -18.069573375  -22.937754176
       1      18  -18.069573375  -22.937754178
       1      19  -17.857624753  -22.467874993
       1      20  -17.857624753  -22.467874992
       1      21  -17.516726321  -22.188962526
       1      22  -17.516726321  -22.188962526
       1      23  -17.513262386  -20.595021802
       1      24  -17.513262386  -20.595021802
       1      25  -17.449875881  -20.226724408
       1      26  -17.449875881  -20.226724407
       1      27  -17.363851381  -20.528522141
       1      28  -17.363851381  -20.528522142
       1      29   -9.981747325  -13.032740203
       1      30   -9.981747325  -13.032740201
       1      31   -9.380381424  -10.940877952
       1      32   -9.380381424  -10.940877928
       1      33   -9.286710949   -9.193377135
       1      34   -9.286710949   -9.193377127
       1      35   -8.897792846   -9.701541977
       1      36   -8.897792846   -9.701541982
       1      37   -8.885969557   -8.880398819
       1      38   -8.885969557   -8.880398816
       1      39   -8.479578107   -9.644836305
       1      40   -8.479578107   -9.644836319
       1      41   -8.262968053   -8.296205334
       1      42   -8.262968053   -8.296205338
       1      43   -8.040329174  -10.033702657
       1      44   -8.040329174  -10.033702667
       1      45   -7.802062700   -7.561250944
       1      46   -7.802062700   -7.561250949
       1      47   -7.796038317   -7.955248899
       1      48   -7.796038317   -7.955248906
       1      49   -7.454372290   -8.037853321
       1      50   -7.454372290   -8.037853337
       1      51   -7.428460295   -9.770775806
       1      52   -7.428460295   -9.770775815
       1      53   -7.224022088   -9.335517652
       1      54   -7.224022088   -9.335517656
       1      55   -6.860681885   -8.858458837
       1      56   -6.860681885   -8.858458842
       1      57   -6.781365143  -10.702190518
       1      58   -6.781365143  -10.702190525
       1      59   -6.593824965   -9.603788602
       1      60   -6.593824965   -9.603788604
       1      61   -6.383133372   -8.193170183
       1      62   -6.383133372   -8.193170182
       1      63   -5.973024056   -7.342045073
       1      64   -5.973024056   -7.342045079
       1      65   -5.207406980   -4.804112822
       1      66   -5.207406980   -4.804112817
       1      67   -5.063422342   -4.490928538
       1      68   -5.063422342   -4.490928544
       1      69   -4.941080287   -4.620325624
       1      70   -4.941080287   -4.620325655
       1      71   -4.805106139   -0.770375876
       1      72   -4.805106139   -0.770375895
       1      73   -4.736063446   -0.995743999
       1      74   -4.736063446   -0.995743996
       1      75   -4.636011529   -1.426127028
       1      76   -4.636011529   -1.426127021
       1      77   -3.694097167   -0.092717550
       1      78   -3.694097167   -0.092717560
       1      79   -3.608933547    4.278746707
       1      80   -3.608933547    4.278746709
       1      81   -3.595861273    2.409256321
       1      82   -3.595861273    2.409256314
       1      83   -3.431869135    1.987405404
       1      84   -3.431869135    1.987405400
       1      85   -0.795682620   -2.590729154
       1      86   -0.795682620   -2.590729152
       1      87    0.187046832    0.292745511
       1      88    0.187046832    0.292745504
       1      89    0.322085062    1.187109698
       1      90    0.322085062    1.187109687
       1      91    0.516583615    5.649706438
       1      92    0.516583615    5.649706446
       1      93    0.517151879    3.444490168
       1      94    0.517151879    3.444490205
       1      95    0.584383589    4.581012787
       1      96    0.584383589    4.581012774
       1      97    0.665046237    5.572870938
       1      98    0.665046237    5.572870939
       1      99    1.043661404    4.871847551
       1     100    1.043661404    4.871847575
       1     101    1.111443613    0.366302936
       1     102    1.111443613    0.366302935
       1     103    1.588147630    5.228462981
       1     104    1.588147630    5.228463011
       1     105    1.776847642    7.478743682
       1     106    1.776847642    7.478743694
       1     107    1.953335393    5.057832060
       1     108    1.953335393    5.057832121
       1     109    2.505630546    5.082978163
       1     110    2.505630546    5.082978164
       1     111    2.564042968    6.509669275
       1     112    2.564042968    6.509669210
       1     113    2.618099116   16.487360157
       1     114    2.618099116   16.487360162
       1     115    2.655317092    4.667353223
       1     116    2.655317092    4.667353167
       1     117    2.711737238    6.464352612
       1     118    2.711737238    6.464352636
       1     119    2.713137291    1.342957976
       1     120    2.713137291    1.342957894
       1     121    2.805997994    7.957023576
       1     122    2.805997994    7.957023607
       1     123    3.040721310   12.692470662
       1     124    3.040721310   12.692470638
       1     125    3.052990127   12.888934722
       1     126    3.052990127   12.888934742
       1     127    3.293748179   16.374229776
       1     128    3.293748179   16.374229675
       1     129    3.310778291    6.195699625
       1     130    3.310778291    6.195699658
       1     131    3.755946889   13.847147425
       1     132    3.755946889   13.847147537
       1     133    3.809105295   17.781407615
       1     134    3.809105295   17.781407644
       1     135    4.206891797   32.142866694
       1     136    4.206891797   32.142866696
       1     137    4.397700254    7.030559881
       1     138    4.397700254    7.030559827
       1     139    4.816960149   14.995875259
       1     140    4.816960149   14.995875320
       1     141    5.047350247   44.817786736
       1     142    5.047350247   44.817786787
       1     143    5.130244138   54.784740243
       1     144    5.130244138   54.784740419
       1     145    5.330892651   18.609983938
       1     146    5.330892651   18.609984082
       1     147    5.851654811   98.068523027
       1     148    5.851654811   98.068523644
       1     149    5.904621613   63.917739696
       1     150    5.904621613   63.917739035
  0.166666667  0.166666667  0.000000000     150
       1       1  -76.713455082  -94.606014766
       1       2  -76.713455082  -94.606014765
       1       3  -76.713295817  -94.599736552
       1       4  -76.713295817  -94.599736551
       1       5  -48.766969452  -59.944599291
       1       6  -48.766969451  -59.944599316
       1       7  -48.765942117  -60.126955098
       1       8  -48.765942116  -60.126955124
       1       9  -47.745693257  -58.067375758
       1      10  -47.745693227  -58.067381661
       1      11  -47.743561127  -58.216999013
       1      12  -47.743561085  -58.217010410
       1      13  -47.732551693  -58.498033958
       1      14  -47.732551329  -58.498115908
       1      15  -47.732347642  -58.579677537
       1      16  -47.732347290  -58.579753991
       1      17  -18.274945544  -23.128508525
       1      18  -18.274945519  -23.128514718
       1      19  -17.630490375  -20.424410131
       1      20  -17.630490357  -20.424404949
       1      21  -17.607227509  -21.780828677
       1      22  -17.607227470  -21.780842161
       1      23  -17.510498598  -22.167492814
       1      24  -17.510498589  -22.167486223
       1      25  -17.357727777  -20.519958101
       1      26  -17.357727769  -20.519969282
       1      27  -17.342367308  -20.813192633
       1      28  -17.342367279  -20.813183442
       1      29   -9.923096722  -13.327165502
       1      30   -9.923095600  -13.327221642
       1      31   -9.527499274  -10.709094157
       1      32   -9.527498773  -10.709076147
       1      33   -9.222869954   -9.548287078
       1      34   -9.222868811   -9.548247007
       1      35   -9.152157822   -9.035742861
       1      36   -9.152156441   -9.035837530
       1      37   -9.010819347   -9.810643331
       1      38   -9.010813357   -9.810668075
       1      39   -8.450894880   -9.859909062
       1      40   -8.450892193   -9.859798194
       1      41   -8.211927718   -8.730650660
       1      42   -8.211926083   -8.730922019
       1      43   -8.011066181   -8.646939162
       1      44   -8.011060867   -8.646694844
       1      45   -7.847222372   -7.613800405
       1      46   -7.847220788   -7.613955876
       1      47   -7.723342629   -9.161028070
       1      48   -7.723341871   -9.160948930
       1      49   -7.473798627   -9.585522343
       1      50   -7.473797744   -9.585188341
       1      51   -7.360217925   -8.743932291
       1      52   -7.360216502   -8.744849741
       1      53   -7.245432892  -10.546730637
       1      54   -7.245430210  -10.547040957
       1      55   -7.040607170   -8.471289861
       1      56   -7.040600775   -8.471557480
       1      57   -6.692718273   -8.683811649
       1      58   -6.692716967   -8.683793998
       1      59   -6.511518479   -8.714975706
       1      60   -6.511517072   -8.715152307
       1      61   -6.313762350   -7.817232589
       1      62   -6.313754406   -7.817497479
       1      63   -6.018986073   -7.830779574
       1      64   -6.018984284   -7.830931948
       1      65   -5.061767119   -3.537828749
       1      66   -5.061766551   -3.537860443
       1      67   -5.032855433   -3.607810578
       1      68   -5.032854741   -3.607730577
       1      69   -4.893336660   -3.306975016
       1      70   -4.893335715   -3.307022825
       1      71   -4.828362055   -1.106459059
       1      72   -4.828361594   -1.106574714
       1      73   -4.754008385   -1.846698218
       1      74   -4.754006725   -1.846377606
       1      75   -4.683464919   -1.876308496
       1      76   -4.683464384   -1.876350185
       1      77   -3.744174581    1.041299869
       1      78   -3.744173961    1.041385223
       1      79   -3.600522662    2.309476443
       1      80   -3.600521320    2.309470021
       1      81   -3.573871989    2.236526122
       1      82   -3.573870595    2.236610237
       1      83   -3.413550729    1.053805713
       1      84   -3.413550189    1.053847646
       1      85   -0.388222879   -1.631219887
       1      86   -0.388222670   -1.631254584
       1      87   -0.232195138    4.681471906
       1      88   -0.232189663    4.680682469
       1      89    0.102349047    0.005281262
       1      90    0.102351266    0.002548082
       1      91    0.279634990    8.925439045
       1      92    0.279638682    8.927273409
       1      93    0.639574334    4.294745428
       1      94    0.639574357    4.294806774
       1      95    0.818839163   -0.581266864
       1      96    0.818839410   -0.581466313
       1      97    1.148070560    4.443660288
       1      98    1.148071115    4.443516071
       1      99    1.415204149    4.243268694
       1     100    1.415204616    4.243165794
       1     101    1.502217531    2.957261681
       1     102    1.502218079    2.957666997
       1     103    1.730952353    6.188441825
       1     104    1.730952771    6.188894178
       1     105    1.841491107    6.467195471
       1     106    1.841491494    6.466622290
       1     107    1.855946851    4.779056910
       1     108    1.855947426    4.780357721
       1     109    2.110578667    8.142681985
       1     110    2.110579513    8.143638619
       1     111    2.130030684    8.295677718
       1     112    2.130030990    8.296129495
       1     113    2.461669688    9.615037574
       1     114    2.461669793    9.614926306
       1     115    2.526108292    8.817997952
       1     116    2.526108801    8.817715041
       1     117    2.673801222    4.785181051
       1     118    2.673801637    4.784956048
       1     119    2.879688071    7.769652543
       1     120    2.879688688    7.769939736
       1     121    3.175678698   13.142194362
       1     122    3.175680337   13.141620997
       1     123    3.495641919   17.026998547
       1     124    3.495642276   17.026989542
       1     125    3.640328211   14.080365184
       1     126    3.640328305   14.080909957
       1     127    3.684176536    6.180738561
       1     128    3.684177417    6.179402624
       1     129    3.786525169   12.557567417
       1     130    3.786526647   12.558876625
       1     131    3.814693559    7.252991803
       1     132    3.814695896    7.253623682
       1     133    3.949340970   14.091938161
       1     134    3.949341365   14.091428438
       1     135    4.105629141    5.999472053
       1     136    4.105630012    5.999634161
       1     137    4.335324238   13.419701760
       1     138    4.335325167   13.419580137
       1     139    4.565440373   60.203916275
       1     140    4.565441471   60.205437172
       1     141    4.602585098   10.138624389
       1     142    4.602585701   10.140051720
       1     143    5.179638184    3.488263353
       1     144    5.179639518    3.487472058
       1     145    5.234254851   21.470139337
       1     146    5.234255561   21.469945887
       1     147    5.427502231   12.139023735
       1     148    5.427503237   12.138778035
       1     149    5.468587416   51.898783628
       1     150    5.468587741   51.899416258
  0.166666667  0.333333333  0.000000000     150
       1       1  -76.713415376  -94.664591516
       1       2  -76.713415375  -94.664591515
       1       3  -76.713334384  -94.564587873
       1       4  -76.713334384  -94.564587872
       1       5  -48.766711972  -59.957526419
       1       6  -48.766711967  -59.957526510
       1       7  -48.766199015  -60.063681891
       1       8  -48.766199009  -60.063681982
       1       9  -47.745177087  -58.079504613
       1      10  -47.745176968  -58.079529515
       1      11  -47.744110793  -58.148186295
       1      12  -47.744110651  -58.148221593
       1      13  -47.732494886  -58.494655786
       1      14  -47.732493707  -58.494830850
       1      15  -47.732371518  -58.563285416
       1      16  -47.732370363  -58.563450063
       1      17  -18.092190024  -22.914483610
       1      18  -18.092189994  -22.914491409
       1      19  -17.797576105  -22.326658524
       1      20  -17.797576069  -22.326667924
       1      21  -17.567596092  -22.102237288
       1      22  -17.567596070  -22.102235853
       1      23  -17.532203211  -20.445414711
       1      24  -17.532203200  -20.445417400
       1      25  -17.418120463  -20.394578607
       1      26  -17.418120449  -20.394577040
       1      27  -17.364254815  -20.593703714
       1      28  -17.364254795  -20.593699921
       1      29   -9.854764720  -13.116350818
       1      30   -9.854763816  -13.116403765
       1      31   -9.452327835  -11.359036520
       1      32   -9.452326364  -11.359061854
       1      33   -9.228129663   -8.927669862
       1      34   -9.228126984   -8.927756859
       1      35   -9.060222357   -9.281677168
       1      36   -9.060214671   -9.281809680
       1      37   -8.895033605   -9.639833884
       1      38   -8.895025653   -9.639668391
       1      39   -8.522698358   -9.281904337
       1      40   -8.522697347   -9.281601629
       1      41   -8.314391768   -9.065672241
       1      42   -8.314388827   -9.065767585
       1      43   -8.050007281   -9.192688372
       1      44   -8.050003244   -9.192723189
       1      45   -7.852566931   -7.631923188
       1      46   -7.852565118   -7.631795228
       1      47   -7.700243883   -8.787920791
       1      48   -7.700242549   -8.787416063
       1      49   -7.535571321   -8.543799771
       1      50   -7.535569125   -8.543877632
       1      51   -7.283816829   -9.550699209
       1      52   -7.283814369   -9.550506937
       1      53   -7.095852501   -9.118172341
       1      54   -7.095850955   -9.118171290
       1      55   -6.892677635  -10.270024699
       1      56   -6.892671762  -10.270302691
       1      57   -6.777740996   -9.967009815
       1      58   -6.777739025   -9.967097260
       1      59   -6.557675844   -8.960714929
       1      60   -6.557673576   -8.961065019
       1      61   -6.359144628   -7.892580660
       1      62   -6.359140546   -7.892945292
       1      63   -6.135283250   -7.866738699
       1      64   -6.135280526   -7.866611588
       1      65   -5.119243869   -3.601696358
       1      66   -5.119243629   -3.601693021
       1      67   -5.021571937   -3.370932960
       1      68   -5.021571657   -3.370898125
       1      69   -4.935066986   -5.323528804
       1      70   -4.935066693   -5.323561293
       1      71   -4.840637986   -1.871712113
       1      72   -4.840637236   -1.871581731
       1      73   -4.730706091   -1.261287406
       1      74   -4.730705054   -1.260972338
       1      75   -4.661461315   -1.408546391
       1      76   -4.661460664   -1.408490923
       1      77   -3.704119788    2.912169444
       1      78   -3.704119240    2.912220010
       1      79   -3.589806921    2.713036035
       1      80   -3.589806277    2.713157228
       1      81   -3.531117637    2.030403011
       1      82   -3.531116763    2.030531997
       1      83   -3.432616992    1.334163847
       1      84   -3.432616397    1.334203796
       1      85   -0.656322130   -2.936889187
       1      86   -0.656321967   -2.936894789
       1      87   -0.134158938    0.500970371
       1      88   -0.134158319    0.500700222
       1      89    0.169131302    2.123026685
       1      90    0.169136172    2.122008403
       1      91    0.308995422    2.364618720
       1      92    0.308997221    2.362876420
       1      93    0.545737017    7.586790112
       1      94    0.545739696    7.585253259
       1      95    0.582900281    3.745439602
       1      96    0.582903175    3.747577006
       1      97    0.875197864    1.838488283
       1      98    0.875198958    1.836888769
       1      99    1.029584703    4.722964125
       1     100    1.029585303    4.723497545
       1     101    1.172268398    6.616428451
       1     102    1.172269478    6.617211774
       1     103    1.379811244    2.542247380
       1     104    1.379812482    2.542154653
       1     105    1.507110168    6.131457149
       1     106    1.507111345    6.131481046
       1     107    1.891354650    5.001695715
       1     108    1.891355401    5.001401232
       1     109    2.109658662    8.760067722
       1     110    2.109659215    8.760337448
       1     111    2.181178832   10.092245612
       1     112    2.181179635   10.092178909
       1     113    2.430473400   11.025942046
       1     114    2.430474379   11.025685890
       1     115    2.631856352   11.763160351
       1     116    2.631856835   11.762739294
       1     117    2.690918395   12.544992341
       1     118    2.690919269   12.545365071
       1     119    3.107314469   13.647903315
       1     120    3.107315567   13.647684513
       1     121    3.186255869    7.379152226
       1     122    3.186258430    7.377907279
       1     123    3.318137257   13.485306252
       1     124    3.318139030   13.483297902
       1     125    3.404941290   13.666086612
       1     126    3.404942654   13.666497273
       1     127    3.687483531   12.601144760
       1     128    3.687486032   12.601392975
       1     129    3.808331129   10.155656944
       1     130    3.808334098   10.156598981
       1     131    3.991089420    9.875106828
       1     132    3.991092190    9.876230979
       1     133    4.042331786   10.995962447
       1     134    4.042332648   10.997883956
       1     135    4.366339537   12.950944357
       1     136    4.366343110   12.950592321
       1     137    4.644988482   16.584567489
       1     138    4.644992445   16.584384050
       1     139    4.874149534   33.404370204
       1     140    4.874151020   33.404423906
       1     141    5.157677581   10.823041733
       1     142    5.157678074   10.823286266
       1     143    5.347419798   16.188981502
       1     144    5.347422700   16.186828089
       1     145    5.482076921   43.485546106
       1     146    5.482078688   43.484873643
       1     147    5.505951476   28.065840098
       1     148    5.505953952   28.067478718
       1     149    5.661193790   74.890667628
       1     150    5.661194592   74.890914961
  0.333333333  0.333333333  0.000000000     150
       1       1  -76.713376461  -94.702983042
       1       2  -76.713376460  -94.702983034
       1       3  -76.713374413  -94.702981117
       1       4  -76.713374412  -94.702981109
       1       5  -48.766458012  -60.033212947
       1       6  -48.766456063  -60.033269512
       1       7  -48.766455964  -60.033211080
       1       8  -48.766454015  -60.033267643
       1       9  -47.744701480  -58.141263590
       1      10  -47.744699493  -58.141246262
       1      11  -47.744599433  -58.138036444
       1      12  -47.744597411  -58.138034467
       1      13  -47.732480848  -58.530841940
       1      14  -47.732478773  -58.530839804
       1      15  -47.732376292  -58.541759854
       1      16  -47.732374252  -58.541742368
       1      17  -17.927174284  -22.654433118
       1      18  -17.927173500  -22.654448752
       1      19  -17.925967650  -22.652865228
       1      20  -17.925966868  -22.652879942
       1      21  -17.632671315  -22.045930387
       1      22  -17.632671314  -22.045930337
       1      23  -17.459655830  -20.473932609
       1      24  -17.459655396  -20.473948865
       1      25  -17.459531565  -20.473510307
       1      26  -17.459531129  -20.473526557
       1      27  -17.384244868  -20.386817968
       1      28  -17.384244867  -20.386818060
       1      29   -9.602963036  -12.345005999
       1      30   -9.602962666  -12.345014943
       1      31   -9.555861087  -12.620826598
       1      32   -9.555856710  -12.620988617
       1      33   -9.141884624   -8.732016726
       1      34   -9.141884567   -8.732041928
       1      35   -9.059001730   -9.473485617
       1      36   -9.059001584   -9.473471732
       1      37   -9.009046889   -9.459330390
       1      38   -9.009036711   -9.459617794
       1      39   -8.594899336   -9.717937275
       1      40   -8.594899134   -9.717925471
       1      41   -8.331926271   -8.525304143
       1      42   -8.331926122   -8.525294780
       1      43   -8.305755890   -9.003858023
       1      44   -8.305748742   -9.003988774
       1      45   -7.832825169   -8.055855548
       1      46   -7.832824709   -8.055871131
       1      47   -7.728804565   -7.969749487
       1      48   -7.728803811   -7.969733163
       1      49   -7.342961400   -9.747331018
       1      50   -7.342961338   -9.747342494
       1      51   -7.225508889   -9.078863808
       1      52   -7.225506314   -9.078872601
       1      53   -7.015866301   -9.247180431
       1      54   -7.015866049   -9.247149492
       1      55   -6.789295894  -10.153392361
       1      56   -6.789295690  -10.153386951
       1      57   -6.778115001   -9.404977782
       1      58   -6.778104140   -9.405193424
       1      59   -6.514413322  -10.106886644
       1      60   -6.514413186  -10.106892955
       1      61   -6.392410435   -7.231438441
       1      62   -6.392399999   -7.231580303
       1      63   -6.290316328   -7.629604403
       1      64   -6.290316150   -7.629658509
       1      65   -5.013895824   -3.836402227
       1      66   -5.013895089   -3.836147017
       1      67   -4.996183921   -4.441216818
       1      68   -4.996182849   -4.441584018
       1      69   -4.975114091   -3.379635480
       1      70   -4.975113510   -3.379537539
       1      71   -4.910459577   -3.382067130
       1      72   -4.910459363   -3.382561312
       1      73   -4.714835517   -2.319305263
       1      74   -4.714835179   -2.319274798
       1      75   -4.683647483   -1.172952462
       1      76   -4.683646115   -1.172633314
       1      77   -3.689572729    4.841468573
       1      78   -3.689572405    4.841459906
       1      79   -3.537532623    2.680586194
       1      80   -3.537531574    2.680558813
       1      81   -3.527541188    1.961187532
       1      82   -3.527539965    1.961169377
       1      83   -3.368576793    1.197274476
       1      84   -3.368576526    1.197276477
       1      85   -0.558267113    0.018261353
       1      86   -0.558266757    0.018316803
       1      87   -0.553897273   -0.137579411
       1      88   -0.553897077   -0.137557566
       1      89    0.035037085   -1.880077193
       1      90    0.035037099   -1.880080473
       1      91    0.330894363    4.443540490
       1      92    0.330895972    4.442805168
       1      93    0.342611348    4.401937038
       1      94    0.342611519    4.401941886
       1      95    0.732916786    2.395270399
       1      96    0.732917466    2.395327256
       1      97    0.737935869    2.521152186
       1      98    0.737936768    2.521628528
       1      99    0.912186628    7.275964264
       1     100    0.912186652    7.276011524
       1     101    1.123838836    6.188309298
       1     102    1.123838850    6.188310348
       1     103    1.279510601    7.991509643
       1     104    1.279510755    7.991433423
       1     105    1.280165142    7.813561590
       1     106    1.280165319    7.813738779
       1     107    1.497449034    0.322607904
       1     108    1.497449067    0.322615234
       1     109    2.071184057   10.894929534
       1     110    2.071185035   10.894808726
       1     111    2.073629758   11.108251413
       1     112    2.073630268   11.108200186
       1     113    2.534684803   12.116599365
       1     114    2.534684858   12.116614537
       1     115    2.672620799   14.932613742
       1     116    2.672621043   14.932530308
       1     117    2.683991683   15.023490532
       1     118    2.683991988   15.023667351
       1     119    2.812778675    9.017851790
       1     120    2.812778743    9.017952640
       1     121    3.143744277   18.751636282
       1     122    3.143744319   18.751618004
       1     123    3.739727907   14.203564161
       1     124    3.739728280   14.203443221
       1     125    3.766126853   13.138757151
       1     126    3.766126967   13.138688731
       1     127    4.166687574    4.611943122
       1     128    4.166692372    4.611365205
       1     129    4.200863330    6.658254043
       1     130    4.200863753    6.658158371
       1     131    4.260115238    8.292225918
       1     132    4.260115396    8.292139657
       1     133    4.693764755   24.444376839
       1     134    4.693768736   24.444662189
       1     135    4.715393352   26.776202376
       1     136    4.715393601   26.776259230
       1     137    4.788037593   24.458425057
       1     138    4.788037787   24.458415260
       1     139    5.201229857   23.569522128
       1     140    5.201231521   23.568521660
       1     141    5.211262194   23.256098255
       1     142    5.211262561   23.255995140
       1     143    5.339987871   17.967153321
       1     144    5.339987921   17.967137529
       1     145    5.753421002    2.155199642
       1     146    5.753421108    2.154777084
       1     147    5.851614578   39.335255501
       1     148    5.851620601   39.337115100
       1     149    5.872775492   48.032090629
       1     150    5.872775805   48.032297631
 -0.166666667  0.500000000  0.000000000     150
       1       1  -76.713415383  -94.610238782
       1       2  -76.713415383  -94.610238781
       1       3  -76.713334379  -94.601402934
       1       4  -76.713334379  -94.601402932
       1       5  -48.766711978  -60.040477719
       1       6  -48.766711972  -60.040477822
       1       7  -48.766199007  -60.020117380
       1       8  -48.766199002  -60.020117482
       1       9  -47.745177089  -58.134746436
       1      10  -47.745176974  -58.134770870
       1      11  -47.744110784  -58.147626257
       1      12  -47.744110646  -58.147660986
       1      13  -47.732494888  -58.538533239
       1      14  -47.732493712  -58.538710197
       1      15  -47.732371513  -58.517357564
       1      16  -47.732370360  -58.517524226
       1      17  -18.092191777  -22.878805549
       1      18  -18.092191746  -22.878813303
       1      19  -17.797560142  -22.508978358
       1      20  -17.797560104  -22.508987403
       1      21  -17.567586795  -22.005696424
       1      22  -17.567586773  -22.005695548
       1      23  -17.532318824  -20.475441949
       1      24  -17.532318814  -20.475448561
       1      25  -17.417896880  -20.495368972
       1      26  -17.417896865  -20.495368806
       1      27  -17.364386333  -20.486460639
       1      28  -17.364386313  -20.486457980
       1      29   -9.854695817  -12.942596107
       1      30   -9.854694901  -12.942650477
       1      31   -9.452344959  -11.483471819
       1      32   -9.452343517  -11.483494407
       1      33   -9.228789435   -8.943893767
       1      34   -9.228786762   -8.943993865
       1      35   -9.059731240   -9.535360691
       1      36   -9.059723570   -9.535497708
       1      37   -8.894369807   -9.476918220
       1      38   -8.894361674   -9.476773356
       1      39   -8.523837328   -9.123009805
       1      40   -8.523836105   -9.122712862
       1      41   -8.315076663   -9.449687909
       1      42   -8.315073500   -9.449804771
       1      43   -8.047068440   -8.826153531
       1      44   -8.047064527   -8.826189082
       1      45   -7.852696763   -7.283557020
       1      46   -7.852695076   -7.283635755
       1      47   -7.701925942   -8.714816814
       1      48   -7.701924528   -8.714398823
       1      49   -7.536035684   -9.027171872
       1      50   -7.536033431   -9.027296144
       1      51   -7.281595706   -9.183806406
       1      52   -7.281593429   -9.183602827
       1      53   -7.099840569   -9.003000245
       1      54   -7.099838846   -9.003008881
       1      55   -6.890707782   -9.016672615
       1      56   -6.890701521   -9.016977103
       1      57   -6.776741559   -9.761789975
       1      58   -6.776740001   -9.761868469
       1      59   -6.558040594  -10.121987676
       1      60   -6.558038157  -10.122358772
       1      61   -6.359754831   -7.992533579
       1      62   -6.359750742   -7.992928714
       1      63   -6.134619869   -7.278683246
       1      64   -6.134617142   -7.278543067
       1      65   -5.120560603   -3.807826062
       1      66   -5.120560382   -3.807764601
       1      67   -5.019613639   -5.975789060
       1      68   -5.019613231   -5.975808826
       1      69   -4.937149661   -2.834161661
       1      70   -4.937149478   -2.834381368
       1      71   -4.839391484   -2.410008661
       1      72   -4.839390728   -2.409839853
       1      73   -4.730710834   -1.660909687
       1      74   -4.730709833   -1.660662077
       1      75   -4.661710325   -1.405348106
       1      76   -4.661709904   -1.405345648
       1      77   -3.703330175    2.581492837
       1      78   -3.703329351    2.581548443
       1      79   -3.588893644    2.684000466
       1      80   -3.588892386    2.684065904
       1      81   -3.532741812    2.647720189
       1      82   -3.532740919    2.647801885
       1      83   -3.432549692    1.509081066
       1      84   -3.432549365    1.509100485
       1      85   -0.655306660   -1.939045089
       1      86   -0.655306505   -1.939049789
       1      87   -0.135762013    0.489012844
       1      88   -0.135761360    0.488730212
       1      89    0.165837867    2.190152831
       1      90    0.165842542    2.188949176
       1      91    0.316318762    2.910407450
       1      92    0.316320358    2.908523794
       1      93    0.544253814    6.306260264
       1      94    0.544256564    6.304611293
       1      95    0.578121197    5.218879287
       1      96    0.578124036    5.220699395
       1      97    0.871918267    1.416515178
       1      98    0.871919396    1.414954212
       1      99    1.039950545    4.480277757
       1     100    1.039951155    4.481103986
       1     101    1.169214247    8.302936856
       1     102    1.169215394    8.303917089
       1     103    1.383731443    0.425207407
       1     104    1.383732669    0.425135079
       1     105    1.503232692    6.678357376
       1     106    1.503233797    6.678382342
       1     107    1.887405431    4.003431678
       1     108    1.887406141    4.003151046
       1     109    2.106775186    8.023883930
       1     110    2.106775864    8.024100153
       1     111    2.185162756    7.183048077
       1     112    2.185163460    7.183190759
       1     113    2.429068754   13.450553564
       1     114    2.429069725   13.450344009
       1     115    2.639914645    9.512114904
       1     116    2.639915250    9.511899983
       1     117    2.690018819   11.783695565
       1     118    2.690019991   11.783953662
       1     119    3.112052769   12.410772764
       1     120    3.112053969   12.410608077
       1     121    3.182823810    7.816236519
       1     122    3.182826471    7.814806011
       1     123    3.308952883   11.441397112
       1     124    3.308954986   11.439439801
       1     125    3.406682535   14.812496341
       1     126    3.406683752   14.812851887
       1     127    3.684550676   11.427543753
       1     128    3.684553230   11.427757094
       1     129    3.805414417   10.533118891
       1     130    3.805417452   10.533903408
       1     131    3.993815876   12.206578819
       1     132    3.993818836   12.207929761
       1     133    4.047095361   15.234084303
       1     134    4.047096171   15.235926958
       1     135    4.368154793   10.616450914
       1     136    4.368158371   10.616113545
       1     137    4.644727845   16.260499064
       1     138    4.644731755   16.260291273
       1     139    4.875106274   33.561907215
       1     140    4.875107771   33.561965848
       1     141    5.160408896   15.625271655
       1     142    5.160409415   15.625438619
       1     143    5.346626807   21.515433408
       1     144    5.346629685   21.513246493
       1     145    5.480023141   49.576317602
       1     146    5.480024792   49.575929315
       1     147    5.503323911   25.854126509
       1     148    5.503326537   25.855444421
       1     149    5.664507712   73.604605325
       1     150    5.664508550   73.605145815
