# x y z (snapped to FFT grid (30, 30, 120), 641 unique)
# density: scalar
# weight: scalar charge density ρ(r)
# intended channels: γ̃^0 (charge) ISDF
0.166667 0.466667 0.166667
0.733333 0.433333 0.066667
0.666667 0.133333 0.000000
0.800000 0.600000 0.016667
0.333333 0.633333 0.083333
0.233333 0.766667 0.108333
0.000000 0.366667 0.116667
0.000000 0.600000 0.175000
0.900000 0.200000 0.041667
0.633333 0.200000 0.008333
0.033333 0.300000 0.016667
0.833333 0.500000 0.025000
0.466667 0.133333 0.025000
0.400000 0.033333 0.100000
0.500000 0.066667 0.041667
0.500000 0.366667 0.025000
0.266667 0.466667 0.116667
0.900000 0.800000 0.091667
0.666667 0.500000 0.166667
0.600000 0.900000 0.100000
0.633333 0.633333 0.016667
0.066667 0.866667 0.141667
0.166667 0.933333 0.041667
0.966667 0.366667 0.066667
0.866667 0.933333 0.233333
0.133333 0.466667 0.108333
0.466667 0.533333 0.100000
0.100000 0.666667 0.050000
0.633333 0.400000 0.033333
0.766667 0.033333 0.158333
0.566667 0.633333 0.133333
0.533333 0.733333 0.116667
0.300000 0.933333 0.141667
0.733333 0.633333 0.191667
0.900000 0.966667 0.075000
0.500000 0.900000 0.141667
0.933333 0.400000 0.133333
0.800000 0.400000 0.008333
0.733333 0.200000 0.008333
0.100000 0.566667 0.166667
0.566667 0.566667 0.083333
0.333333 0.400000 0.108333
0.400000 0.800000 0.083333
0.800000 0.400000 0.050000
0.133333 0.666667 0.075000
0.566667 0.766667 0.150000
0.433333 0.100000 0.066667
0.600000 0.200000 0.033333
0.633333 0.500000 0.083333
0.200000 0.866667 0.208333
0.566667 0.233333 0.008333
0.300000 0.500000 0.016667
0.700000 0.833333 0.158333
0.200000 0.766667 0.025000
0.933333 0.666667 0.016667
0.400000 0.533333 0.166667
0.500000 0.666667 0.175000
0.233333 0.433333 0.166667
0.633333 0.700000 0.100000
0.700000 0.533333 0.058333
0.533333 0.166667 0.133333
0.433333 0.633333 0.100000
0.500000 0.800000 0.100000
0.666667 0.700000 0.041667
0.500000 0.166667 0.091667
0.066667 0.266667 0.166667
0.700000 0.333333 0.058333
0.200000 0.566667 0.100000
0.666667 0.600000 0.000000
0.366667 0.666667 0.191667
0.433333 0.366667 0.075000
0.300000 0.866667 0.016667
0.600000 0.466667 0.041667
0.700000 0.400000 0.025000
0.533333 0.133333 0.000000
0.566667 0.133333 0.016667
0.566667 0.700000 0.058333
0.200000 0.700000 0.091667
0.233333 0.400000 0.058333
0.133333 0.633333 0.183333
0.133333 0.033333 0.075000
0.433333 0.566667 0.050000
0.100000 0.533333 0.041667
0.833333 0.033333 0.041667
0.600000 0.900000 0.150000
0.366667 0.800000 0.150000
0.300000 0.433333 0.133333
0.633333 0.733333 0.175000
0.700000 0.400000 0.041667
0.600000 0.366667 0.008333
0.566667 0.400000 0.025000
0.233333 0.766667 0.066667
0.766667 0.200000 0.191667
0.333333 0.800000 0.091667
0.033333 0.833333 0.191667
0.100000 0.600000 0.125000
0.300000 0.700000 0.075000
0.866667 0.366667 0.016667
0.366667 0.800000 0.016667
0.200000 0.566667 0.150000
0.533333 0.933333 0.116667
0.900000 0.466667 0.108333
0.633333 0.233333 0.025000
0.366667 0.933333 0.075000
0.000000 0.700000 0.066667
0.800000 0.233333 0.025000
0.233333 0.566667 0.208333
0.600000 0.433333 0.116667
0.233333 0.300000 0.133333
0.300000 0.566667 0.116667
0.133333 0.200000 0.016667
0.366667 0.066667 0.166667
0.600000 0.100000 0.100000
0.500000 0.500000 0.016667
0.366667 0.800000 0.116667
0.900000 0.300000 0.025000
0.466667 0.833333 0.116667
0.100000 0.700000 0.016667
0.866667 0.400000 0.033333
0.100000 0.766667 0.166667
0.066667 0.033333 0.016667
0.866667 0.500000 0.050000
0.633333 0.366667 0.050000
0.000000 0.566667 0.100000
0.766667 0.300000 0.050000
0.766667 0.266667 0.016667
0.433333 0.200000 0.000000
0.200000 0.766667 0.191667
0.866667 0.833333 0.050000
0.466667 0.433333 0.100000
0.066667 0.500000 0.141667
0.400000 0.033333 0.016667
0.766667 0.400000 0.091667
0.633333 0.433333 0.058333
0.433333 0.600000 0.075000
0.366667 0.500000 0.091667
0.500000 0.400000 0.008333
0.566667 0.133333 0.066667
0.666667 0.066667 0.066667
0.333333 0.233333 0.091667
0.400000 0.566667 0.125000
0.633333 0.500000 0.025000
0.200000 0.666667 0.150000
0.433333 0.433333 0.216667
0.866667 0.766667 0.016667
0.133333 0.833333 0.091667
0.466667 0.200000 0.158333
0.733333 0.466667 0.041667
0.600000 0.266667 0.050000
0.533333 0.233333 0.008333
0.433333 0.300000 0.041667
0.833333 0.333333 0.066667
0.733333 0.266667 0.033333
0.466667 0.266667 0.025000
0.000000 0.366667 0.041667
0.900000 0.233333 0.066667
0.466667 0.966667 0.016667
0.500000 0.833333 0.066667
0.966667 0.333333 0.200000
0.200000 0.666667 0.208333
0.500000 0.666667 0.016667
0.366667 0.300000 0.116667
0.566667 0.133333 0.041667
0.000000 0.566667 0.075000
0.033333 0.533333 0.016667
0.266667 0.500000 0.150000
0.333333 0.166667 0.000000
0.033333 0.000000 0.050000
0.266667 0.566667 0.175000
0.766667 0.300000 0.008333
0.833333 0.266667 0.008333
0.333333 0.233333 0.158333
0.233333 0.666667 0.175000
0.100000 0.300000 0.208333
0.633333 0.766667 0.125000
0.133333 0.466667 0.016667
0.600000 0.566667 0.033333
0.633333 0.300000 0.025000
0.400000 0.600000 0.183333
0.466667 0.633333 0.141667
0.833333 0.066667 0.016667
0.733333 0.500000 0.008333
0.800000 0.533333 0.025000
0.633333 0.300000 0.108333
0.200000 0.633333 0.016667
0.666667 0.766667 0.216667
0.500000 0.833333 0.158333
0.533333 0.900000 0.208333
0.600000 0.800000 0.066667
0.433333 0.233333 0.066667
0.733333 0.933333 0.100000
0.300000 0.166667 0.058333
0.266667 0.233333 0.016667
0.233333 0.433333 0.091667
0.300000 0.700000 0.100000
0.533333 0.600000 0.116667
0.700000 0.633333 0.066667
0.400000 0.300000 0.008333
0.133333 0.333333 0.083333
0.800000 0.600000 0.133333
0.966667 0.433333 0.175000
0.566667 0.033333 0.033333
0.766667 0.100000 0.125000
0.400000 0.300000 0.025000
0.300000 0.766667 0.191667
0.500000 0.933333 0.091667
0.533333 0.700000 0.083333
0.966667 0.566667 0.033333
0.466667 0.733333 0.175000
0.866667 0.433333 0.008333
0.666667 0.433333 0.016667
0.200000 0.000000 0.116667
0.100000 0.566667 0.100000
0.333333 0.066667 0.041667
0.566667 0.333333 0.041667
0.166667 0.533333 0.125000
0.533333 0.233333 0.033333
0.700000 0.466667 0.033333
0.966667 0.000000 0.158333
0.500000 0.200000 0.050000
0.700000 0.033333 0.100000
0.666667 0.233333 0.075000
0.400000 0.900000 0.108333
0.600000 0.500000 0.000000
0.666667 0.033333 0.166667
0.466667 0.533333 0.141667
0.433333 0.733333 0.083333
0.200000 0.133333 0.041667
0.800000 0.566667 0.000000
0.833333 0.500000 0.008333
0.100000 0.733333 0.125000
0.466667 0.800000 0.183333
0.333333 0.533333 0.100000
0.433333 0.800000 0.208333
0.200000 0.566667 0.058333
0.533333 0.833333 0.125000
0.200000 0.700000 0.125000
0.700000 0.533333 0.008333
0.433333 0.200000 0.041667
0.733333 0.366667 0.016667
0.000000 0.266667 0.091667
0.700000 0.933333 0.058333
0.833333 0.366667 0.000000
0.200000 0.766667 0.141667
0.966667 0.400000 0.008333
0.433333 0.533333 0.016667
0.266667 0.966667 0.075000
0.400000 0.000000 0.041667
0.533333 0.300000 0.025000
0.666667 0.200000 0.033333
0.500000 0.166667 0.008333
0.800000 0.433333 0.033333
0.633333 0.000000 0.016667
0.366667 0.866667 0.158333
0.766667 0.433333 0.008333
0.800000 0.200000 0.091667
0.766667 0.666667 0.100000
0.066667 0.700000 0.100000
0.466667 0.733333 0.150000
0.600000 0.066667 0.141667
0.566667 0.266667 0.075000
0.066667 0.466667 0.091667
0.033333 0.466667 0.066667
0.433333 0.933333 0.133333
0.633333 0.433333 0.000000
0.133333 0.433333 0.133333
0.666667 0.933333 0.016667
0.700000 0.100000 0.016667
0.566667 0.533333 0.141667
0.800000 0.333333 0.116667
0.766667 0.333333 0.075000
0.600000 0.066667 0.008333
0.866667 0.466667 0.208333
0.300000 0.833333 0.125000
0.666667 0.300000 0.041667
0.433333 0.733333 0.108333
0.500000 0.966667 0.158333
0.366667 0.600000 0.158333
0.500000 0.900000 0.066667
0.233333 0.733333 0.166667
0.700000 0.266667 0.025000
0.200000 0.933333 0.016667
0.333333 0.700000 0.166667
0.500000 0.033333 0.208333
0.400000 0.466667 0.183333
0.333333 0.366667 0.016667
0.333333 0.966667 0.191667
0.533333 0.333333 0.008333
0.900000 0.566667 0.125000
0.000000 0.166667 0.058333
0.033333 0.366667 0.158333
0.066667 0.833333 0.100000
0.266667 0.400000 0.208333
0.466667 0.300000 0.008333
0.866667 0.633333 0.050000
0.566667 0.600000 0.233333
0.733333 0.833333 0.025000
0.300000 0.933333 0.108333
0.266667 0.333333 0.083333
0.733333 0.566667 0.033333
0.500000 0.066667 0.008333
0.433333 0.700000 0.050000
0.500000 0.400000 0.175000
0.666667 0.266667 0.008333
0.633333 0.133333 0.025000
0.566667 0.633333 0.158333
0.933333 0.466667 0.016667
0.333333 0.833333 0.050000
0.666667 0.233333 0.050000
0.600000 0.433333 0.008333
0.433333 0.433333 0.041667
0.900000 0.233333 0.116667
0.333333 0.633333 0.058333
0.533333 0.500000 0.058333
0.900000 0.233333 0.008333
0.966667 0.600000 0.008333
0.233333 0.300000 0.050000
0.833333 0.533333 0.041667
0.133333 0.200000 0.150000
0.400000 0.800000 0.175000
0.533333 0.366667 0.050000
0.766667 0.166667 0.041667
0.800000 0.333333 0.025000
0.233333 0.533333 0.083333
0.733333 0.333333 0.033333
0.166667 0.466667 0.833333
0.733333 0.433333 0.933333
0.800000 0.600000 0.983333
0.333333 0.633333 0.916667
0.233333 0.766667 0.891667
0.000000 0.366667 0.883333
0.000000 0.600000 0.825000
0.900000 0.200000 0.958333
0.633333 0.200000 0.991667
0.033333 0.300000 0.983333
0.833333 0.500000 0.975000
0.466667 0.133333 0.975000
0.400000 0.033333 0.900000
0.500000 0.066667 0.958333
0.500000 0.366667 0.975000
0.266667 0.466667 0.883333
0.900000 0.800000 0.908333
0.666667 0.500000 0.833333
0.600000 0.900000 0.900000
0.633333 0.633333 0.983333
0.066667 0.866667 0.858333
0.166667 0.933333 0.958333
0.966667 0.366667 0.933333
0.866667 0.933333 0.766667
0.133333 0.466667 0.891667
0.466667 0.533333 0.900000
0.100000 0.666667 0.950000
0.633333 0.400000 0.966667
0.766667 0.033333 0.841667
0.566667 0.633333 0.866667
0.533333 0.733333 0.883333
0.300000 0.933333 0.858333
0.733333 0.633333 0.808333
0.900000 0.966667 0.925000
0.500000 0.900000 0.858333
0.933333 0.400000 0.866667
0.800000 0.400000 0.991667
0.733333 0.200000 0.991667
0.100000 0.566667 0.833333
0.566667 0.566667 0.916667
0.333333 0.400000 0.891667
0.400000 0.800000 0.916667
0.800000 0.400000 0.950000
0.133333 0.666667 0.925000
0.566667 0.766667 0.850000
0.433333 0.100000 0.933333
0.600000 0.200000 0.966667
0.633333 0.500000 0.916667
0.200000 0.866667 0.791667
0.566667 0.233333 0.991667
0.300000 0.500000 0.983333
0.700000 0.833333 0.841667
0.200000 0.766667 0.975000
0.933333 0.666667 0.983333
0.400000 0.533333 0.833333
0.500000 0.666667 0.825000
0.233333 0.433333 0.833333
0.633333 0.700000 0.900000
0.700000 0.533333 0.941667
0.533333 0.166667 0.866667
0.433333 0.633333 0.900000
0.500000 0.800000 0.900000
0.666667 0.700000 0.958333
0.500000 0.166667 0.908333
0.066667 0.266667 0.833333
0.700000 0.333333 0.941667
0.200000 0.566667 0.900000
0.366667 0.666667 0.808333
0.433333 0.366667 0.925000
0.300000 0.866667 0.983333
0.600000 0.466667 0.958333
0.700000 0.400000 0.975000
0.566667 0.133333 0.983333
0.566667 0.700000 0.941667
0.200000 0.700000 0.908333
0.233333 0.400000 0.941667
0.133333 0.633333 0.816667
0.133333 0.033333 0.925000
0.433333 0.566667 0.950000
0.100000 0.533333 0.958333
0.833333 0.033333 0.958333
0.600000 0.900000 0.850000
0.366667 0.800000 0.850000
0.300000 0.433333 0.866667
0.633333 0.733333 0.825000
0.700000 0.400000 0.958333
0.600000 0.366667 0.991667
0.566667 0.400000 0.975000
0.233333 0.766667 0.933333
0.766667 0.200000 0.808333
0.333333 0.800000 0.908333
0.033333 0.833333 0.808333
0.100000 0.600000 0.875000
0.300000 0.700000 0.925000
0.866667 0.366667 0.983333
0.366667 0.800000 0.983333
0.200000 0.566667 0.850000
0.533333 0.933333 0.883333
0.900000 0.466667 0.891667
0.633333 0.233333 0.975000
0.366667 0.933333 0.925000
0.000000 0.700000 0.933333
0.800000 0.233333 0.975000
0.233333 0.566667 0.791667
0.600000 0.433333 0.883333
0.233333 0.300000 0.866667
0.300000 0.566667 0.883333
0.133333 0.200000 0.983333
0.366667 0.066667 0.833333
0.600000 0.100000 0.900000
0.500000 0.500000 0.983333
0.366667 0.800000 0.883333
0.900000 0.300000 0.975000
0.466667 0.833333 0.883333
0.100000 0.700000 0.983333
0.866667 0.400000 0.966667
0.100000 0.766667 0.833333
0.066667 0.033333 0.983333
0.866667 0.500000 0.950000
0.633333 0.366667 0.950000
0.000000 0.566667 0.900000
0.766667 0.300000 0.950000
0.766667 0.266667 0.983333
0.200000 0.766667 0.808333
0.866667 0.833333 0.950000
0.466667 0.433333 0.900000
0.066667 0.500000 0.858333
0.400000 0.033333 0.983333
0.766667 0.400000 0.908333
0.633333 0.433333 0.941667
0.433333 0.600000 0.925000
0.366667 0.500000 0.908333
0.500000 0.400000 0.991667
0.566667 0.133333 0.933333
0.666667 0.066667 0.933333
0.333333 0.233333 0.908333
0.400000 0.566667 0.875000
0.633333 0.500000 0.975000
0.200000 0.666667 0.850000
0.433333 0.433333 0.783333
0.866667 0.766667 0.983333
0.133333 0.833333 0.908333
0.466667 0.200000 0.841667
0.733333 0.466667 0.958333
0.600000 0.266667 0.950000
0.533333 0.233333 0.991667
0.433333 0.300000 0.958333
0.833333 0.333333 0.933333
0.733333 0.266667 0.966667
0.466667 0.266667 0.975000
0.000000 0.366667 0.958333
0.900000 0.233333 0.933333
0.466667 0.966667 0.983333
0.500000 0.833333 0.933333
0.966667 0.333333 0.800000
0.200000 0.666667 0.791667
0.500000 0.666667 0.983333
0.366667 0.300000 0.883333
0.566667 0.133333 0.958333
0.000000 0.566667 0.925000
0.033333 0.533333 0.983333
0.266667 0.500000 0.850000
0.033333 0.000000 0.950000
0.266667 0.566667 0.825000
0.766667 0.300000 0.991667
0.833333 0.266667 0.991667
0.333333 0.233333 0.841667
0.233333 0.666667 0.825000
0.100000 0.300000 0.791667
0.633333 0.766667 0.875000
0.133333 0.466667 0.983333
0.600000 0.566667 0.966667
0.633333 0.300000 0.975000
0.400000 0.600000 0.816667
0.466667 0.633333 0.858333
0.833333 0.066667 0.983333
0.733333 0.500000 0.991667
0.800000 0.533333 0.975000
0.633333 0.300000 0.891667
0.200000 0.633333 0.983333
0.666667 0.766667 0.783333
0.500000 0.833333 0.841667
0.533333 0.900000 0.791667
0.600000 0.800000 0.933333
0.433333 0.233333 0.933333
0.733333 0.933333 0.900000
0.300000 0.166667 0.941667
0.266667 0.233333 0.983333
0.233333 0.433333 0.908333
0.300000 0.700000 0.900000
0.533333 0.600000 0.883333
0.700000 0.633333 0.933333
0.400000 0.300000 0.991667
0.133333 0.333333 0.916667
0.800000 0.600000 0.866667
0.966667 0.433333 0.825000
0.566667 0.033333 0.966667
0.766667 0.100000 0.875000
0.400000 0.300000 0.975000
0.300000 0.766667 0.808333
0.500000 0.933333 0.908333
0.533333 0.700000 0.916667
0.966667 0.566667 0.966667
0.466667 0.733333 0.825000
0.866667 0.433333 0.991667
0.666667 0.433333 0.983333
0.200000 0.000000 0.883333
0.100000 0.566667 0.900000
0.333333 0.066667 0.958333
0.566667 0.333333 0.958333
0.166667 0.533333 0.875000
0.533333 0.233333 0.966667
0.700000 0.466667 0.966667
0.966667 0.000000 0.841667
0.500000 0.200000 0.950000
0.700000 0.033333 0.900000
0.666667 0.233333 0.925000
0.400000 0.900000 0.891667
0.666667 0.033333 0.833333
0.466667 0.533333 0.858333
0.433333 0.733333 0.916667
0.200000 0.133333 0.958333
0.833333 0.500000 0.991667
0.100000 0.733333 0.875000
0.466667 0.800000 0.816667
0.333333 0.533333 0.900000
0.433333 0.800000 0.791667
0.200000 0.566667 0.941667
0.533333 0.833333 0.875000
0.200000 0.700000 0.875000
0.700000 0.533333 0.991667
0.433333 0.200000 0.958333
0.733333 0.366667 0.983333
0.000000 0.266667 0.908333
0.700000 0.933333 0.941667
0.200000 0.766667 0.858333
0.966667 0.400000 0.991667
0.433333 0.533333 0.983333
0.266667 0.966667 0.925000
0.400000 0.000000 0.958333
0.533333 0.300000 0.975000
0.666667 0.200000 0.966667
0.500000 0.166667 0.991667
0.800000 0.433333 0.966667
0.633333 0.000000 0.983333
0.366667 0.866667 0.841667
0.766667 0.433333 0.991667
0.800000 0.200000 0.908333
0.766667 0.666667 0.900000
0.066667 0.700000 0.900000
0.466667 0.733333 0.850000
0.600000 0.066667 0.858333
0.566667 0.266667 0.925000
0.066667 0.466667 0.908333
0.033333 0.466667 0.933333
0.433333 0.933333 0.866667
0.133333 0.433333 0.866667
0.666667 0.933333 0.983333
0.700000 0.100000 0.983333
0.566667 0.533333 0.858333
0.800000 0.333333 0.883333
0.766667 0.333333 0.925000
0.600000 0.066667 0.991667
0.866667 0.466667 0.791667
0.300000 0.833333 0.875000
0.666667 0.300000 0.958333
0.433333 0.733333 0.891667
0.500000 0.966667 0.841667
0.366667 0.600000 0.841667
0.500000 0.900000 0.933333
0.233333 0.733333 0.833333
0.700000 0.266667 0.975000
0.200000 0.933333 0.983333
0.333333 0.700000 0.833333
0.500000 0.033333 0.791667
0.400000 0.466667 0.816667
0.333333 0.366667 0.983333
0.333333 0.966667 0.808333
0.533333 0.333333 0.991667
0.900000 0.566667 0.875000
0.000000 0.166667 0.941667
0.033333 0.366667 0.841667
0.066667 0.833333 0.900000
0.266667 0.400000 0.791667
0.466667 0.300000 0.991667
0.866667 0.633333 0.950000
0.566667 0.600000 0.766667
0.733333 0.833333 0.975000
0.300000 0.933333 0.891667
0.266667 0.333333 0.916667
0.733333 0.566667 0.966667
0.500000 0.066667 0.991667
0.433333 0.700000 0.950000
0.500000 0.400000 0.825000
0.666667 0.266667 0.991667
0.633333 0.133333 0.975000
0.566667 0.633333 0.841667
0.933333 0.466667 0.983333
0.333333 0.833333 0.950000
0.666667 0.233333 0.950000
0.600000 0.433333 0.991667
0.433333 0.433333 0.958333
0.900000 0.233333 0.883333
0.333333 0.633333 0.941667
0.533333 0.500000 0.941667
0.900000 0.233333 0.991667
0.966667 0.600000 0.991667
0.233333 0.300000 0.950000
0.833333 0.533333 0.958333
0.133333 0.200000 0.850000
0.400000 0.800000 0.825000
0.533333 0.366667 0.950000
0.766667 0.166667 0.958333
0.800000 0.333333 0.975000
0.233333 0.533333 0.916667
0.733333 0.333333 0.966667
