# q=  0.50000000E-03  0.00000000E+00  0.00000000E+00  (qpt 1)
#ncbands         Re chi(0,0)              extrap   Re chi(Gmax,Gmax)              extrap
       1     -0.20308865E-06     -0.61717824E-06     -0.21630720E-10     -0.40913865E-02
       2     -0.40294025E-06     -0.61717824E-06     -0.43722934E-10     -0.40913865E-02
       3     -0.44744541E-06     -0.61717824E-06     -0.63566067E-10     -0.40913865E-02
       4     -0.49115240E-06     -0.61717824E-06     -0.83809659E-10     -0.40913865E-02
       5     -0.52517670E-06     -0.61717824E-06     -0.10754484E-09     -0.40913865E-02
       6     -0.56947431E-06     -0.61717824E-06     -0.12605417E-09     -0.40913865E-02
       7     -0.59177544E-06     -0.61717824E-06     -0.14159118E-09     -0.40913865E-02
       8     -0.61407707E-06     -0.61717824E-06     -0.15828168E-09     -0.40913865E-02
       9     -0.61552092E-06     -0.61717824E-06     -0.59005111E-09     -0.40913865E-02
      10     -0.61705176E-06     -0.61717824E-06     -0.95914285E-09     -0.40913865E-02
      11     -0.61706690E-06     -0.61717824E-06     -0.10436317E-08     -0.40913865E-02
      12     -0.61708185E-06     -0.61717824E-06     -0.11278146E-08     -0.40913865E-02
      13     -0.61708477E-06     -0.61717824E-06     -0.22486660E-08     -0.40913865E-02
      14     -0.61708884E-06     -0.61717824E-06     -0.29626823E-08     -0.40913865E-02
      15     -0.61710677E-06     -0.61717824E-06     -0.35245910E-08     -0.40913865E-02
      16     -0.61711530E-06     -0.61717824E-06     -0.39582410E-08     -0.40913865E-02
      17     -0.61712352E-06     -0.61717824E-06     -0.43727744E-08     -0.40913865E-02
      18     -0.61713200E-06     -0.61717824E-06     -0.47826024E-08     -0.40913865E-02
      19     -0.61713828E-06     -0.61717824E-06     -0.55184954E-08     -0.40913865E-02
      20     -0.61714796E-06     -0.61717824E-06     -0.63179913E-08     -0.40913865E-02
      21     -0.61715029E-06     -0.61717824E-06     -0.70587285E-08     -0.40913865E-02
      22     -0.61715249E-06     -0.61717824E-06     -0.76605161E-08     -0.40913865E-02
      23     -0.61715540E-06     -0.61717824E-06     -0.86149971E-08     -0.40913865E-02
      24     -0.61715867E-06     -0.61717824E-06     -0.95469440E-08     -0.40913865E-02
      25     -0.61716147E-06     -0.61717824E-06     -0.10910151E-07     -0.40913865E-02
      26     -0.61716382E-06     -0.61717824E-06     -0.12105444E-07     -0.40913865E-02
      27     -0.61716626E-06     -0.61717824E-06     -0.13141698E-07     -0.40913865E-02
      28     -0.61716811E-06     -0.61717824E-06     -0.14057808E-07     -0.40913865E-02
      29     -0.61716852E-06     -0.61717824E-06     -0.14471960E-07     -0.40913865E-02
      30     -0.61716894E-06     -0.61717824E-06     -0.14889637E-07     -0.40913865E-02
      31     -0.61716989E-06     -0.61717824E-06     -0.16140640E-07     -0.40913865E-02
      32     -0.61717075E-06     -0.61717824E-06     -0.17472006E-07     -0.40913865E-02
      33     -0.61717139E-06     -0.61717824E-06     -0.19272155E-07     -0.40913865E-02
      34     -0.61717200E-06     -0.61717824E-06     -0.20722658E-07     -0.40913865E-02
      35     -0.61717249E-06     -0.61717824E-06     -0.22986522E-07     -0.40913865E-02
      36     -0.61717322E-06     -0.61717824E-06     -0.24914550E-07     -0.40913865E-02
      37     -0.61717354E-06     -0.61717824E-06     -0.25847331E-07     -0.40913865E-02
      38     -0.61717382E-06     -0.61717824E-06     -0.27116903E-07     -0.40913865E-02
      39     -0.61717405E-06     -0.61717824E-06     -0.28486246E-07     -0.40913865E-02
      40     -0.61717423E-06     -0.61717824E-06     -0.31744952E-07     -0.40913865E-02
      41     -0.61717463E-06     -0.61717824E-06     -0.34046253E-07     -0.40913865E-02
      42     -0.61717509E-06     -0.61717824E-06     -0.35980414E-07     -0.40913865E-02
      43     -0.61717545E-06     -0.61717824E-06     -0.37626662E-07     -0.40913865E-02
      44     -0.61717591E-06     -0.61717824E-06     -0.39331281E-07     -0.40913865E-02
      45     -0.61717600E-06     -0.61717824E-06     -0.41457935E-07     -0.40913865E-02
      46     -0.61717610E-06     -0.61717824E-06     -0.45316629E-07     -0.40913865E-02
      47     -0.61717626E-06     -0.61717824E-06     -0.49327933E-07     -0.40913865E-02
      48     -0.61717640E-06     -0.61717824E-06     -0.53459539E-07     -0.40913865E-02
      49     -0.61717673E-06     -0.61717824E-06     -0.54639222E-07     -0.40913865E-02
      50     -0.61717695E-06     -0.61717824E-06     -0.55934958E-07     -0.40913865E-02
      51     -0.61717707E-06     -0.61717824E-06     -0.57945758E-07     -0.40913865E-02
      52     -0.61717724E-06     -0.61717824E-06     -0.60224307E-07     -0.40913865E-02
      53     -0.61717738E-06     -0.61717824E-06     -0.63538890E-07     -0.40913865E-02
      54     -0.61717750E-06     -0.61717824E-06     -0.66688518E-07     -0.40913865E-02
      55     -0.61717760E-06     -0.61717824E-06     -0.72034536E-07     -0.40913865E-02
      56     -0.61717769E-06     -0.61717824E-06     -0.76543116E-07     -0.40913865E-02
      57     -0.61717772E-06     -0.61717824E-06     -0.80551101E-07     -0.40913865E-02
      58     -0.61717775E-06     -0.61717824E-06     -0.84275959E-07     -0.40913865E-02
      59     -0.61717778E-06     -0.61717824E-06     -0.87591819E-07     -0.40913865E-02
      60     -0.61717781E-06     -0.61717824E-06     -0.92135732E-07     -0.40913865E-02
      61     -0.61717787E-06     -0.61717824E-06     -0.97233582E-07     -0.40913865E-02
      62     -0.61717792E-06     -0.61717824E-06     -0.10328796E-06     -0.40913865E-02
      63     -0.61717797E-06     -0.61717824E-06     -0.10780409E-06     -0.40913865E-02
      64     -0.61717798E-06     -0.61717824E-06     -0.11357695E-06     -0.40913865E-02
      65     -0.61717804E-06     -0.61717824E-06     -0.12154990E-06     -0.40913865E-02
      66     -0.61717807E-06     -0.61717824E-06     -0.12770193E-06     -0.40913865E-02
      67     -0.61717809E-06     -0.61717824E-06     -0.13520567E-06     -0.40913865E-02
      68     -0.61717809E-06     -0.61717824E-06     -0.14114214E-06     -0.40913865E-02
      69     -0.61717811E-06     -0.61717824E-06     -0.14837518E-06     -0.40913865E-02
      70     -0.61717812E-06     -0.61717824E-06     -0.15651283E-06     -0.40913865E-02
      71     -0.61717813E-06     -0.61717824E-06     -0.16207982E-06     -0.40913865E-02
      72     -0.61717816E-06     -0.61717824E-06     -0.16823899E-06     -0.40913865E-02
      73     -0.61717816E-06     -0.61717824E-06     -0.17481323E-06     -0.40913865E-02
      74     -0.61717817E-06     -0.61717824E-06     -0.17890405E-06     -0.40913865E-02
      75     -0.61717817E-06     -0.61717824E-06     -0.18493165E-06     -0.40913865E-02
      76     -0.61717818E-06     -0.61717824E-06     -0.18854954E-06     -0.40913865E-02
      77     -0.61717819E-06     -0.61717824E-06     -0.19682733E-06     -0.40913865E-02
      78     -0.61717820E-06     -0.61717824E-06     -0.20969670E-06     -0.40913865E-02
      79     -0.61717820E-06     -0.61717824E-06     -0.21363061E-06     -0.40913865E-02
      80     -0.61717821E-06     -0.61717824E-06     -0.21740045E-06     -0.40913865E-02
      81     -0.61717821E-06     -0.61717824E-06     -0.22660166E-06     -0.40913865E-02
      82     -0.61717821E-06     -0.61717824E-06     -0.23426664E-06     -0.40913865E-02
      83     -0.61717821E-06     -0.61717824E-06     -0.23938893E-06     -0.40913865E-02
      84     -0.61717821E-06     -0.61717824E-06     -0.24556686E-06     -0.40913865E-02
      85     -0.61717821E-06     -0.61717824E-06     -0.25205478E-06     -0.40913865E-02
      86     -0.61717822E-06     -0.61717824E-06     -0.25895187E-06     -0.40913865E-02
      87     -0.61717822E-06     -0.61717824E-06     -0.27443944E-06     -0.40913865E-02
      88     -0.61717822E-06     -0.61717824E-06     -0.28761630E-06     -0.40913865E-02
      89     -0.61717822E-06     -0.61717824E-06     -0.30190430E-06     -0.40913865E-02
      90     -0.61717822E-06     -0.61717824E-06     -0.31146635E-06     -0.40913865E-02
      91     -0.61717822E-06     -0.61717824E-06     -0.32431838E-06     -0.40913865E-02
      92     -0.61717822E-06     -0.61717824E-06     -0.33301185E-06     -0.40913865E-02
      93     -0.61717822E-06     -0.61717824E-06     -0.33841274E-06     -0.40913865E-02
      94     -0.61717822E-06     -0.61717824E-06     -0.34798851E-06     -0.40913865E-02
      95     -0.61717822E-06     -0.61717824E-06     -0.35395391E-06     -0.40913865E-02
      96     -0.61717822E-06     -0.61717824E-06     -0.36217543E-06     -0.40913865E-02
      97     -0.61717822E-06     -0.61717824E-06     -0.37804049E-06     -0.40913865E-02
      98     -0.61717822E-06     -0.61717824E-06     -0.40030705E-06     -0.40913865E-02
      99     -0.61717822E-06     -0.61717824E-06     -0.41255951E-06     -0.40913865E-02
     100     -0.61717822E-06     -0.61717824E-06     -0.42563023E-06     -0.40913865E-02
     101     -0.61717822E-06     -0.61717824E-06     -0.43731615E-06     -0.40913865E-02
     102     -0.61717822E-06     -0.61717824E-06     -0.44776631E-06     -0.40913865E-02
     103     -0.61717823E-06     -0.61717824E-06     -0.47374588E-06     -0.40913865E-02
     104     -0.61717823E-06     -0.61717824E-06     -0.49402676E-06     -0.40913865E-02
     105     -0.61717823E-06     -0.61717824E-06     -0.51265294E-06     -0.40913865E-02
     106     -0.61717823E-06     -0.61717824E-06     -0.52977230E-06     -0.40913865E-02
     107     -0.61717823E-06     -0.61717824E-06     -0.55412618E-06     -0.40913865E-02
     108     -0.61717823E-06     -0.61717824E-06     -0.58640464E-06     -0.40913865E-02
     109     -0.61717823E-06     -0.61717824E-06     -0.59897553E-06     -0.40913865E-02
     110     -0.61717823E-06     -0.61717824E-06     -0.61325808E-06     -0.40913865E-02
     111     -0.61717823E-06     -0.61717824E-06     -0.65275973E-06     -0.40913865E-02
     112     -0.61717823E-06     -0.61717824E-06     -0.68675439E-06     -0.40913865E-02
     113     -0.61717823E-06     -0.61717824E-06     -0.70493902E-06     -0.40913865E-02
     114     -0.61717823E-06     -0.61717824E-06     -0.71873017E-06     -0.40913865E-02
     115     -0.61717823E-06     -0.61717824E-06     -0.76677432E-06     -0.40913865E-02
     116     -0.61717823E-06     -0.61717824E-06     -0.80212455E-06     -0.40913865E-02
     117     -0.61717823E-06     -0.61717824E-06     -0.83347896E-06     -0.40913865E-02
     118     -0.61717823E-06     -0.61717824E-06     -0.88061289E-06     -0.40913865E-02
     119     -0.61717823E-06     -0.61717824E-06     -0.90955582E-06     -0.40913865E-02
     120     -0.61717823E-06     -0.61717824E-06     -0.93086906E-06     -0.40913865E-02
     121     -0.61717823E-06     -0.61717824E-06     -0.95959087E-06     -0.40913865E-02
     122     -0.61717823E-06     -0.61717824E-06     -0.99370414E-06     -0.40913865E-02
     123     -0.61717823E-06     -0.61717824E-06     -0.10822393E-05     -0.40913865E-02
     124     -0.61717823E-06     -0.61717824E-06     -0.11216270E-05     -0.40913865E-02
     125     -0.61717823E-06     -0.61717824E-06     -0.11665861E-05     -0.40913865E-02
     126     -0.61717823E-06     -0.61717824E-06     -0.12215569E-05     -0.40913865E-02
     127     -0.61717823E-06     -0.61717824E-06     -0.12451824E-05     -0.40913865E-02
     128     -0.61717823E-06     -0.61717824E-06     -0.12791534E-05     -0.40913865E-02
     129     -0.61717823E-06     -0.61717824E-06     -0.13260882E-05     -0.40913865E-02
     130     -0.61717823E-06     -0.61717824E-06     -0.13808257E-05     -0.40913865E-02
     131     -0.61717823E-06     -0.61717824E-06     -0.14755726E-05     -0.40913865E-02
     132     -0.61717823E-06     -0.61717824E-06     -0.16026583E-05     -0.40913865E-02
     133     -0.61717823E-06     -0.61717824E-06     -0.16409100E-05     -0.40913865E-02
     134     -0.61717823E-06     -0.61717824E-06     -0.16636139E-05     -0.40913865E-02
     135     -0.61717823E-06     -0.61717824E-06     -0.17655795E-05     -0.40913865E-02
     136     -0.61717823E-06     -0.61717824E-06     -0.18920221E-05     -0.40913865E-02
     137     -0.61717823E-06     -0.61717824E-06     -0.20064031E-05     -0.40913865E-02
     138     -0.61717823E-06     -0.61717824E-06     -0.21493521E-05     -0.40913865E-02
     139     -0.61717824E-06     -0.61717824E-06     -0.21761391E-05     -0.40913865E-02
     140     -0.61717824E-06     -0.61717824E-06     -0.22272106E-05     -0.40913865E-02
     141     -0.61717824E-06     -0.61717824E-06     -0.23031815E-05     -0.40913865E-02
     142     -0.61717824E-06     -0.61717824E-06     -0.23734613E-05     -0.40913865E-02
     143     -0.61717824E-06     -0.61717824E-06     -0.25881247E-05     -0.40913865E-02
     144     -0.61717824E-06     -0.61717824E-06     -0.29134346E-05     -0.40913865E-02
     145     -0.61717824E-06     -0.61717824E-06     -0.30928482E-05     -0.40913865E-02
     146     -0.61717824E-06     -0.61717824E-06     -0.31688621E-05     -0.40913865E-02
     147     -0.61717824E-06     -0.61717824E-06     -0.33688027E-05     -0.40913865E-02
     148     -0.61717824E-06     -0.61717824E-06     -0.35386629E-05     -0.40913865E-02
     149     -0.61717824E-06     -0.61717824E-06     -0.36789283E-05     -0.40913865E-02
     150     -0.61717824E-06     -0.61717824E-06     -0.40270235E-05     -0.40913865E-02
     151     -0.61717824E-06     -0.61717824E-06     -0.45160411E-05     -0.40913865E-02
     152     -0.61717824E-06     -0.61717824E-06     -0.50629777E-05     -0.40913865E-02
     153     -0.61717824E-06     -0.61717824E-06     -0.53060032E-05     -0.40913865E-02
     154     -0.61717824E-06     -0.61717824E-06     -0.54522686E-05     -0.40913865E-02
     155     -0.61717824E-06     -0.61717824E-06     -0.61521960E-05     -0.40913865E-02
     156     -0.61717824E-06     -0.61717824E-06     -0.70603330E-05     -0.40913865E-02
     157     -0.61717824E-06     -0.61717824E-06     -0.78543520E-05     -0.40913865E-02
     158     -0.61717824E-06     -0.61717824E-06     -0.84300913E-05     -0.40913865E-02
     159     -0.61717824E-06     -0.61717824E-06     -0.86832975E-05     -0.40913865E-02
     160     -0.61717824E-06     -0.61717824E-06     -0.89697672E-05     -0.40913865E-02
     161     -0.61717824E-06     -0.61717824E-06     -0.10968888E-04     -0.40913865E-02
     162     -0.61717824E-06     -0.61717824E-06     -0.11996926E-04     -0.40913865E-02
     163     -0.61717824E-06     -0.61717824E-06     -0.13650271E-04     -0.40913865E-02
     164     -0.61717824E-06     -0.61717824E-06     -0.15586605E-04     -0.40913865E-02
     165     -0.61717824E-06     -0.61717824E-06     -0.15667026E-04     -0.40913865E-02
     166     -0.61717824E-06     -0.61717824E-06     -0.15806166E-04     -0.40913865E-02
     167     -0.61717824E-06     -0.61717824E-06     -0.16674553E-04     -0.40913865E-02
     168     -0.61717824E-06     -0.61717824E-06     -0.18107055E-04     -0.40913865E-02
     169     -0.61717824E-06     -0.61717824E-06     -0.21624801E-04     -0.40913865E-02
     170     -0.61717824E-06     -0.61717824E-06     -0.26218912E-04     -0.40913865E-02
     171     -0.61717824E-06     -0.61717824E-06     -0.28517687E-04     -0.40913865E-02
     172     -0.61717824E-06     -0.61717824E-06     -0.30744665E-04     -0.40913865E-02
     173     -0.61717824E-06     -0.61717824E-06     -0.31031537E-04     -0.40913865E-02
     174     -0.61717824E-06     -0.61717824E-06     -0.31428306E-04     -0.40913865E-02
     175     -0.61717824E-06     -0.61717824E-06     -0.38565250E-04     -0.40913865E-02
     176     -0.61717824E-06     -0.61717824E-06     -0.51119973E-04     -0.40913865E-02
     177     -0.61717824E-06     -0.61717824E-06     -0.61807481E-04     -0.40913865E-02
     178     -0.61717824E-06     -0.61717824E-06     -0.75530852E-04     -0.40913865E-02
     179     -0.61717824E-06     -0.61717824E-06     -0.76942282E-04     -0.40913865E-02
     180     -0.61717824E-06     -0.61717824E-06     -0.78405079E-04     -0.40913865E-02
     181     -0.61717824E-06     -0.61717824E-06     -0.82160622E-04     -0.40913865E-02
     182     -0.61717824E-06     -0.61717824E-06     -0.86789365E-04     -0.40913865E-02
     183     -0.61717824E-06     -0.61717824E-06     -0.10358484E-03     -0.40913865E-02
     184     -0.61717824E-06     -0.61717824E-06     -0.11628045E-03     -0.40913865E-02
     185     -0.61717824E-06     -0.61717824E-06     -0.12966635E-03     -0.40913865E-02
     186     -0.61717824E-06     -0.61717824E-06     -0.14474323E-03     -0.40913865E-02
     187     -0.61717824E-06     -0.61717824E-06     -0.14563987E-03     -0.40913865E-02
     188     -0.61717824E-06     -0.61717824E-06     -0.14674625E-03     -0.40913865E-02
     189     -0.61717824E-06     -0.61717824E-06     -0.15025808E-03     -0.40913865E-02
     190     -0.61717824E-06     -0.61717824E-06     -0.17812154E-03     -0.40913865E-02
     191     -0.61717824E-06     -0.61717824E-06     -0.20454903E-03     -0.40913865E-02
     192     -0.61717824E-06     -0.61717824E-06     -0.27199287E-03     -0.40913865E-02
     193     -0.61717824E-06     -0.61717824E-06     -0.27503549E-03     -0.40913865E-02
     194     -0.61717824E-06     -0.61717824E-06     -0.27735378E-03     -0.40913865E-02
     195     -0.61717824E-06     -0.61717824E-06     -0.27814674E-03     -0.40913865E-02
     196     -0.61717824E-06     -0.61717824E-06     -0.27918581E-03     -0.40913865E-02
     197     -0.61717824E-06     -0.61717824E-06     -0.34208758E-03     -0.40913865E-02
     198     -0.61717824E-06     -0.61717824E-06     -0.37467123E-03     -0.40913865E-02
     199     -0.61717824E-06     -0.61717824E-06     -0.38317344E-03     -0.40913865E-02
     200     -0.61717824E-06     -0.61717824E-06     -0.40308882E-03     -0.40913865E-02
     201     -0.61717824E-06     -0.61717824E-06     -0.40483431E-03     -0.40913865E-02
     202     -0.61717824E-06     -0.61717824E-06     -0.40593415E-03     -0.40913865E-02
     203     -0.61717824E-06     -0.61717824E-06     -0.43427812E-03     -0.40913865E-02
     204     -0.61717824E-06     -0.61717824E-06     -0.48258224E-03     -0.40913865E-02
     205     -0.61717824E-06     -0.61717824E-06     -0.50640467E-03     -0.40913865E-02
     206     -0.61717824E-06     -0.61717824E-06     -0.52055758E-03     -0.40913865E-02
     207     -0.61717824E-06     -0.61717824E-06     -0.52687142E-03     -0.40913865E-02
 
# q=  0.00000000E+00  0.00000000E+00  0.50000000E+00  (qpt 2)
#ncbands         Re chi(0,0)              extrap   Re chi(Gmax,Gmax)              extrap
       1     -0.29987436E-02     -0.29262953E-01     -0.67365584E-10     -0.40969654E-02
       2     -0.63369251E-02     -0.29262953E-01     -0.12662517E-09     -0.40969654E-02
       3     -0.10174424E-01     -0.29262953E-01     -0.24498699E-09     -0.40969654E-02
       4     -0.14029697E-01     -0.29262953E-01     -0.35861284E-09     -0.40969654E-02
       5     -0.16164626E-01     -0.29262953E-01     -0.50396153E-09     -0.40969654E-02
       6     -0.18292899E-01     -0.29262953E-01     -0.64987572E-09     -0.40969654E-02
       7     -0.18851342E-01     -0.29262953E-01     -0.70024324E-09     -0.40969654E-02
       8     -0.19411281E-01     -0.29262953E-01     -0.75030970E-09     -0.40969654E-02
       9     -0.24315935E-01     -0.29262953E-01     -0.11353970E-08     -0.40969654E-02
      10     -0.28667671E-01     -0.29262953E-01     -0.15213702E-08     -0.40969654E-02
      11     -0.28740750E-01     -0.29262953E-01     -0.17341206E-08     -0.40969654E-02
      12     -0.28806447E-01     -0.29262953E-01     -0.19391773E-08     -0.40969654E-02
      13     -0.28950307E-01     -0.29262953E-01     -0.24333774E-08     -0.40969654E-02
      14     -0.29076182E-01     -0.29262953E-01     -0.29830066E-08     -0.40969654E-02
      15     -0.29152546E-01     -0.29262953E-01     -0.43912496E-08     -0.40969654E-02
      16     -0.29183640E-01     -0.29262953E-01     -0.57013776E-08     -0.40969654E-02
      17     -0.29191785E-01     -0.29262953E-01     -0.63865995E-08     -0.40969654E-02
      18     -0.29200910E-01     -0.29262953E-01     -0.76656358E-08     -0.40969654E-02
      19     -0.29211419E-01     -0.29262953E-01     -0.84542750E-08     -0.40969654E-02
      20     -0.29220851E-01     -0.29262953E-01     -0.92068363E-08     -0.40969654E-02
      21     -0.29224683E-01     -0.29262953E-01     -0.10716400E-07     -0.40969654E-02
      22     -0.29228305E-01     -0.29262953E-01     -0.12382402E-07     -0.40969654E-02
      23     -0.29234902E-01     -0.29262953E-01     -0.13969627E-07     -0.40969654E-02
      24     -0.29242004E-01     -0.29262953E-01     -0.15576679E-07     -0.40969654E-02
      25     -0.29244310E-01     -0.29262953E-01     -0.16543788E-07     -0.40969654E-02
      26     -0.29247347E-01     -0.29262953E-01     -0.17439401E-07     -0.40969654E-02
      27     -0.29248346E-01     -0.29262953E-01     -0.18932879E-07     -0.40969654E-02
      28     -0.29250427E-01     -0.29262953E-01     -0.20552701E-07     -0.40969654E-02
      29     -0.29251162E-01     -0.29262953E-01     -0.21244423E-07     -0.40969654E-02
      30     -0.29251829E-01     -0.29262953E-01     -0.21931607E-07     -0.40969654E-02
      31     -0.29253033E-01     -0.29262953E-01     -0.23821134E-07     -0.40969654E-02
      32     -0.29253953E-01     -0.29262953E-01     -0.25285203E-07     -0.40969654E-02
      33     -0.29254913E-01     -0.29262953E-01     -0.27453758E-07     -0.40969654E-02
      34     -0.29256182E-01     -0.29262953E-01     -0.28561397E-07     -0.40969654E-02
      35     -0.29256746E-01     -0.29262953E-01     -0.30268646E-07     -0.40969654E-02
      36     -0.29257439E-01     -0.29262953E-01     -0.32284314E-07     -0.40969654E-02
      37     -0.29257870E-01     -0.29262953E-01     -0.33630908E-07     -0.40969654E-02
      38     -0.29258232E-01     -0.29262953E-01     -0.35573402E-07     -0.40969654E-02
      39     -0.29258615E-01     -0.29262953E-01     -0.36810016E-07     -0.40969654E-02
      40     -0.29258974E-01     -0.29262953E-01     -0.37766772E-07     -0.40969654E-02
      41     -0.29259488E-01     -0.29262953E-01     -0.39585049E-07     -0.40969654E-02
      42     -0.29260005E-01     -0.29262953E-01     -0.41943303E-07     -0.40969654E-02
      43     -0.29260388E-01     -0.29262953E-01     -0.45932397E-07     -0.40969654E-02
      44     -0.29260656E-01     -0.29262953E-01     -0.48869432E-07     -0.40969654E-02
      45     -0.29260771E-01     -0.29262953E-01     -0.51367384E-07     -0.40969654E-02
      46     -0.29260917E-01     -0.29262953E-01     -0.54531690E-07     -0.40969654E-02
      47     -0.29261009E-01     -0.29262953E-01     -0.56621333E-07     -0.40969654E-02
      48     -0.29261217E-01     -0.29262953E-01     -0.59883643E-07     -0.40969654E-02
      49     -0.29261389E-01     -0.29262953E-01     -0.64378045E-07     -0.40969654E-02
      50     -0.29261606E-01     -0.29262953E-01     -0.66524800E-07     -0.40969654E-02
      51     -0.29261720E-01     -0.29262953E-01     -0.71052218E-07     -0.40969654E-02
      52     -0.29261845E-01     -0.29262953E-01     -0.73011538E-07     -0.40969654E-02
      53     -0.29261937E-01     -0.29262953E-01     -0.78931772E-07     -0.40969654E-02
      54     -0.29262061E-01     -0.29262953E-01     -0.84692222E-07     -0.40969654E-02
      55     -0.29262161E-01     -0.29262953E-01     -0.88213385E-07     -0.40969654E-02
      56     -0.29262257E-01     -0.29262953E-01     -0.91465855E-07     -0.40969654E-02
      57     -0.29262282E-01     -0.29262953E-01     -0.96766389E-07     -0.40969654E-02
      58     -0.29262312E-01     -0.29262953E-01     -0.10193019E-06     -0.40969654E-02
      59     -0.29262343E-01     -0.29262953E-01     -0.10644889E-06     -0.40969654E-02
      60     -0.29262381E-01     -0.29262953E-01     -0.11204706E-06     -0.40969654E-02
      61     -0.29262435E-01     -0.29262953E-01     -0.11696759E-06     -0.40969654E-02
      62     -0.29262484E-01     -0.29262953E-01     -0.12273549E-06     -0.40969654E-02
      63     -0.29262520E-01     -0.29262953E-01     -0.13226912E-06     -0.40969654E-02
      64     -0.29262592E-01     -0.29262953E-01     -0.14154805E-06     -0.40969654E-02
      65     -0.29262657E-01     -0.29262953E-01     -0.15380249E-06     -0.40969654E-02
      66     -0.29262707E-01     -0.29262953E-01     -0.16140391E-06     -0.40969654E-02
      67     -0.29262714E-01     -0.29262953E-01     -0.16489878E-06     -0.40969654E-02
      68     -0.29262722E-01     -0.29262953E-01     -0.16857599E-06     -0.40969654E-02
      69     -0.29262758E-01     -0.29262953E-01     -0.17620433E-06     -0.40969654E-02
      70     -0.29262778E-01     -0.29262953E-01     -0.18529551E-06     -0.40969654E-02
      71     -0.29262811E-01     -0.29262953E-01     -0.19331690E-06     -0.40969654E-02
      72     -0.29262834E-01     -0.29262953E-01     -0.20175676E-06     -0.40969654E-02
      73     -0.29262843E-01     -0.29262953E-01     -0.20450227E-06     -0.40969654E-02
      74     -0.29262851E-01     -0.29262953E-01     -0.20750908E-06     -0.40969654E-02
      75     -0.29262862E-01     -0.29262953E-01     -0.21326179E-06     -0.40969654E-02
      76     -0.29262872E-01     -0.29262953E-01     -0.21948356E-06     -0.40969654E-02
      77     -0.29262887E-01     -0.29262953E-01     -0.22815144E-06     -0.40969654E-02
      78     -0.29262904E-01     -0.29262953E-01     -0.23859941E-06     -0.40969654E-02
      79     -0.29262908E-01     -0.29262953E-01     -0.24410911E-06     -0.40969654E-02
      80     -0.29262913E-01     -0.29262953E-01     -0.25027112E-06     -0.40969654E-02
      81     -0.29262916E-01     -0.29262953E-01     -0.25568360E-06     -0.40969654E-02
      82     -0.29262919E-01     -0.29262953E-01     -0.26320704E-06     -0.40969654E-02
      83     -0.29262921E-01     -0.29262953E-01     -0.26640633E-06     -0.40969654E-02
      84     -0.29262923E-01     -0.29262953E-01     -0.26981095E-06     -0.40969654E-02
      85     -0.29262924E-01     -0.29262953E-01     -0.27565510E-06     -0.40969654E-02
      86     -0.29262925E-01     -0.29262953E-01     -0.28267533E-06     -0.40969654E-02
      87     -0.29262927E-01     -0.29262953E-01     -0.29256964E-06     -0.40969654E-02
      88     -0.29262929E-01     -0.29262953E-01     -0.30320159E-06     -0.40969654E-02
      89     -0.29262931E-01     -0.29262953E-01     -0.31099348E-06     -0.40969654E-02
      90     -0.29262933E-01     -0.29262953E-01     -0.31772328E-06     -0.40969654E-02
      91     -0.29262934E-01     -0.29262953E-01     -0.32476239E-06     -0.40969654E-02
      92     -0.29262935E-01     -0.29262953E-01     -0.33257297E-06     -0.40969654E-02
      93     -0.29262935E-01     -0.29262953E-01     -0.34721521E-06     -0.40969654E-02
      94     -0.29262935E-01     -0.29262953E-01     -0.36264478E-06     -0.40969654E-02
      95     -0.29262936E-01     -0.29262953E-01     -0.37261941E-06     -0.40969654E-02
      96     -0.29262936E-01     -0.29262953E-01     -0.38498061E-06     -0.40969654E-02
      97     -0.29262936E-01     -0.29262953E-01     -0.39674919E-06     -0.40969654E-02
      98     -0.29262937E-01     -0.29262953E-01     -0.40787077E-06     -0.40969654E-02
      99     -0.29262937E-01     -0.29262953E-01     -0.44243934E-06     -0.40969654E-02
     100     -0.29262937E-01     -0.29262953E-01     -0.46263837E-06     -0.40969654E-02
     101     -0.29262938E-01     -0.29262953E-01     -0.47120620E-06     -0.40969654E-02
     102     -0.29262938E-01     -0.29262953E-01     -0.49287955E-06     -0.40969654E-02
     103     -0.29262938E-01     -0.29262953E-01     -0.52041868E-06     -0.40969654E-02
     104     -0.29262939E-01     -0.29262953E-01     -0.54984363E-06     -0.40969654E-02
     105     -0.29262939E-01     -0.29262953E-01     -0.57305588E-06     -0.40969654E-02
     106     -0.29262940E-01     -0.29262953E-01     -0.60863376E-06     -0.40969654E-02
     107     -0.29262940E-01     -0.29262953E-01     -0.65121246E-06     -0.40969654E-02
     108     -0.29262940E-01     -0.29262953E-01     -0.67569182E-06     -0.40969654E-02
     109     -0.29262941E-01     -0.29262953E-01     -0.69937622E-06     -0.40969654E-02
     110     -0.29262941E-01     -0.29262953E-01     -0.72702148E-06     -0.40969654E-02
     111     -0.29262941E-01     -0.29262953E-01     -0.75359261E-06     -0.40969654E-02
     112     -0.29262941E-01     -0.29262953E-01     -0.79862042E-06     -0.40969654E-02
     113     -0.29262942E-01     -0.29262953E-01     -0.83741338E-06     -0.40969654E-02
     114     -0.29262942E-01     -0.29262953E-01     -0.90187508E-06     -0.40969654E-02
     115     -0.29262942E-01     -0.29262953E-01     -0.92401137E-06     -0.40969654E-02
     116     -0.29262943E-01     -0.29262953E-01     -0.94723965E-06     -0.40969654E-02
     117     -0.29262943E-01     -0.29262953E-01     -0.99309569E-06     -0.40969654E-02
     118     -0.29262943E-01     -0.29262953E-01     -0.10293039E-05     -0.40969654E-02
     119     -0.29262943E-01     -0.29262953E-01     -0.10897255E-05     -0.40969654E-02
     120     -0.29262944E-01     -0.29262953E-01     -0.11648435E-05     -0.40969654E-02
     121     -0.29262944E-01     -0.29262953E-01     -0.11938704E-05     -0.40969654E-02
     122     -0.29262944E-01     -0.29262953E-01     -0.12469026E-05     -0.40969654E-02
     123     -0.29262945E-01     -0.29262953E-01     -0.13428529E-05     -0.40969654E-02
     124     -0.29262945E-01     -0.29262953E-01     -0.14338982E-05     -0.40969654E-02
     125     -0.29262945E-01     -0.29262953E-01     -0.14907181E-05     -0.40969654E-02
     126     -0.29262946E-01     -0.29262953E-01     -0.15259764E-05     -0.40969654E-02
     127     -0.29262946E-01     -0.29262953E-01     -0.15939418E-05     -0.40969654E-02
     128     -0.29262946E-01     -0.29262953E-01     -0.16550244E-05     -0.40969654E-02
     129     -0.29262946E-01     -0.29262953E-01     -0.16972117E-05     -0.40969654E-02
     130     -0.29262946E-01     -0.29262953E-01     -0.17347422E-05     -0.40969654E-02
     131     -0.29262947E-01     -0.29262953E-01     -0.19066490E-05     -0.40969654E-02
     132     -0.29262947E-01     -0.29262953E-01     -0.20674929E-05     -0.40969654E-02
     133     -0.29262947E-01     -0.29262953E-01     -0.21792583E-05     -0.40969654E-02
     134     -0.29262948E-01     -0.29262953E-01     -0.22490860E-05     -0.40969654E-02
     135     -0.29262948E-01     -0.29262953E-01     -0.23675989E-05     -0.40969654E-02
     136     -0.29262948E-01     -0.29262953E-01     -0.25609768E-05     -0.40969654E-02
     137     -0.29262948E-01     -0.29262953E-01     -0.26639402E-05     -0.40969654E-02
     138     -0.29262949E-01     -0.29262953E-01     -0.27491456E-05     -0.40969654E-02
     139     -0.29262949E-01     -0.29262953E-01     -0.30112599E-05     -0.40969654E-02
     140     -0.29262949E-01     -0.29262953E-01     -0.31275739E-05     -0.40969654E-02
     141     -0.29262949E-01     -0.29262953E-01     -0.32310002E-05     -0.40969654E-02
     142     -0.29262950E-01     -0.29262953E-01     -0.32571742E-05     -0.40969654E-02
     143     -0.29262950E-01     -0.29262953E-01     -0.36549775E-05     -0.40969654E-02
     144     -0.29262950E-01     -0.29262953E-01     -0.40346547E-05     -0.40969654E-02
     145     -0.29262950E-01     -0.29262953E-01     -0.41410167E-05     -0.40969654E-02
     146     -0.29262950E-01     -0.29262953E-01     -0.42163656E-05     -0.40969654E-02
     147     -0.29262950E-01     -0.29262953E-01     -0.43991157E-05     -0.40969654E-02
     148     -0.29262951E-01     -0.29262953E-01     -0.46978914E-05     -0.40969654E-02
     149     -0.29262951E-01     -0.29262953E-01     -0.50220515E-05     -0.40969654E-02
     150     -0.29262951E-01     -0.29262953E-01     -0.54596942E-05     -0.40969654E-02
     151     -0.29262951E-01     -0.29262953E-01     -0.57487729E-05     -0.40969654E-02
     152     -0.29262951E-01     -0.29262953E-01     -0.59173167E-05     -0.40969654E-02
     153     -0.29262951E-01     -0.29262953E-01     -0.60713201E-05     -0.40969654E-02
     154     -0.29262952E-01     -0.29262953E-01     -0.62761943E-05     -0.40969654E-02
     155     -0.29262952E-01     -0.29262953E-01     -0.65491847E-05     -0.40969654E-02
     156     -0.29262952E-01     -0.29262953E-01     -0.70988880E-05     -0.40969654E-02
     157     -0.29262952E-01     -0.29262953E-01     -0.73906864E-05     -0.40969654E-02
     158     -0.29262952E-01     -0.29262953E-01     -0.78623231E-05     -0.40969654E-02
     159     -0.29262952E-01     -0.29262953E-01     -0.80660643E-05     -0.40969654E-02
     160     -0.29262952E-01     -0.29262953E-01     -0.84043805E-05     -0.40969654E-02
     161     -0.29262952E-01     -0.29262953E-01     -0.95072207E-05     -0.40969654E-02
     162     -0.29262952E-01     -0.29262953E-01     -0.10074699E-04     -0.40969654E-02
     163     -0.29262952E-01     -0.29262953E-01     -0.12022607E-04     -0.40969654E-02
     164     -0.29262952E-01     -0.29262953E-01     -0.13493855E-04     -0.40969654E-02
     165     -0.29262953E-01     -0.29262953E-01     -0.13718466E-04     -0.40969654E-02
     166     -0.29262953E-01     -0.29262953E-01     -0.13911240E-04     -0.40969654E-02
     167     -0.29262953E-01     -0.29262953E-01     -0.17430357E-04     -0.40969654E-02
     168     -0.29262953E-01     -0.29262953E-01     -0.21343834E-04     -0.40969654E-02
     169     -0.29262953E-01     -0.29262953E-01     -0.22025494E-04     -0.40969654E-02
     170     -0.29262953E-01     -0.29262953E-01     -0.22971255E-04     -0.40969654E-02
     171     -0.29262953E-01     -0.29262953E-01     -0.26962879E-04     -0.40969654E-02
     172     -0.29262953E-01     -0.29262953E-01     -0.30627780E-04     -0.40969654E-02
     173     -0.29262953E-01     -0.29262953E-01     -0.34971311E-04     -0.40969654E-02
     174     -0.29262953E-01     -0.29262953E-01     -0.43487751E-04     -0.40969654E-02
     175     -0.29262953E-01     -0.29262953E-01     -0.52823621E-04     -0.40969654E-02
     176     -0.29262953E-01     -0.29262953E-01     -0.54908769E-04     -0.40969654E-02
     177     -0.29262953E-01     -0.29262953E-01     -0.68626613E-04     -0.40969654E-02
     178     -0.29262953E-01     -0.29262953E-01     -0.83339783E-04     -0.40969654E-02
     179     -0.29262953E-01     -0.29262953E-01     -0.86275610E-04     -0.40969654E-02
     180     -0.29262953E-01     -0.29262953E-01     -0.89008321E-04     -0.40969654E-02
     181     -0.29262953E-01     -0.29262953E-01     -0.95814110E-04     -0.40969654E-02
     182     -0.29262953E-01     -0.29262953E-01     -0.10982884E-03     -0.40969654E-02
     183     -0.29262953E-01     -0.29262953E-01     -0.11721793E-03     -0.40969654E-02
     184     -0.29262953E-01     -0.29262953E-01     -0.14462152E-03     -0.40969654E-02
     185     -0.29262953E-01     -0.29262953E-01     -0.17280756E-03     -0.40969654E-02
     186     -0.29262953E-01     -0.29262953E-01     -0.20149006E-03     -0.40969654E-02
     187     -0.29262953E-01     -0.29262953E-01     -0.21382898E-03     -0.40969654E-02
     188     -0.29262953E-01     -0.29262953E-01     -0.21881337E-03     -0.40969654E-02
     189     -0.29262953E-01     -0.29262953E-01     -0.23811028E-03     -0.40969654E-02
     190     -0.29262953E-01     -0.29262953E-01     -0.24444456E-03     -0.40969654E-02
     191     -0.29262953E-01     -0.29262953E-01     -0.27489235E-03     -0.40969654E-02
     192     -0.29262953E-01     -0.29262953E-01     -0.30268300E-03     -0.40969654E-02
     193     -0.29262953E-01     -0.29262953E-01     -0.32061227E-03     -0.40969654E-02
     194     -0.29262953E-01     -0.29262953E-01     -0.34060214E-03     -0.40969654E-02
     195     -0.29262953E-01     -0.29262953E-01     -0.36233658E-03     -0.40969654E-02
     196     -0.29262953E-01     -0.29262953E-01     -0.39328824E-03     -0.40969654E-02
     197     -0.29262953E-01     -0.29262953E-01     -0.40528366E-03     -0.40969654E-02
     198     -0.29262953E-01     -0.29262953E-01     -0.40993468E-03     -0.40969654E-02
     199     -0.29262953E-01     -0.29262953E-01     -0.43015917E-03     -0.40969654E-02
     200     -0.29262953E-01     -0.29262953E-01     -0.47500078E-03     -0.40969654E-02
     201     -0.29262953E-01     -0.29262953E-01     -0.48609130E-03     -0.40969654E-02
     202     -0.29262953E-01     -0.29262953E-01     -0.50814993E-03     -0.40969654E-02
     203     -0.29262953E-01     -0.29262953E-01     -0.52443720E-03     -0.40969654E-02
     204     -0.29262953E-01     -0.29262953E-01     -0.53620198E-03     -0.40969654E-02
     205     -0.29262953E-01     -0.29262953E-01     -0.54614001E-03     -0.40969654E-02
     206     -0.29262953E-01     -0.29262953E-01     -0.57547291E-03     -0.40969654E-02
     207     -0.29262953E-01     -0.29262953E-01     -0.58901124E-03     -0.40969654E-02
 
# q=  0.00000000E+00  0.50000000E+00  0.50000000E+00  (qpt 3)
#ncbands         Re chi(0,0)              extrap   Re chi(Gmax,Gmax)              extrap
       1     -0.39081453E-02     -0.36859888E-01     -0.77293046E-10     -0.47177618E-02
       2     -0.90591790E-02     -0.36859888E-01     -0.15277446E-09     -0.47177618E-02
       3     -0.14110700E-01     -0.36859888E-01     -0.21132980E-09     -0.47177618E-02
       4     -0.19050845E-01     -0.36859888E-01     -0.26655005E-09     -0.47177618E-02
       5     -0.22054472E-01     -0.36859888E-01     -0.33407827E-09     -0.47177618E-02
       6     -0.25109356E-01     -0.36859888E-01     -0.38316877E-09     -0.47177618E-02
       7     -0.26226022E-01     -0.36859888E-01     -0.41882613E-09     -0.47177618E-02
       8     -0.27340252E-01     -0.36859888E-01     -0.45774353E-09     -0.47177618E-02
       9     -0.31410416E-01     -0.36859888E-01     -0.11431888E-08     -0.47177618E-02
      10     -0.35400963E-01     -0.36859888E-01     -0.17741305E-08     -0.47177618E-02
      11     -0.35485673E-01     -0.36859888E-01     -0.19321754E-08     -0.47177618E-02
      12     -0.35575887E-01     -0.36859888E-01     -0.20741971E-08     -0.47177618E-02
      13     -0.36063745E-01     -0.36859888E-01     -0.28701548E-08     -0.47177618E-02
      14     -0.36493981E-01     -0.36859888E-01     -0.37183313E-08     -0.47177618E-02
      15     -0.36588884E-01     -0.36859888E-01     -0.44635402E-08     -0.47177618E-02
      16     -0.36695814E-01     -0.36859888E-01     -0.53319789E-08     -0.47177618E-02
      17     -0.36727780E-01     -0.36859888E-01     -0.58914376E-08     -0.47177618E-02
      18     -0.36757004E-01     -0.36859888E-01     -0.65106808E-08     -0.47177618E-02
      19     -0.36780096E-01     -0.36859888E-01     -0.77644011E-08     -0.47177618E-02
      20     -0.36804225E-01     -0.36859888E-01     -0.88017769E-08     -0.47177618E-02
      21     -0.36810282E-01     -0.36859888E-01     -0.96339578E-08     -0.47177618E-02
      22     -0.36816903E-01     -0.36859888E-01     -0.10297127E-07     -0.47177618E-02
      23     -0.36823186E-01     -0.36859888E-01     -0.11612198E-07     -0.47177618E-02
      24     -0.36830089E-01     -0.36859888E-01     -0.13319099E-07     -0.47177618E-02
      25     -0.36833867E-01     -0.36859888E-01     -0.14360420E-07     -0.47177618E-02
      26     -0.36837598E-01     -0.36859888E-01     -0.15559553E-07     -0.47177618E-02
      27     -0.36840462E-01     -0.36859888E-01     -0.16641403E-07     -0.47177618E-02
      28     -0.36842578E-01     -0.36859888E-01     -0.18397930E-07     -0.47177618E-02
      29     -0.36843484E-01     -0.36859888E-01     -0.18947377E-07     -0.47177618E-02
      30     -0.36844294E-01     -0.36859888E-01     -0.19456057E-07     -0.47177618E-02
      31     -0.36845969E-01     -0.36859888E-01     -0.21158845E-07     -0.47177618E-02
      32     -0.36847421E-01     -0.36859888E-01     -0.23178378E-07     -0.47177618E-02
      33     -0.36848878E-01     -0.36859888E-01     -0.25904564E-07     -0.47177618E-02
      34     -0.36850233E-01     -0.36859888E-01     -0.27699940E-07     -0.47177618E-02
      35     -0.36851012E-01     -0.36859888E-01     -0.29616123E-07     -0.47177618E-02
      36     -0.36851868E-01     -0.36859888E-01     -0.31760000E-07     -0.47177618E-02
      37     -0.36852412E-01     -0.36859888E-01     -0.32667801E-07     -0.47177618E-02
      38     -0.36852969E-01     -0.36859888E-01     -0.33803001E-07     -0.47177618E-02
      39     -0.36853475E-01     -0.36859888E-01     -0.35146249E-07     -0.47177618E-02
      40     -0.36853944E-01     -0.36859888E-01     -0.37915262E-07     -0.47177618E-02
      41     -0.36854716E-01     -0.36859888E-01     -0.41313173E-07     -0.47177618E-02
      42     -0.36855342E-01     -0.36859888E-01     -0.44148482E-07     -0.47177618E-02
      43     -0.36855951E-01     -0.36859888E-01     -0.46379604E-07     -0.47177618E-02
      44     -0.36856583E-01     -0.36859888E-01     -0.48193745E-07     -0.47177618E-02
      45     -0.36856836E-01     -0.36859888E-01     -0.50570053E-07     -0.47177618E-02
      46     -0.36857104E-01     -0.36859888E-01     -0.54441145E-07     -0.47177618E-02
      47     -0.36857295E-01     -0.36859888E-01     -0.59568158E-07     -0.47177618E-02
      48     -0.36857531E-01     -0.36859888E-01     -0.63217077E-07     -0.47177618E-02
      49     -0.36857780E-01     -0.36859888E-01     -0.65510296E-07     -0.47177618E-02
      50     -0.36858056E-01     -0.36859888E-01     -0.68031829E-07     -0.47177618E-02
      51     -0.36858266E-01     -0.36859888E-01     -0.70895968E-07     -0.47177618E-02
      52     -0.36858441E-01     -0.36859888E-01     -0.74293162E-07     -0.47177618E-02
      53     -0.36858603E-01     -0.36859888E-01     -0.78182091E-07     -0.47177618E-02
      54     -0.36858807E-01     -0.36859888E-01     -0.83568607E-07     -0.47177618E-02
      55     -0.36858900E-01     -0.36859888E-01     -0.87195399E-07     -0.47177618E-02
      56     -0.36859007E-01     -0.36859888E-01     -0.90929979E-07     -0.47177618E-02
      57     -0.36859043E-01     -0.36859888E-01     -0.95463389E-07     -0.47177618E-02
      58     -0.36859076E-01     -0.36859888E-01     -0.99714099E-07     -0.47177618E-02
      59     -0.36859112E-01     -0.36859888E-01     -0.10358503E-06     -0.47177618E-02
      60     -0.36859150E-01     -0.36859888E-01     -0.10712208E-06     -0.47177618E-02
      61     -0.36859237E-01     -0.36859888E-01     -0.11311438E-06     -0.47177618E-02
      62     -0.36859289E-01     -0.36859888E-01     -0.11932549E-06     -0.47177618E-02
      63     -0.36859340E-01     -0.36859888E-01     -0.12521251E-06     -0.47177618E-02
      64     -0.36859423E-01     -0.36859888E-01     -0.13156735E-06     -0.47177618E-02
      65     -0.36859536E-01     -0.36859888E-01     -0.14066893E-06     -0.47177618E-02
      66     -0.36859597E-01     -0.36859888E-01     -0.14836010E-06     -0.47177618E-02
      67     -0.36859610E-01     -0.36859888E-01     -0.15374050E-06     -0.47177618E-02
      68     -0.36859627E-01     -0.36859888E-01     -0.15909306E-06     -0.47177618E-02
      69     -0.36859652E-01     -0.36859888E-01     -0.16460564E-06     -0.47177618E-02
      70     -0.36859682E-01     -0.36859888E-01     -0.17273897E-06     -0.47177618E-02
      71     -0.36859707E-01     -0.36859888E-01     -0.17877154E-06     -0.47177618E-02
      72     -0.36859734E-01     -0.36859888E-01     -0.18690058E-06     -0.47177618E-02
      73     -0.36859744E-01     -0.36859888E-01     -0.19473475E-06     -0.47177618E-02
      74     -0.36859751E-01     -0.36859888E-01     -0.20448462E-06     -0.47177618E-02
      75     -0.36859762E-01     -0.36859888E-01     -0.21430982E-06     -0.47177618E-02
      76     -0.36859780E-01     -0.36859888E-01     -0.22145213E-06     -0.47177618E-02
      77     -0.36859801E-01     -0.36859888E-01     -0.23406001E-06     -0.47177618E-02
      78     -0.36859820E-01     -0.36859888E-01     -0.24798312E-06     -0.47177618E-02
      79     -0.36859824E-01     -0.36859888E-01     -0.25363060E-06     -0.47177618E-02
      80     -0.36859829E-01     -0.36859888E-01     -0.26001748E-06     -0.47177618E-02
      81     -0.36859834E-01     -0.36859888E-01     -0.26553431E-06     -0.47177618E-02
      82     -0.36859839E-01     -0.36859888E-01     -0.27532322E-06     -0.47177618E-02
      83     -0.36859842E-01     -0.36859888E-01     -0.28114720E-06     -0.47177618E-02
      84     -0.36859845E-01     -0.36859888E-01     -0.28516455E-06     -0.47177618E-02
      85     -0.36859846E-01     -0.36859888E-01     -0.29205328E-06     -0.47177618E-02
      86     -0.36859848E-01     -0.36859888E-01     -0.29952402E-06     -0.47177618E-02
      87     -0.36859850E-01     -0.36859888E-01     -0.31553934E-06     -0.47177618E-02
      88     -0.36859853E-01     -0.36859888E-01     -0.33473319E-06     -0.47177618E-02
      89     -0.36859856E-01     -0.36859888E-01     -0.34903174E-06     -0.47177618E-02
      90     -0.36859859E-01     -0.36859888E-01     -0.36376485E-06     -0.47177618E-02
      91     -0.36859860E-01     -0.36859888E-01     -0.38041807E-06     -0.47177618E-02
      92     -0.36859862E-01     -0.36859888E-01     -0.39306428E-06     -0.47177618E-02
      93     -0.36859862E-01     -0.36859888E-01     -0.40849008E-06     -0.47177618E-02
      94     -0.36859863E-01     -0.36859888E-01     -0.41892276E-06     -0.47177618E-02
      95     -0.36859863E-01     -0.36859888E-01     -0.42851825E-06     -0.47177618E-02
      96     -0.36859863E-01     -0.36859888E-01     -0.43741457E-06     -0.47177618E-02
      97     -0.36859864E-01     -0.36859888E-01     -0.45252792E-06     -0.47177618E-02
      98     -0.36859865E-01     -0.36859888E-01     -0.47776485E-06     -0.47177618E-02
      99     -0.36859866E-01     -0.36859888E-01     -0.49142500E-06     -0.47177618E-02
     100     -0.36859866E-01     -0.36859888E-01     -0.50015300E-06     -0.47177618E-02
     101     -0.36859866E-01     -0.36859888E-01     -0.51029498E-06     -0.47177618E-02
     102     -0.36859866E-01     -0.36859888E-01     -0.51708054E-06     -0.47177618E-02
     103     -0.36859867E-01     -0.36859888E-01     -0.56310489E-06     -0.47177618E-02
     104     -0.36859868E-01     -0.36859888E-01     -0.59317987E-06     -0.47177618E-02
     105     -0.36859869E-01     -0.36859888E-01     -0.62339672E-06     -0.47177618E-02
     106     -0.36859869E-01     -0.36859888E-01     -0.65526365E-06     -0.47177618E-02
     107     -0.36859870E-01     -0.36859888E-01     -0.67809163E-06     -0.47177618E-02
     108     -0.36859870E-01     -0.36859888E-01     -0.70348833E-06     -0.47177618E-02
     109     -0.36859870E-01     -0.36859888E-01     -0.71597789E-06     -0.47177618E-02
     110     -0.36859870E-01     -0.36859888E-01     -0.73203810E-06     -0.47177618E-02
     111     -0.36859871E-01     -0.36859888E-01     -0.76895065E-06     -0.47177618E-02
     112     -0.36859871E-01     -0.36859888E-01     -0.79197408E-06     -0.47177618E-02
     113     -0.36859872E-01     -0.36859888E-01     -0.80279457E-06     -0.47177618E-02
     114     -0.36859872E-01     -0.36859888E-01     -0.83652680E-06     -0.47177618E-02
     115     -0.36859872E-01     -0.36859888E-01     -0.86541610E-06     -0.47177618E-02
     116     -0.36859873E-01     -0.36859888E-01     -0.93771417E-06     -0.47177618E-02
     117     -0.36859873E-01     -0.36859888E-01     -0.96287626E-06     -0.47177618E-02
     118     -0.36859873E-01     -0.36859888E-01     -0.98315736E-06     -0.47177618E-02
     119     -0.36859874E-01     -0.36859888E-01     -0.10024376E-05     -0.47177618E-02
     120     -0.36859874E-01     -0.36859888E-01     -0.10354882E-05     -0.47177618E-02
     121     -0.36859875E-01     -0.36859888E-01     -0.11109537E-05     -0.47177618E-02
     122     -0.36859875E-01     -0.36859888E-01     -0.11552668E-05     -0.47177618E-02
     123     -0.36859876E-01     -0.36859888E-01     -0.12403624E-05     -0.47177618E-02
     124     -0.36859877E-01     -0.36859888E-01     -0.13223655E-05     -0.47177618E-02
     125     -0.36859877E-01     -0.36859888E-01     -0.13610776E-05     -0.47177618E-02
     126     -0.36859877E-01     -0.36859888E-01     -0.13956659E-05     -0.47177618E-02
     127     -0.36859878E-01     -0.36859888E-01     -0.14494202E-05     -0.47177618E-02
     128     -0.36859878E-01     -0.36859888E-01     -0.15181168E-05     -0.47177618E-02
     129     -0.36859878E-01     -0.36859888E-01     -0.15912911E-05     -0.47177618E-02
     130     -0.36859878E-01     -0.36859888E-01     -0.16820818E-05     -0.47177618E-02
     131     -0.36859879E-01     -0.36859888E-01     -0.17538589E-05     -0.47177618E-02
     132     -0.36859879E-01     -0.36859888E-01     -0.18215857E-05     -0.47177618E-02
     133     -0.36859880E-01     -0.36859888E-01     -0.18801097E-05     -0.47177618E-02
     134     -0.36859880E-01     -0.36859888E-01     -0.19475078E-05     -0.47177618E-02
     135     -0.36859881E-01     -0.36859888E-01     -0.21030225E-05     -0.47177618E-02
     136     -0.36859881E-01     -0.36859888E-01     -0.22146862E-05     -0.47177618E-02
     137     -0.36859881E-01     -0.36859888E-01     -0.22987075E-05     -0.47177618E-02
     138     -0.36859882E-01     -0.36859888E-01     -0.24007614E-05     -0.47177618E-02
     139     -0.36859882E-01     -0.36859888E-01     -0.24893183E-05     -0.47177618E-02
     140     -0.36859883E-01     -0.36859888E-01     -0.25594984E-05     -0.47177618E-02
     141     -0.36859883E-01     -0.36859888E-01     -0.26143667E-05     -0.47177618E-02
     142     -0.36859883E-01     -0.36859888E-01     -0.27193906E-05     -0.47177618E-02
     143     -0.36859883E-01     -0.36859888E-01     -0.31120120E-05     -0.47177618E-02
     144     -0.36859884E-01     -0.36859888E-01     -0.34247567E-05     -0.47177618E-02
     145     -0.36859884E-01     -0.36859888E-01     -0.36137427E-05     -0.47177618E-02
     146     -0.36859884E-01     -0.36859888E-01     -0.38789553E-05     -0.47177618E-02
     147     -0.36859884E-01     -0.36859888E-01     -0.39882023E-05     -0.47177618E-02
     148     -0.36859885E-01     -0.36859888E-01     -0.42509445E-05     -0.47177618E-02
     149     -0.36859885E-01     -0.36859888E-01     -0.44123667E-05     -0.47177618E-02
     150     -0.36859885E-01     -0.36859888E-01     -0.45581642E-05     -0.47177618E-02
     151     -0.36859885E-01     -0.36859888E-01     -0.51588110E-05     -0.47177618E-02
     152     -0.36859886E-01     -0.36859888E-01     -0.55861257E-05     -0.47177618E-02
     153     -0.36859886E-01     -0.36859888E-01     -0.59349767E-05     -0.47177618E-02
     154     -0.36859886E-01     -0.36859888E-01     -0.61643048E-05     -0.47177618E-02
     155     -0.36859886E-01     -0.36859888E-01     -0.69505563E-05     -0.47177618E-02
     156     -0.36859886E-01     -0.36859888E-01     -0.75892269E-05     -0.47177618E-02
     157     -0.36859886E-01     -0.36859888E-01     -0.79848585E-05     -0.47177618E-02
     158     -0.36859887E-01     -0.36859888E-01     -0.86074590E-05     -0.47177618E-02
     159     -0.36859887E-01     -0.36859888E-01     -0.93882487E-05     -0.47177618E-02
     160     -0.36859887E-01     -0.36859888E-01     -0.10235619E-04     -0.47177618E-02
     161     -0.36859887E-01     -0.36859888E-01     -0.11610300E-04     -0.47177618E-02
     162     -0.36859887E-01     -0.36859888E-01     -0.12418544E-04     -0.47177618E-02
     163     -0.36859887E-01     -0.36859888E-01     -0.13156742E-04     -0.47177618E-02
     164     -0.36859887E-01     -0.36859888E-01     -0.14587593E-04     -0.47177618E-02
     165     -0.36859887E-01     -0.36859888E-01     -0.15036339E-04     -0.47177618E-02
     166     -0.36859887E-01     -0.36859888E-01     -0.15388435E-04     -0.47177618E-02
     167     -0.36859887E-01     -0.36859888E-01     -0.17388391E-04     -0.47177618E-02
     168     -0.36859887E-01     -0.36859888E-01     -0.19283164E-04     -0.47177618E-02
     169     -0.36859887E-01     -0.36859888E-01     -0.23218538E-04     -0.47177618E-02
     170     -0.36859887E-01     -0.36859888E-01     -0.25015491E-04     -0.47177618E-02
     171     -0.36859887E-01     -0.36859888E-01     -0.27799906E-04     -0.47177618E-02
     172     -0.36859887E-01     -0.36859888E-01     -0.32849449E-04     -0.47177618E-02
     173     -0.36859887E-01     -0.36859888E-01     -0.35909698E-04     -0.47177618E-02
     174     -0.36859887E-01     -0.36859888E-01     -0.37893561E-04     -0.47177618E-02
     175     -0.36859887E-01     -0.36859888E-01     -0.45187963E-04     -0.47177618E-02
     176     -0.36859888E-01     -0.36859888E-01     -0.51292335E-04     -0.47177618E-02
     177     -0.36859888E-01     -0.36859888E-01     -0.65766868E-04     -0.47177618E-02
     178     -0.36859888E-01     -0.36859888E-01     -0.75759467E-04     -0.47177618E-02
     179     -0.36859888E-01     -0.36859888E-01     -0.78991483E-04     -0.47177618E-02
     180     -0.36859888E-01     -0.36859888E-01     -0.80680783E-04     -0.47177618E-02
     181     -0.36859888E-01     -0.36859888E-01     -0.97932097E-04     -0.47177618E-02
     182     -0.36859888E-01     -0.36859888E-01     -0.12753264E-03     -0.47177618E-02
     183     -0.36859888E-01     -0.36859888E-01     -0.14600262E-03     -0.47177618E-02
     184     -0.36859888E-01     -0.36859888E-01     -0.17883510E-03     -0.47177618E-02
     185     -0.36859888E-01     -0.36859888E-01     -0.18946343E-03     -0.47177618E-02
     186     -0.36859888E-01     -0.36859888E-01     -0.19775397E-03     -0.47177618E-02
     187     -0.36859888E-01     -0.36859888E-01     -0.20490778E-03     -0.47177618E-02
     188     -0.36859888E-01     -0.36859888E-01     -0.21180263E-03     -0.47177618E-02
     189     -0.36859888E-01     -0.36859888E-01     -0.22586527E-03     -0.47177618E-02
     190     -0.36859888E-01     -0.36859888E-01     -0.27351865E-03     -0.47177618E-02
     191     -0.36859888E-01     -0.36859888E-01     -0.28170862E-03     -0.47177618E-02
     192     -0.36859888E-01     -0.36859888E-01     -0.29781658E-03     -0.47177618E-02
     193     -0.36859888E-01     -0.36859888E-01     -0.32326596E-03     -0.47177618E-02
     194     -0.36859888E-01     -0.36859888E-01     -0.34763198E-03     -0.47177618E-02
     195     -0.36859888E-01     -0.36859888E-01     -0.35455107E-03     -0.47177618E-02
     196     -0.36859888E-01     -0.36859888E-01     -0.36518302E-03     -0.47177618E-02
     197     -0.36859888E-01     -0.36859888E-01     -0.38238758E-03     -0.47177618E-02
     198     -0.36859888E-01     -0.36859888E-01     -0.39914062E-03     -0.47177618E-02
     199     -0.36859888E-01     -0.36859888E-01     -0.41790542E-03     -0.47177618E-02
     200     -0.36859888E-01     -0.36859888E-01     -0.42816337E-03     -0.47177618E-02
     201     -0.36859888E-01     -0.36859888E-01     -0.44700999E-03     -0.47177618E-02
     202     -0.36859888E-01     -0.36859888E-01     -0.46520155E-03     -0.47177618E-02
     203     -0.36859888E-01     -0.36859888E-01     -0.51953532E-03     -0.47177618E-02
     204     -0.36859888E-01     -0.36859888E-01     -0.54974979E-03     -0.47177618E-02
     205     -0.36859888E-01     -0.36859888E-01     -0.57514995E-03     -0.47177618E-02
     206     -0.36859888E-01     -0.36859888E-01     -0.61764681E-03     -0.47177618E-02
     207     -0.36859888E-01     -0.36859888E-01     -0.64093232E-03     -0.47177618E-02
 
# q=  0.50000000E+00  0.50000000E+00  0.50000000E+00  (qpt 4)
#ncbands         Re chi(0,0)              extrap   Re chi(Gmax,Gmax)              extrap
       1     -0.43421646E-02     -0.27727021E-01     -0.38949802E-09     -0.41955505E-02
       2     -0.88600777E-02     -0.27727021E-01     -0.76314191E-09     -0.41955505E-02
       3     -0.11428237E-01     -0.27727021E-01     -0.85312864E-09     -0.41955505E-02
       4     -0.14086493E-01     -0.27727021E-01     -0.93759183E-09     -0.41955505E-02
       5     -0.16192928E-01     -0.27727021E-01     -0.97244659E-09     -0.41955505E-02
       6     -0.18292737E-01     -0.27727021E-01     -0.10092623E-08     -0.41955505E-02
       7     -0.18851385E-01     -0.27727021E-01     -0.10322545E-08     -0.41955505E-02
       8     -0.19411281E-01     -0.27727021E-01     -0.10552394E-08     -0.41955505E-02
       9     -0.23300105E-01     -0.27727021E-01     -0.17648390E-08     -0.41955505E-02
      10     -0.27032057E-01     -0.27727021E-01     -0.25289427E-08     -0.41955505E-02
      11     -0.27102838E-01     -0.27727021E-01     -0.28214368E-08     -0.41955505E-02
      12     -0.27180690E-01     -0.27727021E-01     -0.31189246E-08     -0.41955505E-02
      13     -0.27336727E-01     -0.27727021E-01     -0.39791000E-08     -0.41955505E-02
      14     -0.27516650E-01     -0.27727021E-01     -0.46253431E-08     -0.41955505E-02
      15     -0.27553921E-01     -0.27727021E-01     -0.57017604E-08     -0.41955505E-02
      16     -0.27639891E-01     -0.27727021E-01     -0.66844885E-08     -0.41955505E-02
      17     -0.27653595E-01     -0.27727021E-01     -0.71875773E-08     -0.41955505E-02
      18     -0.27663605E-01     -0.27727021E-01     -0.78094008E-08     -0.41955505E-02
      19     -0.27673709E-01     -0.27727021E-01     -0.82344391E-08     -0.41955505E-02
      20     -0.27683786E-01     -0.27727021E-01     -0.88416083E-08     -0.41955505E-02
      21     -0.27686723E-01     -0.27727021E-01     -0.93935820E-08     -0.41955505E-02
      22     -0.27689474E-01     -0.27727021E-01     -0.10340744E-07     -0.41955505E-02
      23     -0.27697515E-01     -0.27727021E-01     -0.13125146E-07     -0.41955505E-02
      24     -0.27704459E-01     -0.27727021E-01     -0.15115842E-07     -0.41955505E-02
      25     -0.27707267E-01     -0.27727021E-01     -0.16195486E-07     -0.41955505E-02
      26     -0.27709855E-01     -0.27727021E-01     -0.17337554E-07     -0.41955505E-02
      27     -0.27711514E-01     -0.27727021E-01     -0.18462146E-07     -0.41955505E-02
      28     -0.27713041E-01     -0.27727021E-01     -0.19558926E-07     -0.41955505E-02
      29     -0.27713815E-01     -0.27727021E-01     -0.20350768E-07     -0.41955505E-02
      30     -0.27714544E-01     -0.27727021E-01     -0.21002429E-07     -0.41955505E-02
      31     -0.27716110E-01     -0.27727021E-01     -0.22737817E-07     -0.41955505E-02
      32     -0.27717562E-01     -0.27727021E-01     -0.23918956E-07     -0.41955505E-02
      33     -0.27718709E-01     -0.27727021E-01     -0.26108213E-07     -0.41955505E-02
      34     -0.27719548E-01     -0.27727021E-01     -0.27499022E-07     -0.41955505E-02
      35     -0.27720068E-01     -0.27727021E-01     -0.29552101E-07     -0.41955505E-02
      36     -0.27720734E-01     -0.27727021E-01     -0.31257579E-07     -0.41955505E-02
      37     -0.27721153E-01     -0.27727021E-01     -0.33003076E-07     -0.41955505E-02
      38     -0.27721620E-01     -0.27727021E-01     -0.34679010E-07     -0.41955505E-02
      39     -0.27722029E-01     -0.27727021E-01     -0.37307191E-07     -0.41955505E-02
      40     -0.27722434E-01     -0.27727021E-01     -0.39768316E-07     -0.41955505E-02
      41     -0.27722893E-01     -0.27727021E-01     -0.42486851E-07     -0.41955505E-02
      42     -0.27723313E-01     -0.27727021E-01     -0.44469473E-07     -0.41955505E-02
      43     -0.27723788E-01     -0.27727021E-01     -0.48579168E-07     -0.41955505E-02
      44     -0.27724346E-01     -0.27727021E-01     -0.52311778E-07     -0.41955505E-02
      45     -0.27724544E-01     -0.27727021E-01     -0.55238646E-07     -0.41955505E-02
      46     -0.27724768E-01     -0.27727021E-01     -0.58727741E-07     -0.41955505E-02
      47     -0.27724963E-01     -0.27727021E-01     -0.61196440E-07     -0.41955505E-02
      48     -0.27725094E-01     -0.27727021E-01     -0.65363535E-07     -0.41955505E-02
      49     -0.27725279E-01     -0.27727021E-01     -0.71140622E-07     -0.41955505E-02
      50     -0.27725573E-01     -0.27727021E-01     -0.76168756E-07     -0.41955505E-02
      51     -0.27725766E-01     -0.27727021E-01     -0.79497924E-07     -0.41955505E-02
      52     -0.27725906E-01     -0.27727021E-01     -0.82609671E-07     -0.41955505E-02
      53     -0.27726042E-01     -0.27727021E-01     -0.87739598E-07     -0.41955505E-02
      54     -0.27726144E-01     -0.27727021E-01     -0.92831979E-07     -0.41955505E-02
      55     -0.27726246E-01     -0.27727021E-01     -0.97956930E-07     -0.41955505E-02
      56     -0.27726308E-01     -0.27727021E-01     -0.10220733E-06     -0.41955505E-02
      57     -0.27726330E-01     -0.27727021E-01     -0.10680857E-06     -0.41955505E-02
      58     -0.27726352E-01     -0.27727021E-01     -0.11066148E-06     -0.41955505E-02
      59     -0.27726390E-01     -0.27727021E-01     -0.11518754E-06     -0.41955505E-02
      60     -0.27726425E-01     -0.27727021E-01     -0.12030194E-06     -0.41955505E-02
      61     -0.27726473E-01     -0.27727021E-01     -0.12422299E-06     -0.41955505E-02
      62     -0.27726549E-01     -0.27727021E-01     -0.12932584E-06     -0.41955505E-02
      63     -0.27726598E-01     -0.27727021E-01     -0.13773459E-06     -0.41955505E-02
      64     -0.27726645E-01     -0.27727021E-01     -0.14374396E-06     -0.41955505E-02
      65     -0.27726716E-01     -0.27727021E-01     -0.15376860E-06     -0.41955505E-02
      66     -0.27726778E-01     -0.27727021E-01     -0.16062478E-06     -0.41955505E-02
      67     -0.27726789E-01     -0.27727021E-01     -0.16405020E-06     -0.41955505E-02
      68     -0.27726797E-01     -0.27727021E-01     -0.16806011E-06     -0.41955505E-02
      69     -0.27726822E-01     -0.27727021E-01     -0.17897462E-06     -0.41955505E-02
      70     -0.27726851E-01     -0.27727021E-01     -0.18917323E-06     -0.41955505E-02
      71     -0.27726869E-01     -0.27727021E-01     -0.19625094E-06     -0.41955505E-02
      72     -0.27726895E-01     -0.27727021E-01     -0.20772764E-06     -0.41955505E-02
      73     -0.27726904E-01     -0.27727021E-01     -0.21365975E-06     -0.41955505E-02
      74     -0.27726912E-01     -0.27727021E-01     -0.21808483E-06     -0.41955505E-02
      75     -0.27726922E-01     -0.27727021E-01     -0.22781650E-06     -0.41955505E-02
      76     -0.27726939E-01     -0.27727021E-01     -0.23509816E-06     -0.41955505E-02
      77     -0.27726956E-01     -0.27727021E-01     -0.24732877E-06     -0.41955505E-02
      78     -0.27726974E-01     -0.27727021E-01     -0.25608316E-06     -0.41955505E-02
      79     -0.27726978E-01     -0.27727021E-01     -0.26218749E-06     -0.41955505E-02
      80     -0.27726981E-01     -0.27727021E-01     -0.26724572E-06     -0.41955505E-02
      81     -0.27726984E-01     -0.27727021E-01     -0.27081753E-06     -0.41955505E-02
      82     -0.27726988E-01     -0.27727021E-01     -0.27710885E-06     -0.41955505E-02
      83     -0.27726991E-01     -0.27727021E-01     -0.28357076E-06     -0.41955505E-02
      84     -0.27726992E-01     -0.27727021E-01     -0.28705695E-06     -0.41955505E-02
      85     -0.27726994E-01     -0.27727021E-01     -0.29419573E-06     -0.41955505E-02
      86     -0.27726995E-01     -0.27727021E-01     -0.30160354E-06     -0.41955505E-02
      87     -0.27726996E-01     -0.27727021E-01     -0.31801309E-06     -0.41955505E-02
      88     -0.27726998E-01     -0.27727021E-01     -0.33455493E-06     -0.41955505E-02
      89     -0.27727000E-01     -0.27727021E-01     -0.34550382E-06     -0.41955505E-02
      90     -0.27727001E-01     -0.27727021E-01     -0.35337834E-06     -0.41955505E-02
      91     -0.27727002E-01     -0.27727021E-01     -0.36284660E-06     -0.41955505E-02
      92     -0.27727003E-01     -0.27727021E-01     -0.37666068E-06     -0.41955505E-02
      93     -0.27727003E-01     -0.27727021E-01     -0.39314486E-06     -0.41955505E-02
      94     -0.27727004E-01     -0.27727021E-01     -0.40323161E-06     -0.41955505E-02
      95     -0.27727004E-01     -0.27727021E-01     -0.41523624E-06     -0.41955505E-02
      96     -0.27727004E-01     -0.27727021E-01     -0.43027232E-06     -0.41955505E-02
      97     -0.27727004E-01     -0.27727021E-01     -0.44351819E-06     -0.41955505E-02
      98     -0.27727005E-01     -0.27727021E-01     -0.45149984E-06     -0.41955505E-02
      99     -0.27727005E-01     -0.27727021E-01     -0.46819211E-06     -0.41955505E-02
     100     -0.27727006E-01     -0.27727021E-01     -0.48239921E-06     -0.41955505E-02
     101     -0.27727006E-01     -0.27727021E-01     -0.48852187E-06     -0.41955505E-02
     102     -0.27727006E-01     -0.27727021E-01     -0.49583002E-06     -0.41955505E-02
     103     -0.27727006E-01     -0.27727021E-01     -0.52660872E-06     -0.41955505E-02
     104     -0.27727007E-01     -0.27727021E-01     -0.56688507E-06     -0.41955505E-02
     105     -0.27727007E-01     -0.27727021E-01     -0.61565251E-06     -0.41955505E-02
     106     -0.27727008E-01     -0.27727021E-01     -0.66375170E-06     -0.41955505E-02
     107     -0.27727008E-01     -0.27727021E-01     -0.68281050E-06     -0.41955505E-02
     108     -0.27727008E-01     -0.27727021E-01     -0.70387597E-06     -0.41955505E-02
     109     -0.27727008E-01     -0.27727021E-01     -0.72906394E-06     -0.41955505E-02
     110     -0.27727009E-01     -0.27727021E-01     -0.75602032E-06     -0.41955505E-02
     111     -0.27727009E-01     -0.27727021E-01     -0.81053786E-06     -0.41955505E-02
     112     -0.27727009E-01     -0.27727021E-01     -0.83957464E-06     -0.41955505E-02
     113     -0.27727009E-01     -0.27727021E-01     -0.86078145E-06     -0.41955505E-02
     114     -0.27727010E-01     -0.27727021E-01     -0.88350602E-06     -0.41955505E-02
     115     -0.27727010E-01     -0.27727021E-01     -0.92357946E-06     -0.41955505E-02
     116     -0.27727010E-01     -0.27727021E-01     -0.97175367E-06     -0.41955505E-02
     117     -0.27727010E-01     -0.27727021E-01     -0.10037057E-05     -0.41955505E-02
     118     -0.27727011E-01     -0.27727021E-01     -0.10314988E-05     -0.41955505E-02
     119     -0.27727011E-01     -0.27727021E-01     -0.10918127E-05     -0.41955505E-02
     120     -0.27727011E-01     -0.27727021E-01     -0.11452789E-05     -0.41955505E-02
     121     -0.27727011E-01     -0.27727021E-01     -0.11928898E-05     -0.41955505E-02
     122     -0.27727012E-01     -0.27727021E-01     -0.12806992E-05     -0.41955505E-02
     123     -0.27727012E-01     -0.27727021E-01     -0.13529195E-05     -0.41955505E-02
     124     -0.27727013E-01     -0.27727021E-01     -0.14801790E-05     -0.41955505E-02
     125     -0.27727013E-01     -0.27727021E-01     -0.15155928E-05     -0.41955505E-02
     126     -0.27727013E-01     -0.27727021E-01     -0.15305223E-05     -0.41955505E-02
     127     -0.27727013E-01     -0.27727021E-01     -0.15996381E-05     -0.41955505E-02
     128     -0.27727013E-01     -0.27727021E-01     -0.16809039E-05     -0.41955505E-02
     129     -0.27727014E-01     -0.27727021E-01     -0.17095239E-05     -0.41955505E-02
     130     -0.27727014E-01     -0.27727021E-01     -0.17448908E-05     -0.41955505E-02
     131     -0.27727014E-01     -0.27727021E-01     -0.17788765E-05     -0.41955505E-02
     132     -0.27727015E-01     -0.27727021E-01     -0.18581611E-05     -0.41955505E-02
     133     -0.27727015E-01     -0.27727021E-01     -0.19843067E-05     -0.41955505E-02
     134     -0.27727015E-01     -0.27727021E-01     -0.20336420E-05     -0.41955505E-02
     135     -0.27727016E-01     -0.27727021E-01     -0.21736520E-05     -0.41955505E-02
     136     -0.27727016E-01     -0.27727021E-01     -0.22980725E-05     -0.41955505E-02
     137     -0.27727016E-01     -0.27727021E-01     -0.23956320E-05     -0.41955505E-02
     138     -0.27727016E-01     -0.27727021E-01     -0.24813038E-05     -0.41955505E-02
     139     -0.27727017E-01     -0.27727021E-01     -0.26683773E-05     -0.41955505E-02
     140     -0.27727017E-01     -0.27727021E-01     -0.29458134E-05     -0.41955505E-02
     141     -0.27727017E-01     -0.27727021E-01     -0.30567451E-05     -0.41955505E-02
     142     -0.27727017E-01     -0.27727021E-01     -0.31266983E-05     -0.41955505E-02
     143     -0.27727017E-01     -0.27727021E-01     -0.33222960E-05     -0.41955505E-02
     144     -0.27727018E-01     -0.27727021E-01     -0.34971215E-05     -0.41955505E-02
     145     -0.27727018E-01     -0.27727021E-01     -0.38567488E-05     -0.41955505E-02
     146     -0.27727018E-01     -0.27727021E-01     -0.41059977E-05     -0.41955505E-02
     147     -0.27727018E-01     -0.27727021E-01     -0.42074411E-05     -0.41955505E-02
     148     -0.27727018E-01     -0.27727021E-01     -0.43740649E-05     -0.41955505E-02
     149     -0.27727018E-01     -0.27727021E-01     -0.45707166E-05     -0.41955505E-02
     150     -0.27727018E-01     -0.27727021E-01     -0.47531067E-05     -0.41955505E-02
     151     -0.27727019E-01     -0.27727021E-01     -0.51895308E-05     -0.41955505E-02
     152     -0.27727019E-01     -0.27727021E-01     -0.55791568E-05     -0.41955505E-02
     153     -0.27727019E-01     -0.27727021E-01     -0.57532269E-05     -0.41955505E-02
     154     -0.27727019E-01     -0.27727021E-01     -0.60594993E-05     -0.41955505E-02
     155     -0.27727019E-01     -0.27727021E-01     -0.63080678E-05     -0.41955505E-02
     156     -0.27727019E-01     -0.27727021E-01     -0.65820217E-05     -0.41955505E-02
     157     -0.27727020E-01     -0.27727021E-01     -0.69845699E-05     -0.41955505E-02
     158     -0.27727020E-01     -0.27727021E-01     -0.75157410E-05     -0.41955505E-02
     159     -0.27727020E-01     -0.27727021E-01     -0.81952914E-05     -0.41955505E-02
     160     -0.27727020E-01     -0.27727021E-01     -0.85141761E-05     -0.41955505E-02
     161     -0.27727020E-01     -0.27727021E-01     -0.94751455E-05     -0.41955505E-02
     162     -0.27727020E-01     -0.27727021E-01     -0.11084042E-04     -0.41955505E-02
     163     -0.27727020E-01     -0.27727021E-01     -0.12919919E-04     -0.41955505E-02
     164     -0.27727020E-01     -0.27727021E-01     -0.14423843E-04     -0.41955505E-02
     165     -0.27727020E-01     -0.27727021E-01     -0.14584116E-04     -0.41955505E-02
     166     -0.27727020E-01     -0.27727021E-01     -0.14692990E-04     -0.41955505E-02
     167     -0.27727020E-01     -0.27727021E-01     -0.16804443E-04     -0.41955505E-02
     168     -0.27727020E-01     -0.27727021E-01     -0.18557003E-04     -0.41955505E-02
     169     -0.27727020E-01     -0.27727021E-01     -0.20593086E-04     -0.41955505E-02
     170     -0.27727020E-01     -0.27727021E-01     -0.22674266E-04     -0.41955505E-02
     171     -0.27727020E-01     -0.27727021E-01     -0.24237040E-04     -0.41955505E-02
     172     -0.27727020E-01     -0.27727021E-01     -0.25370176E-04     -0.41955505E-02
     173     -0.27727020E-01     -0.27727021E-01     -0.32989315E-04     -0.41955505E-02
     174     -0.27727020E-01     -0.27727021E-01     -0.43952225E-04     -0.41955505E-02
     175     -0.27727020E-01     -0.27727021E-01     -0.53122885E-04     -0.41955505E-02
     176     -0.27727020E-01     -0.27727021E-01     -0.67087724E-04     -0.41955505E-02
     177     -0.27727020E-01     -0.27727021E-01     -0.67918948E-04     -0.41955505E-02
     178     -0.27727020E-01     -0.27727021E-01     -0.69349426E-04     -0.41955505E-02
     179     -0.27727020E-01     -0.27727021E-01     -0.83091106E-04     -0.41955505E-02
     180     -0.27727020E-01     -0.27727021E-01     -0.94814907E-04     -0.41955505E-02
     181     -0.27727020E-01     -0.27727021E-01     -0.10516862E-03     -0.41955505E-02
     182     -0.27727021E-01     -0.27727021E-01     -0.11159083E-03     -0.41955505E-02
     183     -0.27727021E-01     -0.27727021E-01     -0.11745067E-03     -0.41955505E-02
     184     -0.27727021E-01     -0.27727021E-01     -0.13406571E-03     -0.41955505E-02
     185     -0.27727021E-01     -0.27727021E-01     -0.15469599E-03     -0.41955505E-02
     186     -0.27727021E-01     -0.27727021E-01     -0.16242331E-03     -0.41955505E-02
     187     -0.27727021E-01     -0.27727021E-01     -0.17359343E-03     -0.41955505E-02
     188     -0.27727021E-01     -0.27727021E-01     -0.18341763E-03     -0.41955505E-02
     189     -0.27727021E-01     -0.27727021E-01     -0.19533670E-03     -0.41955505E-02
     190     -0.27727021E-01     -0.27727021E-01     -0.20870906E-03     -0.41955505E-02
     191     -0.27727021E-01     -0.27727021E-01     -0.22879501E-03     -0.41955505E-02
     192     -0.27727021E-01     -0.27727021E-01     -0.25697127E-03     -0.41955505E-02
     193     -0.27727021E-01     -0.27727021E-01     -0.27019409E-03     -0.41955505E-02
     194     -0.27727021E-01     -0.27727021E-01     -0.27555496E-03     -0.41955505E-02
     195     -0.27727021E-01     -0.27727021E-01     -0.31349800E-03     -0.41955505E-02
     196     -0.27727021E-01     -0.27727021E-01     -0.33991760E-03     -0.41955505E-02
     197     -0.27727021E-01     -0.27727021E-01     -0.36125516E-03     -0.41955505E-02
     198     -0.27727021E-01     -0.27727021E-01     -0.36630135E-03     -0.41955505E-02
     199     -0.27727021E-01     -0.27727021E-01     -0.39472151E-03     -0.41955505E-02
     200     -0.27727021E-01     -0.27727021E-01     -0.41332367E-03     -0.41955505E-02
     201     -0.27727021E-01     -0.27727021E-01     -0.43132352E-03     -0.41955505E-02
     202     -0.27727021E-01     -0.27727021E-01     -0.45026199E-03     -0.41955505E-02
     203     -0.27727021E-01     -0.27727021E-01     -0.46783271E-03     -0.41955505E-02
     204     -0.27727021E-01     -0.27727021E-01     -0.49645282E-03     -0.41955505E-02
     205     -0.27727021E-01     -0.27727021E-01     -0.51225503E-03     -0.41955505E-02
     206     -0.27727021E-01     -0.27727021E-01     -0.53111017E-03     -0.41955505E-02
     207     -0.27727021E-01     -0.27727021E-01     -0.56218832E-03     -0.41955505E-02
 
