# Generated by LORRAX unknown at 2026-07-18 02:24:25 UTC
  0.000000000  0.000000000  0.000000000      60
       1       1   -5.697462397  -21.324664280
       1       2   -5.697462397  -21.324664280
       1       3    6.280883125   -3.501711957
       1       4    6.280883125   -3.499351081
       1       5    6.280883125   -3.505582788
       1       6    6.280883125   -3.499095369
       1       7    6.280883125   -3.508248699
       1       8    6.280883125   -3.502564028
       1       9    8.821291599    5.466154436
       1      10    8.821291599    5.473181811
       1      11    8.821291599    5.469313058
       1      12    8.821291599    5.474040842
       1      13    8.821291599    5.483526671
       1      14    8.821291599    5.484665621
       1      15    9.629157340    6.772677730
       1      16    9.629157340    6.772677730
       1      17   14.014756611   12.509980913
       1      18   14.014756611   12.509980913
       1      19   14.014756611   12.509980912
       1      20   14.014756611   12.509980913
       1      21   14.243046429   12.962049386
       1      22   14.243046429   12.962049386
       1      23   17.517766098   17.080840111
       1      24   17.517766098   17.081390878
       1      25   17.517766098   17.075824870
       1      26   17.517766098   17.080565932
       1      27   17.517766098   17.080978232
       1      28   17.517766098   17.080243331
       1      29   21.692473012   21.470916165
       1      30   21.692473012   21.470916165
       1      31   29.382010332   31.738108090
       1      32   29.382010332   31.738164217
       1      33   29.382010332   31.738037153
       1      34   29.382010332   31.737605205
       1      35   29.382010332   31.738027640
       1      36   29.382010332   31.737916799
       1      37   30.461605514   33.380895958
       1      38   30.461605514   33.380895958
       1      39   30.461605514   33.380895958
       1      40   30.461605514   33.380895959
       1      41   32.099306338   34.644857602
       1      42   32.099306338   34.643106191
       1      43   32.099306338   34.657217070
       1      44   32.099306338   34.622106737
       1      45   32.099306338   34.654049568
       1      46   32.099306338   34.649497920
       1      47   35.634545964   38.747032240
       1      48   35.634545964   38.747032239
       1      49   35.634545964   38.747032239
       1      50   35.634545964   38.747032238
       1      51   35.634545964   38.747032238
       1      52   35.634545964   38.747032240
       1      53   41.091813588   45.226775359
       1      54   41.091813588   45.226848187
       1      55   41.091813588   45.226727352
       1      56   41.091813588   45.226857398
       1      57   41.091813588   45.226717838
       1      58   41.091813588   45.226769053
       1      59   44.700508482   49.142166473
       1      60   44.700508482   49.142166564
 -0.000000000 -0.000000000  0.250000000      60
       1       1   -4.897274309  -20.179916684
       1       2   -4.897274309  -20.179916684
       1       3    2.340140942   -8.934650968
       1       4    2.340140942   -8.934650968
       1       5    5.514185845   -4.460667946
       1       6    5.514185845   -4.449049584
       1       7    5.514185845   -4.449841214
       1       8    5.514185845   -4.454823192
       1       9    8.294531906    4.915128014
       1      10    8.294531906    4.915128014
       1      11    9.767957310    6.776284276
       1      12    9.767957310    6.782223670
       1      13    9.767957310    6.775574548
       1      14    9.767957310    6.765171081
       1      15   13.191875291   11.305752295
       1      16   13.191875291   11.305752295
       1      17   13.475223444   11.881462668
       1      18   13.475223444   11.881234226
       1      19   13.475223444   11.881810393
       1      20   13.475223444   11.880017455
       1      21   15.270814413   14.278005563
       1      22   15.270814413   14.278005563
       1      23   18.122193529   17.651306959
       1      24   18.122193529   17.651306958
       1      25   20.920201748   21.351922977
       1      26   20.920201748   21.349259706
       1      27   20.920201748   21.348010858
       1      28   20.920201748   21.349780522
       1      29   24.154941781   25.070183917
       1      30   24.154941781   25.073153058
       1      31   24.154941781   25.077454150
       1      32   24.154941781   25.076592883
       1      33   24.284298011   25.322252812
       1      34   24.284298011   25.322252813
       1      35   26.371990708   27.020540705
       1      36   26.371990708   27.020540705
       1      37   30.302072945   33.076947300
       1      38   30.302072945   33.076946668
       1      39   30.302072945   33.076974221
       1      40   30.302072945   33.077062287
       1      41   32.965718642   35.838853921
       1      42   32.965718642   35.851996292
       1      43   32.965718642   35.847257017
       1      44   32.965718642   35.853885040
       1      45   34.149800918   37.448326860
       1      46   34.149800918   37.448326855
       1      47   35.732278283   38.677487058
       1      48   35.732278283   38.677487053
       1      49   36.350074318   39.733030758
       1      50   36.350074318   39.733030759
       1      51   38.142798544   41.560378558
       1      52   38.142798544   41.558633248
       1      53   38.142798544   41.557175736
       1      54   38.142798544   41.558382347
       1      55   39.731844101   43.354541832
       1      56   39.731844101   43.351525446
       1      57   39.731844101   43.350944837
       1      58   39.731844101   43.353608609
       1      59   40.693977462   44.893133030
       1      60   40.693977462   44.889738776
 -0.000000000 -0.000000000  0.500000000      60
       1       1   -3.363330280  -18.039808056
       1       2   -3.363330280  -18.039808056
       1       3   -0.707416567  -13.576645377
       1       4   -0.707416567  -13.576645377
       1       5    5.073249116   -5.217784451
       1       6    5.073249116   -5.208865861
       1       7    5.073249116   -5.210251013
       1       8    5.073249116   -5.199959001
       1       9    7.805267432    4.284703065
       1      10    7.805267432    4.284703064
       1      11    9.601622459    6.760972958
       1      12    9.601622459    6.755644232
       1      13    9.601622459    6.766007283
       1      14    9.601622459    6.758167440
       1      15   14.000393808   12.843684076
       1      16   14.000393808   12.843684076
       1      17   16.847205974   16.315518092
       1      18   16.847205974   16.315619214
       1      19   16.847205974   16.315506057
       1      20   16.847205974   16.315478392
       1      21   17.618514153   17.233538157
       1      22   17.618514153   17.223868970
       1      23   17.618514153   17.226845874
       1      24   17.618514153   17.240860793
       1      25   17.647139162   16.963726323
       1      26   17.647139162   16.963726323
       1      27   19.282067174   19.299141175
       1      28   19.282067174   19.299141175
       1      29   25.679286474   27.128722008
       1      30   25.679286474   27.128722009
       1      31   26.283135031   27.352114541
       1      32   26.283135031   27.352114539
       1      33   27.933782569   29.455326691
       1      34   27.933782569   29.455361690
       1      35   27.933782569   29.455191460
       1      36   27.933782569   29.455556277
       1      37   28.090774565   30.189190943
       1      38   28.090774565   30.193888035
       1      39   28.090774565   30.190729666
       1      40   28.090774565   30.187556029
       1      41   32.007311697   33.892110431
       1      42   32.007311697   33.892110430
       1      43   32.720293158   35.337001104
       1      44   32.720293158   35.337055041
       1      45   32.720293158   35.337222143
       1      46   32.720293158   35.336786961
       1      47   33.770225033   36.918128891
       1      48   33.770225033   36.921296754
       1      49   33.770225033   36.922258961
       1      50   33.770225033   36.911929684
       1      51   34.628733201   36.507527863
       1      52   34.628733201   36.507527861
       1      53   37.451051170   41.355115791
       1      54   37.451051170   41.355115791
       1      55   38.638454586   41.769731497
       1      56   38.638454586   41.770482137
       1      57   38.638454586   41.776515455
       1      58   38.638454586   41.776166630
       1      59   39.185518804   42.876187585
       1      60   39.185518804   42.874991352
  0.000000000  0.250000000  0.250000000      60
       1       1   -4.614919841  -19.765874851
       1       2   -4.614919841  -19.765874851
       1       3    2.755267072   -8.521534535
       1       4    2.755267072   -8.521534536
       1       5    4.377647910   -5.964828919
       1       6    4.377647910   -5.967194732
       1       7    4.377647910   -5.964138536
       1       8    4.377647910   -5.965048770
       1       9    7.392347545    3.799843298
       1      10    7.392347545    3.799843298
       1      11    9.398117932    6.689262433
       1      12    9.398117932    6.689262433
       1      13   12.030143620    9.719660384
       1      14   12.030143620    9.719352458
       1      15   12.030143620    9.720142160
       1      16   12.030143620    9.720015084
       1      17   14.339185874   12.779528526
       1      18   14.339185874   12.779528526
       1      19   15.219776565   14.123855615
       1      20   15.219776565   14.123855615
       1      21   17.717513989   17.098371456
       1      22   17.717513989   17.098371456
       1      23   19.283358391   19.314232471
       1      24   19.283358391   19.314932196
       1      25   19.283358391   19.316388763
       1      26   19.283358391   19.314352737
       1      27   20.016256308   19.915653742
       1      28   20.016256308   19.915653743
       1      29   23.710188369   24.491656892
       1      30   23.710188369   24.494835204
       1      31   23.710188369   24.491784767
       1      32   23.710188369   24.491997606
       1      33   24.638552633   25.976569310
       1      34   24.638552633   25.976569313
       1      35   26.649619085   28.298643099
       1      36   26.649619085   28.298643100
       1      37   27.231245877   28.675766760
       1      38   27.231245877   28.675766760
       1      39   31.194231070   33.372333026
       1      40   31.194231070   33.372333026
       1      41   32.544455696   35.553558548
       1      42   32.544455696   35.553558548
       1      43   33.619190203   36.746549390
       1      44   33.619190203   36.743451736
       1      45   33.619190203   36.750205634
       1      46   33.619190203   36.743090029
       1      47   35.806763488   38.576946059
       1      48   35.806763488   38.577504646
       1      49   35.806763488   38.574369480
       1      50   35.806763488   38.578310855
       1      51   35.948091327   39.132777581
       1      52   35.948091327   39.132777583
       1      53   36.635870220   39.734576364
       1      54   36.635870220   39.734576362
       1      55   40.920512221   45.326668771
       1      56   40.920512221   45.326668774
       1      57   41.472658014   45.581285270
       1      58   41.472658014   45.581285260
       1      59   41.675122145   46.198698199
       1      60   41.675122145   46.199396786
 -0.000000000  0.250000000  0.500000000      60
       1       1   -2.977120165  -17.415453472
       1       2   -2.977120165  -17.415453472
       1       3   -0.116063870  -12.938169854
       1       4   -0.116063870  -12.938169854
       1       5    2.729542308   -8.001129392
       1       6    2.729542308   -8.001129392
       1       7    4.061927494   -6.508768402
       1       8    4.061927494   -6.508768402
       1       9    7.784313287    4.449301006
       1      10    7.784313287    4.449301005
       1      11   10.722912636    8.168411134
       1      12   10.722912636    8.168411134
       1      13   12.017657500    9.806320322
       1      14   12.017657500    9.806320322
       1      15   12.190486786   10.150841482
       1      16   12.190486786   10.150841482
       1      17   16.490591538   15.836347219
       1      18   16.490591538   15.836347219
       1      19   16.831570029   16.263869923
       1      20   16.831570029   16.263869923
       1      21   18.448844612   18.325032138
       1      22   18.448844612   18.325032138
       1      23   18.994732960   18.792795051
       1      24   18.994732960   18.792795051
       1      25   19.316707622   19.142438078
       1      26   19.316707622   19.142438078
       1      27   23.142800344   23.780615396
       1      28   23.142800344   23.780615396
       1      29   24.020006741   25.169061595
       1      30   24.020006741   25.169061595
       1      31   24.916839328   26.293084935
       1      32   24.916839328   26.293084935
       1      33   25.658192512   26.763812503
       1      34   25.658192512   26.763812503
       1      35   25.894744736   27.232686869
       1      36   25.894744736   27.232686869
       1      37   26.228194779   27.494945281
       1      38   26.228194779   27.494945281
       1      39   29.216321922   30.844940764
       1      40   29.216321922   30.844940765
       1      41   30.034563393   32.459681553
       1      42   30.034563393   32.459681553
       1      43   31.480023908   33.721645069
       1      44   31.480023908   33.721645067
       1      45   31.875101764   34.044479420
       1      46   31.875101764   34.044479421
       1      47   34.110057661   36.395273279
       1      48   34.110057661   36.395273278
       1      49   35.433231892   38.528985049
       1      50   35.433231892   38.528985050
       1      51   35.605426956   38.550157238
       1      52   35.605426956   38.550157239
       1      53   35.696387915   38.781903105
       1      54   35.696387915   38.781903102
       1      55   37.475892836   40.798761914
       1      56   37.475892836   40.798761916
       1      57   38.362751193   41.530328945
       1      58   38.362751193   41.530328948
       1      59   40.573411700   44.368816930
       1      60   40.573411700   44.368816928
 -0.000000000  0.250000000  0.750000000      60
       1       1   -3.652137676  -18.390489135
       1       2   -3.652137676  -18.390489135
       1       3    0.787787226  -11.576968299
       1       4    0.787787226  -11.576968298
       1       5    2.509629314   -8.264289756
       1       6    2.509629314   -8.264289756
       1       7    4.943049473   -5.249881712
       1       8    4.943049473   -5.249881711
       1       9    8.712779008    5.633455761
       1      10    8.712779008    5.633455761
       1      11   11.050313963    8.712841684
       1      12   11.050313963    8.712841684
       1      13   11.420233642    8.741175370
       1      14   11.420233642    8.741175370
       1      15   12.411640963   10.544918674
       1      16   12.411640963   10.544918674
       1      17   12.729572133   10.822513370
       1      18   12.729572133   10.822513369
       1      19   15.909991495   15.146866285
       1      20   15.909991495   15.146866286
       1      21   18.904564810   18.648846389
       1      22   18.904564810   18.648846389
       1      23   19.486036865   19.586975563
       1      24   19.486036865   19.586975565
       1      25   19.746867522   19.519642309
       1      26   19.746867522   19.519642310
       1      27   22.954319111   23.494051504
       1      28   22.954319111   23.494051505
       1      29   23.348115675   24.634984487
       1      30   23.348115675   24.634984488
       1      31   23.741141951   24.795996708
       1      32   23.741141951   24.795996708
       1      33   24.988700211   26.415248881
       1      34   24.988700211   26.415248881
       1      35   27.533687726   29.616631570
       1      36   27.533687726   29.616631571
       1      37   27.993170404   29.297166158
       1      38   27.993170404   29.297166159
       1      39   30.240876322   32.296341679
       1      40   30.240876322   32.296341679
       1      41   31.097892325   32.460169376
       1      42   31.097892325   32.460169375
       1      43   31.576723580   34.142210703
       1      44   31.576723580   34.142210704
       1      45   33.085237051   35.691122404
       1      46   33.085237051   35.691122407
       1      47   33.392449727   35.733517978
       1      48   33.392449727   35.733517979
       1      49   34.058354935   37.013333116
       1      50   34.058354935   37.013333117
       1      51   35.682969266   38.819862244
       1      52   35.682969266   38.819862243
       1      53   36.600150618   39.793585854
       1      54   36.600150618   39.793585856
       1      55   37.490903134   40.649330428
       1      56   37.490903134   40.649330434
       1      57   40.327729858   44.649938369
       1      58   40.327729858   44.649938372
       1      59   40.481375264   44.079765390
       1      60   40.481375264   44.079765377
  0.000000000  0.500000000  0.500000000      60
       1       1   -1.550062195  -15.245216542
       1       2   -1.550062195  -15.245216542
       1       3   -1.550062195  -15.245216542
       1       4   -1.550062195  -15.245216542
       1       5    3.412314267   -7.485076619
       1       6    3.412314267   -7.485076619
       1       7    3.412314267   -7.485076619
       1       8    3.412314267   -7.485076619
       1       9    6.973625660    3.461337602
       1      10    6.973625660    3.461337601
       1      11    6.973625660    3.461337602
       1      12    6.973625660    3.461337602
       1      13   16.370523945   15.856905126
       1      14   16.370523945   15.856905126
       1      15   16.370523945   15.856905127
       1      16   16.370523945   15.856905126
       1      17   17.284766579   16.726093049
       1      18   17.284766579   16.726093049
       1      19   17.284766579   16.726093049
       1      20   17.284766579   16.726093050
       1      21   18.816611937   18.754563874
       1      22   18.816611937   18.754563872
       1      23   18.816611937   18.754563872
       1      24   18.816611937   18.754563874
       1      25   19.331920722   19.191370423
       1      26   19.331920722   19.191370424
       1      27   19.331920722   19.191370423
       1      28   19.331920722   19.191370423
       1      29   25.151128572   26.191453075
       1      30   25.151128572   26.191453075
       1      31   25.151128572   26.191453076
       1      32   25.151128572   26.191453075
       1      33   26.013434001   26.911791485
       1      34   26.013434001   26.911791486
       1      35   26.013434001   26.911791487
       1      36   26.013434001   26.911791485
       1      37   26.507063125   27.713396095
       1      38   26.507063125   27.713396096
       1      39   26.507063125   27.713396094
       1      40   26.507063125   27.713396096
       1      41   27.810003977   29.015360962
       1      42   27.810003977   29.015360958
       1      43   27.810003977   29.015360960
       1      44   27.810003977   29.015360966
       1      45   31.745141132   34.854705761
       1      46   31.745141132   34.854705760
       1      47   31.745141132   34.854705759
       1      48   31.745141132   34.854705760
       1      49   35.790995326   39.283040606
       1      50   35.790995326   39.283040601
       1      51   35.790995326   39.283040604
       1      52   35.790995326   39.283040610
       1      53   40.523326332   44.381002184
       1      54   40.523326332   44.381002184
       1      55   40.523326332   44.381002177
       1      56   40.523326332   44.381002179
       1      57   40.557327202   43.946976681
       1      58   40.557327202   43.946976674
       1      59   40.557327202   43.946976670
       1      60   40.557327202   43.946976630
  0.250000000  0.500000000  0.750000000      60
       1       1   -1.385165831  -15.056022491
       1       2   -1.385165831  -15.057962658
       1       3   -1.385165831  -15.058624772
       1       4   -1.385165831  -15.057803576
       1       5    2.408828444   -8.396726487
       1       6    2.408828444   -8.394810483
       1       7    2.408828444   -8.393463219
       1       8    2.408828444   -8.390655435
       1       9   10.549267660    7.803093304
       1      10   10.549267660    7.803092847
       1      11   10.549267660    7.803097283
       1      12   10.549267660    7.803094356
       1      13   11.266110065    9.054393253
       1      14   11.266110065    9.058226100
       1      15   11.266110065    9.054108925
       1      16   11.266110065    9.057337516
       1      17   16.867712774   16.325324038
       1      18   16.867712774   16.325974237
       1      19   16.867712774   16.334180194
       1      20   16.867712774   16.332308751
       1      21   19.324969878   19.320548250
       1      22   19.324969878   19.316701251
       1      23   19.324969878   19.311942139
       1      24   19.324969878   19.321681068
       1      25   22.741992057   23.191440340
       1      26   22.741992057   23.191189121
       1      27   22.741992057   23.192686176
       1      28   22.741992057   23.189560415
       1      29   24.870956060   25.513817331
       1      30   24.870956060   25.514584641
       1      31   24.870956060   25.515195042
       1      32   24.870956060   25.516316497
       1      33   25.207143116   26.793726366
       1      34   25.207143116   26.800098001
       1      35   25.207143116   26.802794587
       1      36   25.207143116   26.791948757
       1      37   26.133277360   27.916211493
       1      38   26.133277360   27.915464270
       1      39   26.133277360   27.916106690
       1      40   26.133277360   27.916403204
       1      41   29.980363929   31.902217795
       1      42   29.980363929   31.902086787
       1      43   29.980363929   31.902552601
       1      44   29.980363929   31.902434729
       1      45   33.774430120   36.039924457
       1      46   33.774430120   36.039925004
       1      47   33.774430120   36.039928901
       1      48   33.774430120   36.039931240
       1      49   33.954703521   36.304906395
       1      50   33.954703521   36.305642158
       1      51   33.954703521   36.304031436
       1      52   33.954703521   36.305835271
       1      53   35.767017646   38.709275619
       1      54   35.767017646   38.707226174
       1      55   35.767017646   38.707516272
       1      56   35.767017646   38.708392224
       1      57   38.929934849   42.817193198
       1      58   38.929934849   42.816818237
       1      59   38.929934849   42.817287569
       1      60   38.929934849   42.816111880
