# k =   0.000000   0.000000   0.000000 spin = 1
# <ib|Sigma_CH[1..Nb]|ib> (eV), partial and symmetrized sum with up to Nb "inner" bands
# Reporting only VBM and CBM, use 'full_ch_conv_log 1' keyword for full report.
# 1/N extrap for CH(vbm) CH(cbm) diff =  -1.10396146E+01  -1.00211317E+01   1.01848291E+00
# Error est. for CH(vbm) CH(cbm) diff =   3.95997336E-01   3.04100572E-01  -9.18967638E-02
#    Nb          CH(vbm)          CH(cbm)             diff
      1  -2.46138477E-01  -2.06515796E-01   3.96226805E-02
      2  -4.92379773E-01  -4.12993359E-01   7.93864136E-02
      3  -7.70003293E-01  -5.91616887E-01   1.78386406E-01
      4  -1.04750068E+00  -7.70302491E-01   2.77198193E-01
      5  -1.95544372E+00  -1.00767241E+00   9.47771305E-01
      6  -2.86348101E+00  -1.24519107E+00   1.61828995E+00
      7  -3.91082191E+00  -1.39018232E+00   2.52063959E+00
      8  -4.95806772E+00  -1.53499157E+00   3.42307615E+00
      9  -5.07960787E+00  -2.96097199E+00   2.11863588E+00
     10  -5.20109151E+00  -4.38708476E+00   8.14006743E-01
     11  -5.28909794E+00  -4.66241369E+00   6.26684245E-01
     12  -5.37715963E+00  -4.93760981E+00   4.39549816E-01
     13  -5.47343961E+00  -5.06339109E+00   4.10048523E-01
     14  -5.56987089E+00  -5.18921034E+00   3.80660545E-01
     15  -5.64258443E+00  -5.30688342E+00   3.35701009E-01
     16  -5.71544995E+00  -5.42460223E+00   2.90847722E-01
     17  -5.86890272E+00  -5.66932224E+00   1.99580477E-01
     18  -6.02232735E+00  -5.91403699E+00   1.08290365E-01
     19  -6.19689432E+00  -5.97944138E+00   2.17452943E-01
     20  -6.37144628E+00  -6.04484221E+00   3.26604063E-01
     21  -6.44740351E+00  -6.19364068E+00   2.53762833E-01
     22  -6.52336761E+00  -6.34242031E+00   1.80947299E-01
     23  -6.68725879E+00  -6.42082410E+00   2.66434686E-01
     24  -6.85114701E+00  -6.49922767E+00   3.51919343E-01
     25  -7.00766068E+00  -6.54632563E+00   4.61335054E-01
     26  -7.16423418E+00  -6.59339007E+00   5.70844108E-01
     27  -7.28741550E+00  -6.66728566E+00   6.20129845E-01
     28  -7.41064322E+00  -6.74122456E+00   6.69418659E-01
     29  -7.49267704E+00  -6.80698521E+00   6.85691837E-01
     30  -7.57481348E+00  -6.87273370E+00   7.02079778E-01
     31  -7.65571051E+00  -6.95195854E+00   7.03751976E-01
     32  -7.73650467E+00  -7.03119566E+00   7.05309010E-01
     33  -7.77159130E+00  -7.07652437E+00   6.95066935E-01
     34  -7.80667684E+00  -7.12183462E+00   6.84842221E-01
     35  -7.84521895E+00  -7.16806676E+00   6.77152190E-01
     36  -7.88375943E+00  -7.21437978E+00   6.69379656E-01
     37  -7.93490168E+00  -7.28567512E+00   6.49226558E-01
     38  -7.98605309E+00  -7.35700943E+00   6.29043654E-01
     39  -8.02999353E+00  -7.44606294E+00   5.83930596E-01
     40  -8.07392471E+00  -7.53507852E+00   5.38846184E-01
     41  -8.09556526E+00  -7.58599627E+00   5.09568990E-01
     42  -8.11720764E+00  -7.63687542E+00   4.80332218E-01
     43  -8.15776847E+00  -7.68390960E+00   4.73858865E-01
     44  -8.19833125E+00  -7.73090530E+00   4.67425950E-01
     45  -8.26821440E+00  -7.77460443E+00   4.93609967E-01
     46  -8.33808782E+00  -7.81829219E+00   5.19795635E-01
     47  -8.40602833E+00  -7.85482382E+00   5.51204507E-01
     48  -8.47325244E+00  -7.89296007E+00   5.80292373E-01
     49  -8.56843554E+00  -7.92577349E+00   6.42662045E-01
     50  -8.66476797E+00  -7.95595084E+00   7.08817133E-01
     51  -8.71360224E+00  -7.98402188E+00   7.29580359E-01
     52  -8.76260845E+00  -8.01155317E+00   7.51055284E-01
     53  -8.81245181E+00  -8.04236672E+00   7.70085092E-01
     54  -8.86229346E+00  -8.07317402E+00   7.89119444E-01
     55  -8.87909776E+00  -8.10450079E+00   7.74596969E-01
     56  -8.89591005E+00  -8.13582849E+00   7.60081567E-01
     57  -8.91921007E+00  -8.15601138E+00   7.63198692E-01
     58  -8.94251217E+00  -8.17620535E+00   7.66306826E-01
     59  -8.96238018E+00  -8.19932712E+00   7.63053062E-01
     60  -8.98225586E+00  -8.22244339E+00   7.59812475E-01
     61  -8.99778138E+00  -8.25952322E+00   7.38258154E-01
     62  -9.01331525E+00  -8.29660223E+00   7.16713027E-01
     63  -9.03313702E+00  -8.31690255E+00   7.16234472E-01
     64  -9.05296152E+00  -8.33720269E+00   7.15758837E-01
     65  -9.06955997E+00  -8.36542661E+00   7.04133362E-01
     66  -9.08617787E+00  -8.39363478E+00   6.92543096E-01
     67  -9.10843107E+00  -8.41483759E+00   6.93593475E-01
     68  -9.13068703E+00  -8.43606534E+00   6.94621698E-01
     69  -9.14896979E+00  -8.45343717E+00   6.95532616E-01
     70  -9.16725300E+00  -8.47080853E+00   6.96444465E-01
     71  -9.18966089E+00  -8.49045413E+00   6.99206753E-01
     72  -9.21206814E+00  -8.51014014E+00   7.01927992E-01
     73  -9.22899754E+00  -8.53205838E+00   6.96939167E-01
     74  -9.24592687E+00  -8.55394575E+00   6.91981117E-01
     75  -9.26978283E+00  -8.57661560E+00   6.93167227E-01
     76  -9.29363870E+00  -8.59928482E+00   6.94353881E-01
     77  -9.31238224E+00  -8.62098455E+00   6.91397686E-01
     78  -9.33112323E+00  -8.64268610E+00   6.88437128E-01
     79  -9.34765032E+00  -8.65920931E+00   6.88441010E-01
     80  -9.36418017E+00  -8.67573043E+00   6.88449740E-01
     81  -9.38859241E+00  -8.69294920E+00   6.95643211E-01
     82  -9.41300346E+00  -8.71016800E+00   7.02835468E-01
     83  -9.43517257E+00  -8.72244909E+00   7.12723485E-01
     84  -9.45726950E+00  -8.73452502E+00   7.22744474E-01
     85  -9.47412661E+00  -8.75006805E+00   7.24058554E-01
     86  -9.49124841E+00  -8.76643052E+00   7.24817889E-01
     87  -9.50983868E+00  -8.77921000E+00   7.30628687E-01
     88  -9.52879709E+00  -8.79305267E+00   7.35744417E-01
     89  -9.54909551E+00  -8.80433875E+00   7.44756757E-01
     90  -9.56939345E+00  -8.81562447E+00   7.53768984E-01
     91  -9.58785327E+00  -8.83027969E+00   7.57573576E-01
     92  -9.60631261E+00  -8.84493479E+00   7.61377819E-01
     93  -9.61643940E+00  -8.85782659E+00   7.58612817E-01
     94  -9.62656554E+00  -8.87072478E+00   7.55840760E-01
     95  -9.63890773E+00  -8.88113507E+00   7.57772658E-01
     96  -9.65141967E+00  -8.89195892E+00   7.59460746E-01
     97  -9.66786837E+00  -8.90158962E+00   7.66278749E-01
     98  -9.68414452E+00  -8.91078241E+00   7.73362111E-01
     99  -9.70102857E+00  -8.92120254E+00   7.79826028E-01
    100  -9.71792210E+00  -8.93165517E+00   7.86266928E-01
    101  -9.72618750E+00  -8.94258145E+00   7.83606050E-01
    102  -9.73445325E+00  -8.95350827E+00   7.80944978E-01
    103  -9.74388039E+00  -8.96585919E+00   7.78021203E-01
    104  -9.75330967E+00  -8.97821385E+00   7.75095812E-01
    105  -9.76463374E+00  -8.98955038E+00   7.75083361E-01
    106  -9.77596035E+00  -9.00088945E+00   7.75070903E-01
    107  -9.79160261E+00  -9.01402728E+00   7.77575329E-01
    108  -9.80724324E+00  -9.02715611E+00   7.80087131E-01
    109  -9.81871937E+00  -9.04102860E+00   7.77690779E-01
    110  -9.83019607E+00  -9.05490113E+00   7.75294940E-01
    111  -9.84050813E+00  -9.06379766E+00   7.76710471E-01
    112  -9.85082074E+00  -9.07269419E+00   7.78126554E-01
    113  -9.85924901E+00  -9.08221438E+00   7.77034624E-01
    114  -9.86767740E+00  -9.09173566E+00   7.75941740E-01
    115  -9.88036504E+00  -9.09989995E+00   7.80465093E-01
    116  -9.89305255E+00  -9.10806318E+00   7.84989364E-01
    117  -9.90111807E+00  -9.11686912E+00   7.84248954E-01
    118  -9.90918420E+00  -9.12567661E+00   7.83507588E-01
    119  -9.91852325E+00  -9.13360450E+00   7.84918752E-01
    120  -9.92786304E+00  -9.14153395E+00   7.86329095E-01
    121  -9.93738848E+00  -9.14896582E+00   7.88422665E-01
    122  -9.94691394E+00  -9.15639706E+00   7.90516884E-01
    123  -9.95753330E+00  -9.16432506E+00   7.93208244E-01
    124  -9.96815263E+00  -9.17225332E+00   7.95899317E-01
    125  -9.97598759E+00  -9.18047165E+00   7.95515942E-01
    126  -9.98382256E+00  -9.18868999E+00   7.95132563E-01
    127  -9.99300600E+00  -9.19572040E+00   7.97285608E-01
    128  -1.00021895E+01  -9.20275080E+00   7.99438666E-01
    129  -1.00075595E+01  -9.20780262E+00   7.99756863E-01
    130  -1.00129186E+01  -9.21285117E+00   8.00067468E-01
    131  -1.00179356E+01  -9.21765031E+00   8.00285244E-01
    132  -1.00229545E+01  -9.22244623E+00   8.00508283E-01
    133  -1.00294995E+01  -9.22883068E+00   8.00668805E-01
    134  -1.00360437E+01  -9.23521481E+00   8.00828883E-01
    135  -1.00469127E+01  -9.24181453E+00   8.05098124E-01
    136  -1.00577809E+01  -9.24841152E+00   8.09369345E-01
    137  -1.00639386E+01  -9.25331464E+00   8.10623927E-01
    138  -1.00700954E+01  -9.25825548E+00   8.11839905E-01
    139  -1.00764490E+01  -9.26379971E+00   8.12649293E-01
    140  -1.00828032E+01  -9.26934542E+00   8.13457811E-01
    141  -1.00912179E+01  -9.27378421E+00   8.17433684E-01
    142  -1.00996325E+01  -9.27822302E+00   8.21409464E-01
    143  -1.01039270E+01  -9.28226170E+00   8.21665262E-01
    144  -1.01082215E+01  -9.28630035E+00   8.21921142E-01
    145  -1.01152200E+01  -9.29307823E+00   8.22141759E-01
    146  -1.01222187E+01  -9.29985462E+00   8.22364042E-01
    147  -1.01293717E+01  -9.30731504E+00   8.22056618E-01
    148  -1.01364848E+01  -9.31504430E+00   8.21440511E-01
    149  -1.01441158E+01  -9.32085039E+00   8.23265404E-01
    150  -1.01516913E+01  -9.32704219E+00   8.24649063E-01
    151  -1.01600016E+01  -9.33212843E+00   8.27873200E-01
    152  -1.01682974E+01  -9.33732835E+00   8.30969025E-01
    153  -1.01777655E+01  -9.34284922E+00   8.34916323E-01
    154  -1.01872340E+01  -9.34837289E+00   8.38861146E-01
    155  -1.01964015E+01  -9.35530333E+00   8.41098168E-01
    156  -1.02055693E+01  -9.36223759E+00   8.43331691E-01
    157  -1.02138199E+01  -9.36676181E+00   8.47058129E-01
    158  -1.02221023E+01  -9.37123317E+00   8.50869110E-01
    159  -1.02302440E+01  -9.37654066E+00   8.53703334E-01
    160  -1.02383815E+01  -9.38185988E+00   8.56521606E-01
    161  -1.02456569E+01  -9.38963808E+00   8.56018832E-01
    162  -1.02529555E+01  -9.39737370E+00   8.55581798E-01
    163  -1.02566553E+01  -9.40218966E+00   8.54465652E-01
    164  -1.02603554E+01  -9.40700631E+00   8.53349118E-01
    165  -1.02671241E+01  -9.41322251E+00   8.53901588E-01
    166  -1.02738929E+01  -9.41943502E+00   8.54457876E-01
    167  -1.02807044E+01  -9.42266469E+00   8.58039715E-01
    168  -1.02875159E+01  -9.42589787E+00   8.61618013E-01
    169  -1.02915724E+01  -9.43004799E+00   8.61524371E-01
    170  -1.02956289E+01  -9.43419815E+00   8.61430762E-01
    171  -1.02994739E+01  -9.43828921E+00   8.61184679E-01
    172  -1.03033188E+01  -9.44238023E+00   8.60938538E-01
    173  -1.03083879E+01  -9.44564101E+00   8.62746842E-01
    174  -1.03134569E+01  -9.44890175E+00   8.64555156E-01
    175  -1.03174722E+01  -9.45242052E+00   8.65051720E-01
    176  -1.03214834E+01  -9.45593921E+00   8.65544204E-01
    177  -1.03255348E+01  -9.45909184E+00   8.66442911E-01
    178  -1.03295830E+01  -9.46224380E+00   8.67339165E-01
    179  -1.03336800E+01  -9.46627552E+00   8.67404528E-01
    180  -1.03377769E+01  -9.47030653E+00   8.67470355E-01
    181  -1.03406940E+01  -9.47347968E+00   8.67214330E-01
    182  -1.03436112E+01  -9.47665261E+00   8.66958557E-01
    183  -1.03465696E+01  -9.47973265E+00   8.66836969E-01
    184  -1.03495281E+01  -9.48281309E+00   8.66714979E-01
    185  -1.03530522E+01  -9.48607778E+00   8.66974448E-01
    186  -1.03565774E+01  -9.48934346E+00   8.67233967E-01
    187  -1.03608024E+01  -9.49241301E+00   8.68389345E-01
    188  -1.03650412E+01  -9.49551433E+00   8.69526866E-01
    189  -1.03682510E+01  -9.49808763E+00   8.70163369E-01
    190  -1.03714540E+01  -9.50064512E+00   8.70808928E-01
    191  -1.03751245E+01  -9.50360163E+00   8.71522887E-01
    192  -1.03788013E+01  -9.50657270E+00   8.72228605E-01
    193  -1.03819401E+01  -9.50939139E+00   8.72548691E-01
    194  -1.03851160E+01  -9.51205510E+00   8.73060891E-01
    195  -1.03882156E+01  -9.51505840E+00   8.73157219E-01
    196  -1.03913195E+01  -9.51804239E+00   8.73277070E-01
    197  -1.03964287E+01  -9.52158903E+00   8.74839682E-01
    198  -1.04015503E+01  -9.52508481E+00   8.76465469E-01
    199  -1.04054098E+01  -9.52757506E+00   8.77834722E-01
    200  -1.04092690E+01  -9.53006535E+00   8.79203695E-01
    201  -1.04124200E+01  -9.53383138E+00   8.78588629E-01
    202  -1.04155710E+01  -9.53759748E+00   8.77973471E-01
    203  -1.04182978E+01  -9.54089892E+00   8.77398917E-01
    204  -1.04210247E+01  -9.54420039E+00   8.76824355E-01
    205  -1.04247258E+01  -9.54748314E+00   8.77242712E-01
    206  -1.04284271E+01  -9.55076581E+00   8.77661292E-01
    207  -1.04322502E+01  -9.55373126E+00   8.78518936E-01
    208  -1.04360731E+01  -9.55669675E+00   8.79376382E-01
    209  -1.04395467E+01  -9.55911359E+00   8.80433146E-01
    210  -1.04430207E+01  -9.56153073E+00   8.81489920E-01
    211  -1.04459818E+01  -9.56394024E+00   8.82041608E-01
    212  -1.04489427E+01  -9.56634968E+00   8.82593054E-01
    213  -1.04523954E+01  -9.56867985E+00   8.83715499E-01
    214  -1.04558479E+01  -9.57101001E+00   8.84837931E-01
    215  -1.04588806E+01  -9.57304154E+00   8.85839018E-01
    216  -1.04619132E+01  -9.57507308E+00   8.86840104E-01
    217  -1.04641069E+01  -9.57682054E+00   8.87286333E-01
    218  -1.04662993E+01  -9.57857079E+00   8.87728484E-01
    219  -1.04695898E+01  -9.58037610E+00   8.89213720E-01
    220  -1.04728788E+01  -9.58218548E+00   8.90693331E-01
    221  -1.04747864E+01  -9.58382470E+00   8.90961705E-01
    222  -1.04766927E+01  -9.58546634E+00   8.91226312E-01
    223  -1.04785217E+01  -9.58731810E+00   8.91203566E-01
    224  -1.04803505E+01  -9.58916961E+00   8.91180881E-01
    225  -1.04830287E+01  -9.59105427E+00   8.91974408E-01
    226  -1.04857070E+01  -9.59293928E+00   8.92767754E-01
    227  -1.04878747E+01  -9.59486154E+00   8.93013154E-01
    228  -1.04900425E+01  -9.59678113E+00   8.93261414E-01
    229  -1.04917384E+01  -9.59895009E+00   8.92788356E-01
    230  -1.04934339E+01  -9.60112379E+00   8.92310090E-01
    231  -1.04956081E+01  -9.60313910E+00   8.92469023E-01
    232  -1.04977821E+01  -9.60515451E+00   8.92627591E-01
    233  -1.05007136E+01  -9.60781613E+00   8.92897424E-01
    234  -1.05036449E+01  -9.61047755E+00   8.93167352E-01
    235  -1.05073252E+01  -9.61283567E+00   8.94489485E-01
    236  -1.05110053E+01  -9.61519356E+00   8.95811727E-01
    237  -1.05134648E+01  -9.61740185E+00   8.96063002E-01
    238  -1.05159244E+01  -9.61961027E+00   8.96314123E-01
    239  -1.05178884E+01  -9.62127862E+00   8.96609786E-01
    240  -1.05198524E+01  -9.62294676E+00   8.96905684E-01
    241  -1.05228171E+01  -9.62520034E+00   8.97616732E-01
    242  -1.05257808E+01  -9.62745324E+00   8.98327543E-01
    243  -1.05279424E+01  -9.62927945E+00   8.98662960E-01
    244  -1.05300983E+01  -9.63109784E+00   8.99000463E-01
    245  -1.05318427E+01  -9.63247182E+00   8.99370863E-01
    246  -1.05335889E+01  -9.63384928E+00   8.99739665E-01
    247  -1.05358614E+01  -9.63523544E+00   9.00626006E-01
    248  -1.05381306E+01  -9.63661728E+00   9.01513308E-01
    249  -1.05408637E+01  -9.63866664E+00   9.02197095E-01
    250  -1.05436006E+01  -9.64072911E+00   9.02871492E-01
    251  -1.05463013E+01  -9.64307040E+00   9.03230950E-01
    252  -1.05490031E+01  -9.64541542E+00   9.03587669E-01
    253  -1.05520984E+01  -9.64694242E+00   9.05156013E-01
    254  -1.05551899E+01  -9.64845588E+00   9.06734057E-01
    255  -1.05582979E+01  -9.65006550E+00   9.08232353E-01
    256  -1.05614059E+01  -9.65167496E+00   9.09730909E-01
    257  -1.05636353E+01  -9.65307218E+00   9.10563110E-01
    258  -1.05658648E+01  -9.65446965E+00   9.11395169E-01
    259  -1.05680759E+01  -9.65615854E+00   9.11917365E-01
    260  -1.05702869E+01  -9.65784730E+00   9.12439598E-01
    261  -1.05722757E+01  -9.65947826E+00   9.12797425E-01
    262  -1.05742650E+01  -9.66110934E+00   9.13155702E-01
    263  -1.05768384E+01  -9.66299499E+00   9.13843431E-01
    264  -1.05794113E+01  -9.66488078E+00   9.14530479E-01
    265  -1.05816638E+01  -9.66608921E+00   9.15574606E-01
    266  -1.05839162E+01  -9.66729754E+00   9.16618697E-01
    267  -1.05855528E+01  -9.66873362E+00   9.16819141E-01
    268  -1.05871893E+01  -9.67016972E+00   9.17019608E-01
    269  -1.05888032E+01  -9.67175160E+00   9.17051618E-01
    270  -1.05904175E+01  -9.67333405E+00   9.17083483E-01
    271  -1.05918888E+01  -9.67491349E+00   9.16975283E-01
    272  -1.05933604E+01  -9.67649349E+00   9.16866937E-01
    273  -1.05948201E+01  -9.67796937E+00   9.16850716E-01
    274  -1.05962794E+01  -9.67944521E+00   9.16834229E-01
    275  -1.05976024E+01  -9.68068700E+00   9.16915421E-01
    276  -1.05989248E+01  -9.68192875E+00   9.16996086E-01
    277  -1.05999043E+01  -9.68307164E+00   9.16832661E-01
    278  -1.06008838E+01  -9.68421455E+00   9.16669225E-01
    279  -1.06022507E+01  -9.68578241E+00   9.16468303E-01
    280  -1.06036177E+01  -9.68735026E+00   9.16267390E-01
    281  -1.06051977E+01  -9.68854038E+00   9.16657292E-01
    282  -1.06067777E+01  -9.68973048E+00   9.17047248E-01
    283  -1.06088305E+01  -9.69081100E+00   9.18019475E-01
    284  -1.06108832E+01  -9.69189153E+00   9.18991642E-01
    285  -1.06123818E+01  -9.69292273E+00   9.19459057E-01
    286  -1.06138804E+01  -9.69395391E+00   9.19926462E-01
    287  -1.06151692E+01  -9.69514815E+00   9.20021051E-01
    288  -1.06164580E+01  -9.69634236E+00   9.20115623E-01
    289  -1.06183058E+01  -9.69727684E+00   9.21028954E-01
    290  -1.06201536E+01  -9.69821131E+00   9.21942292E-01
    291  -1.06217169E+01  -9.69939498E+00   9.22321900E-01
    292  -1.06232802E+01  -9.70057843E+00   9.22701727E-01
    293  -1.06242153E+01  -9.70155865E+00   9.22656631E-01
    294  -1.06251502E+01  -9.70253986E+00   9.22610295E-01
    295  -1.06264516E+01  -9.70357091E+00   9.22880708E-01
    296  -1.06277528E+01  -9.70460176E+00   9.23151072E-01
    297  -1.06289893E+01  -9.70564449E+00   9.23344791E-01
    298  -1.06302257E+01  -9.70668725E+00   9.23538462E-01
    299  -1.06314583E+01  -9.70775107E+00   9.23707206E-01
    300  -1.06326908E+01  -9.70881482E+00   9.23876007E-01
    301  -1.06341475E+01  -9.70978697E+00   9.24360528E-01
    302  -1.06356042E+01  -9.71075913E+00   9.24845050E-01
    303  -1.06372247E+01  -9.71186428E+00   9.25360446E-01
    304  -1.06388453E+01  -9.71296942E+00   9.25875861E-01
    305  -1.06400610E+01  -9.71410367E+00   9.25957298E-01
    306  -1.06412766E+01  -9.71523829E+00   9.26038285E-01
    307  -1.06424469E+01  -9.71613496E+00   9.26311932E-01
    308  -1.06436173E+01  -9.71703116E+00   9.26586142E-01
# k =  -0.000000  -0.000000   0.500000 spin = 1
# <ib|Sigma_CH[1..Nb]|ib> (eV), partial and symmetrized sum with up to Nb "inner" bands
# Reporting only VBM and CBM, use 'full_ch_conv_log 1' keyword for full report.
# 1/N extrap for CH(vbm) CH(cbm) diff =  -1.08141056E+01  -1.01139134E+01   7.00192168E-01
# Error est. for CH(vbm) CH(cbm) diff =   3.45725363E-01   3.19380236E-01  -2.63451269E-02
#    Nb          CH(vbm)          CH(cbm)             diff
      1  -3.01654760E-01  -2.57588329E-01   4.40664310E-02
      2  -6.09026261E-01  -5.07294665E-01   1.01731595E-01
      3  -8.87491698E-01  -7.55518106E-01   1.31973591E-01
      4  -1.15836692E+00  -1.01421181E+00   1.44155115E-01
      5  -1.53062732E+00  -1.11411772E+00   4.16509601E-01
      6  -1.89838397E+00  -1.22130146E+00   6.77082510E-01
      7  -3.40541203E+00  -1.37848450E+00   2.02692753E+00
      8  -4.95484607E+00  -1.52059795E+00   3.43424811E+00
      9  -5.06124081E+00  -2.99661574E+00   2.06462507E+00
     10  -5.17627855E+00  -4.40789776E+00   7.68380782E-01
     11  -5.33312610E+00  -4.53640610E+00   7.96719992E-01
     12  -5.47868909E+00  -4.73208282E+00   7.46606270E-01
     13  -5.62151890E+00  -4.93050837E+00   6.91010524E-01
     14  -5.77785426E+00  -5.06598409E+00   7.11870169E-01
     15  -5.85481236E+00  -5.32010158E+00   5.34710782E-01
     16  -5.94458337E+00  -5.51293261E+00   4.31650764E-01
     17  -6.12187883E+00  -5.61897478E+00   5.02904050E-01
     18  -6.27876663E+00  -5.71661645E+00   5.62150175E-01
     19  -6.44775189E+00  -5.79109780E+00   6.56654084E-01
     20  -6.63396922E+00  -5.85721332E+00   7.76755896E-01
     21  -6.73248258E+00  -5.97062532E+00   7.61857267E-01
     22  -6.80761534E+00  -6.07246700E+00   7.35148342E-01
     23  -6.93322452E+00  -6.15741461E+00   7.75809908E-01
     24  -7.06079831E+00  -6.24333941E+00   8.17458905E-01
     25  -7.19385073E+00  -6.40509042E+00   7.88760311E-01
     26  -7.32880357E+00  -6.56906969E+00   7.59733878E-01
     27  -7.43591576E+00  -6.78616919E+00   6.49746570E-01
     28  -7.53880310E+00  -6.98086982E+00   5.57933278E-01
     29  -7.59771770E+00  -7.04791402E+00   5.49803682E-01
     30  -7.65707396E+00  -7.11370987E+00   5.43364093E-01
     31  -7.72075953E+00  -7.16351185E+00   5.57247675E-01
     32  -7.78400299E+00  -7.21456298E+00   5.69440010E-01
     33  -7.82464726E+00  -7.25923284E+00   5.65414411E-01
     34  -7.86576893E+00  -7.30560735E+00   5.60161579E-01
     35  -7.90719747E+00  -7.35126196E+00   5.55935506E-01
     36  -7.94851495E+00  -7.39510807E+00   5.53406875E-01
     37  -8.01113680E+00  -7.45009306E+00   5.61043749E-01
     38  -8.06625302E+00  -7.51135684E+00   5.54896186E-01
     39  -8.11234478E+00  -7.57341115E+00   5.38933638E-01
     40  -8.16586103E+00  -7.62925613E+00   5.36604900E-01
     41  -8.19335246E+00  -7.68351664E+00   5.09835823E-01
     42  -8.21432374E+00  -7.72928165E+00   4.85042090E-01
     43  -8.26172148E+00  -7.78406070E+00   4.77660784E-01
     44  -8.30280103E+00  -7.83032799E+00   4.72473037E-01
     45  -8.36583297E+00  -7.87953532E+00   4.86297647E-01
     46  -8.42326550E+00  -7.92107088E+00   5.02194621E-01
     47  -8.47774239E+00  -7.96223735E+00   5.15505045E-01
     48  -8.53739705E+00  -8.01979588E+00   5.17601167E-01
     49  -8.59666196E+00  -8.06020670E+00   5.36455257E-01
     50  -8.67065618E+00  -8.10555833E+00   5.65097854E-01
     51  -8.72044220E+00  -8.13582190E+00   5.84620299E-01
     52  -8.75306890E+00  -8.16384999E+00   5.89218911E-01
     53  -8.79472152E+00  -8.19372438E+00   6.00997137E-01
     54  -8.83586527E+00  -8.22308959E+00   6.12775681E-01
     55  -8.85155529E+00  -8.24567159E+00   6.05883704E-01
     56  -8.86780004E+00  -8.26945717E+00   5.98342866E-01
     57  -8.88940404E+00  -8.29412888E+00   5.95275163E-01
     58  -8.91361202E+00  -8.31874251E+00   5.94869510E-01
     59  -8.93625848E+00  -8.34112873E+00   5.95129753E-01
     60  -8.96119208E+00  -8.36346024E+00   5.97731840E-01
     61  -8.97687944E+00  -8.38067236E+00   5.96207081E-01
     62  -8.99521418E+00  -8.40716591E+00   5.88048267E-01
     63  -9.01631672E+00  -8.44026436E+00   5.76052354E-01
     64  -9.03689211E+00  -8.47155026E+00   5.65341850E-01
     65  -9.05478751E+00  -8.49115895E+00   5.63628558E-01
     66  -9.07299952E+00  -8.50936973E+00   5.63629793E-01
     67  -9.09342971E+00  -8.52937932E+00   5.64050387E-01
     68  -9.11211902E+00  -8.55758435E+00   5.54534675E-01
     69  -9.12897216E+00  -8.57124694E+00   5.57725214E-01
     70  -9.14895772E+00  -8.59088114E+00   5.58076583E-01
     71  -9.16921355E+00  -8.60838506E+00   5.60828484E-01
     72  -9.18592633E+00  -8.62002892E+00   5.65897417E-01
     73  -9.20409545E+00  -8.63847280E+00   5.65622647E-01
     74  -9.21794440E+00  -8.66330541E+00   5.54638985E-01
     75  -9.24022625E+00  -8.68198377E+00   5.58242478E-01
     76  -9.25991412E+00  -8.70427496E+00   5.55639153E-01
     77  -9.27684395E+00  -8.71972020E+00   5.57123751E-01
     78  -9.29384598E+00  -8.73550623E+00   5.58339749E-01
     79  -9.30827043E+00  -8.75291694E+00   5.55353484E-01
     80  -9.32267299E+00  -8.76993627E+00   5.52736722E-01
     81  -9.34203258E+00  -8.78855053E+00   5.53482054E-01
     82  -9.36118921E+00  -8.80727634E+00   5.53912870E-01
     83  -9.38134643E+00  -8.82245329E+00   5.58893144E-01
     84  -9.40125127E+00  -8.83772046E+00   5.63530811E-01
     85  -9.41759705E+00  -8.85171604E+00   5.65881004E-01
     86  -9.43401857E+00  -8.86578725E+00   5.68231314E-01
     87  -9.45098654E+00  -8.87922049E+00   5.71766058E-01
     88  -9.46858004E+00  -8.88870712E+00   5.79872921E-01
     89  -9.48915448E+00  -8.90617583E+00   5.82978655E-01
     90  -9.50902253E+00  -8.92371909E+00   5.85303440E-01
     91  -9.52728718E+00  -8.93526929E+00   5.92017881E-01
     92  -9.54479314E+00  -8.94674357E+00   5.98049568E-01
     93  -9.55531636E+00  -8.95598557E+00   5.99330797E-01
     94  -9.56568899E+00  -8.96456055E+00   6.01128441E-01
     95  -9.57689712E+00  -8.97729861E+00   5.99598513E-01
     96  -9.58792266E+00  -8.99093257E+00   5.96990097E-01
     97  -9.60205519E+00  -9.00404864E+00   5.98006554E-01
     98  -9.61625270E+00  -9.01806437E+00   5.98188327E-01
     99  -9.63075611E+00  -9.03202369E+00   5.98732421E-01
    100  -9.64416839E+00  -9.04655948E+00   5.97608908E-01
    101  -9.65268138E+00  -9.05441724E+00   5.98264146E-01
    102  -9.66126860E+00  -9.06445050E+00   5.96818093E-01
    103  -9.67020638E+00  -9.07303558E+00   5.97170806E-01
    104  -9.67916646E+00  -9.08219072E+00   5.96975740E-01
    105  -9.68850907E+00  -9.09238443E+00   5.96124638E-01
    106  -9.69861668E+00  -9.10016895E+00   5.98447733E-01
    107  -9.71243348E+00  -9.11156768E+00   6.00865799E-01
    108  -9.72501258E+00  -9.12648386E+00   5.98528721E-01
    109  -9.73524708E+00  -9.14075042E+00   5.94496658E-01
    110  -9.74613816E+00  -9.15454188E+00   5.91596283E-01
    111  -9.75560338E+00  -9.16394963E+00   5.91653754E-01
    112  -9.76566564E+00  -9.17292834E+00   5.92737297E-01
    113  -9.77364306E+00  -9.18000652E+00   5.93636539E-01
    114  -9.78161333E+00  -9.18712769E+00   5.94485639E-01
    115  -9.79254364E+00  -9.19921172E+00   5.93331921E-01
    116  -9.80348069E+00  -9.21125116E+00   5.92229531E-01
    117  -9.81089524E+00  -9.22113686E+00   5.89758377E-01
    118  -9.81841132E+00  -9.23013890E+00   5.88272421E-01
    119  -9.82625864E+00  -9.23714179E+00   5.89116842E-01
    120  -9.83406896E+00  -9.24447966E+00   5.89589297E-01
    121  -9.84269922E+00  -9.25177141E+00   5.90927810E-01
    122  -9.85122690E+00  -9.25839999E+00   5.92826911E-01
    123  -9.86074480E+00  -9.26527266E+00   5.95472142E-01
    124  -9.87034156E+00  -9.27308898E+00   5.97252580E-01
    125  -9.87785310E+00  -9.28136429E+00   5.96488807E-01
    126  -9.88542043E+00  -9.28958385E+00   5.95836585E-01
    127  -9.89419099E+00  -9.29795652E+00   5.96234471E-01
    128  -9.90296022E+00  -9.30632514E+00   5.96635081E-01
    129  -9.90810406E+00  -9.31011065E+00   5.97993417E-01
    130  -9.91279034E+00  -9.31422516E+00   5.98565182E-01
    131  -9.91795580E+00  -9.31779046E+00   6.00165342E-01
    132  -9.92263590E+00  -9.32166971E+00   6.00966197E-01
    133  -9.92855549E+00  -9.32766974E+00   6.00885744E-01
    134  -9.93491660E+00  -9.33307781E+00   6.01838782E-01
    135  -9.94372461E+00  -9.33992181E+00   6.03802806E-01
    136  -9.95294937E+00  -9.34617055E+00   6.06778824E-01
    137  -9.95806586E+00  -9.35058441E+00   6.07481449E-01
    138  -9.96320706E+00  -9.35500042E+00   6.08206637E-01
    139  -9.96813646E+00  -9.35925169E+00   6.08884772E-01
    140  -9.97383739E+00  -9.36359887E+00   6.10238521E-01
    141  -9.98108620E+00  -9.36895538E+00   6.12130820E-01
    142  -9.98831708E+00  -9.37434352E+00   6.13973566E-01
    143  -9.99237840E+00  -9.37819799E+00   6.14180409E-01
    144  -9.99645679E+00  -9.38202172E+00   6.14435063E-01
    145  -1.00036397E+01  -9.38649094E+00   6.17148748E-01
    146  -1.00101213E+01  -9.39179828E+00   6.18323034E-01
    147  -1.00171221E+01  -9.39706069E+00   6.20061372E-01
    148  -1.00231894E+01  -9.40302877E+00   6.20160621E-01
    149  -1.00301558E+01  -9.40932132E+00   6.20834488E-01
    150  -1.00367146E+01  -9.41565028E+00   6.21064314E-01
    151  -1.00437486E+01  -9.42165324E+00   6.22095384E-01
    152  -1.00507296E+01  -9.42798024E+00   6.22749353E-01
    153  -1.00587477E+01  -9.43400656E+00   6.24741146E-01
    154  -1.00671496E+01  -9.43897806E+00   6.28171498E-01
    155  -1.00749402E+01  -9.44506723E+00   6.29873014E-01
    156  -1.00831710E+01  -9.44999119E+00   6.33179794E-01
    157  -1.00906063E+01  -9.45414110E+00   6.36465189E-01
    158  -1.00972620E+01  -9.45890390E+00   6.38358125E-01
    159  -1.01044621E+01  -9.46314373E+00   6.41318401E-01
    160  -1.01109489E+01  -9.46788426E+00   6.43064682E-01
    161  -1.01173643E+01  -9.47554768E+00   6.41816608E-01
    162  -1.01237780E+01  -9.48337056E+00   6.40407483E-01
    163  -1.01272600E+01  -9.48761723E+00   6.39642797E-01
    164  -1.01307474E+01  -9.49173722E+00   6.39010168E-01
    165  -1.01363940E+01  -9.49823208E+00   6.38161906E-01
    166  -1.01415160E+01  -9.50415430E+00   6.37361740E-01
    167  -1.01478110E+01  -9.51112821E+00   6.36682819E-01
    168  -1.01539976E+01  -9.51804992E+00   6.35947636E-01
    169  -1.01578019E+01  -9.52170392E+00   6.36097982E-01
    170  -1.01615045E+01  -9.52540811E+00   6.36096435E-01
    171  -1.01648162E+01  -9.52874637E+00   6.36069827E-01
    172  -1.01682829E+01  -9.53202152E+00   6.36261375E-01
    173  -1.01727996E+01  -9.53497930E+00   6.37820337E-01
    174  -1.01775144E+01  -9.53765268E+00   6.39861745E-01
    175  -1.01809635E+01  -9.54068192E+00   6.40281599E-01
    176  -1.01844899E+01  -9.54301551E+00   6.41474424E-01
    177  -1.01883626E+01  -9.54571085E+00   6.42651703E-01
    178  -1.01921848E+01  -9.54839871E+00   6.43786108E-01
    179  -1.01958543E+01  -9.55206242E+00   6.43791886E-01
    180  -1.01995200E+01  -9.55574210E+00   6.43777939E-01
    181  -1.02022228E+01  -9.55873407E+00   6.43488721E-01
    182  -1.02050645E+01  -9.56171087E+00   6.43353676E-01
    183  -1.02079474E+01  -9.56439158E+00   6.43555801E-01
    184  -1.02107264E+01  -9.56697379E+00   6.43752598E-01
    185  -1.02142338E+01  -9.56927379E+00   6.44960049E-01
    186  -1.02171246E+01  -9.57179052E+00   6.45334059E-01
    187  -1.02206655E+01  -9.57463486E+00   6.46030627E-01
    188  -1.02245101E+01  -9.57728185E+00   6.47228236E-01
    189  -1.02274359E+01  -9.58019652E+00   6.47239403E-01
    190  -1.02304292E+01  -9.58309084E+00   6.47338328E-01
    191  -1.02338053E+01  -9.58601715E+00   6.47788137E-01
    192  -1.02371325E+01  -9.58889124E+00   6.48241233E-01
    193  -1.02395930E+01  -9.59142564E+00   6.48167391E-01
    194  -1.02426906E+01  -9.59366646E+00   6.49024177E-01
    195  -1.02452829E+01  -9.59629447E+00   6.48988431E-01
    196  -1.02481556E+01  -9.59862728E+00   6.49528323E-01
    197  -1.02523355E+01  -9.60248604E+00   6.49849487E-01
    198  -1.02565569E+01  -9.60636754E+00   6.50189387E-01
    199  -1.02600503E+01  -9.60967166E+00   6.50378647E-01
    200  -1.02638461E+01  -9.61212295E+00   6.51723191E-01
    201  -1.02664674E+01  -9.61430171E+00   6.52165650E-01
    202  -1.02691357E+01  -9.61698400E+00   6.52151705E-01
    203  -1.02717542E+01  -9.61976940E+00   6.51984846E-01
    204  -1.02743266E+01  -9.62197197E+00   6.52354666E-01
    205  -1.02775600E+01  -9.62446320E+00   6.53096763E-01
    206  -1.02808017E+01  -9.62687326E+00   6.53928436E-01
    207  -1.02842913E+01  -9.62935635E+00   6.54934975E-01
    208  -1.02877729E+01  -9.63191744E+00   6.55855430E-01
    209  -1.02909676E+01  -9.63462417E+00   6.56343432E-01
    210  -1.02941022E+01  -9.63705523E+00   6.57047005E-01
    211  -1.02967300E+01  -9.63928695E+00   6.57443015E-01
    212  -1.02995345E+01  -9.64169577E+00   6.57838744E-01
    213  -1.03024641E+01  -9.64463036E+00   6.57833730E-01
    214  -1.03053139E+01  -9.64734750E+00   6.57966356E-01
    215  -1.03076602E+01  -9.64939519E+00   6.58264987E-01
    216  -1.03100873E+01  -9.65166249E+00   6.58424781E-01
    217  -1.03119979E+01  -9.65342251E+00   6.58575427E-01
    218  -1.03137007E+01  -9.65481540E+00   6.58885289E-01
    219  -1.03162716E+01  -9.65664680E+00   6.59624839E-01
    220  -1.03190558E+01  -9.65881667E+00   6.60239108E-01
    221  -1.03206610E+01  -9.66041805E+00   6.60242927E-01
    222  -1.03223397E+01  -9.66201863E+00   6.60321043E-01
    223  -1.03240760E+01  -9.66412934E+00   6.59946637E-01
    224  -1.03258475E+01  -9.66627974E+00   6.59567732E-01
    225  -1.03283201E+01  -9.66855729E+00   6.59762784E-01
    226  -1.03306705E+01  -9.67074423E+00   6.59926300E-01
    227  -1.03326562E+01  -9.67258034E+00   6.60075829E-01
    228  -1.03344964E+01  -9.67436232E+00   6.60134056E-01
    229  -1.03361344E+01  -9.67600476E+00   6.60129656E-01
    230  -1.03376912E+01  -9.67760167E+00   6.60089493E-01
    231  -1.03397057E+01  -9.67945219E+00   6.60253556E-01
    232  -1.03417282E+01  -9.68130627E+00   6.60421960E-01
    233  -1.03442933E+01  -9.68333611E+00   6.60957163E-01
    234  -1.03469079E+01  -9.68561753E+00   6.61290327E-01
    235  -1.03500429E+01  -9.68772948E+00   6.62313369E-01
    236  -1.03532284E+01  -9.69009704E+00   6.63131411E-01
    237  -1.03553249E+01  -9.69216567E+00   6.63159244E-01
    238  -1.03574928E+01  -9.69405883E+00   6.63433961E-01
    239  -1.03592540E+01  -9.69609519E+00   6.63158850E-01
    240  -1.03610955E+01  -9.69801730E+00   6.63078186E-01
    241  -1.03636835E+01  -9.70037394E+00   6.63309516E-01
    242  -1.03662807E+01  -9.70277638E+00   6.63504334E-01
    243  -1.03682060E+01  -9.70437667E+00   6.63829360E-01
    244  -1.03701677E+01  -9.70595966E+00   6.64208001E-01
    245  -1.03717705E+01  -9.70717522E+00   6.64595240E-01
    246  -1.03732966E+01  -9.70847298E+00   6.64823598E-01
    247  -1.03752845E+01  -9.71012530E+00   6.65159205E-01
    248  -1.03772899E+01  -9.71181814E+00   6.65471753E-01
    249  -1.03795303E+01  -9.71365633E+00   6.65873930E-01
    250  -1.03819042E+01  -9.71554846E+00   6.66355744E-01
    251  -1.03842377E+01  -9.71770510E+00   6.66532601E-01
    252  -1.03865077E+01  -9.71974358E+00   6.66764143E-01
    253  -1.03890118E+01  -9.72193206E+00   6.67079759E-01
    254  -1.03916009E+01  -9.72409643E+00   6.67504469E-01
    255  -1.03941117E+01  -9.72603485E+00   6.68076871E-01
    256  -1.03964998E+01  -9.72802598E+00   6.68473796E-01
    257  -1.03984625E+01  -9.72960858E+00   6.68853900E-01
    258  -1.04004510E+01  -9.73122011E+00   6.69230944E-01
    259  -1.04022860E+01  -9.73292054E+00   6.69365464E-01
    260  -1.04041376E+01  -9.73456408E+00   6.69573485E-01
    261  -1.04058435E+01  -9.73616739E+00   6.69676122E-01
    262  -1.04075980E+01  -9.73762205E+00   6.69975927E-01
    263  -1.04096843E+01  -9.73950991E+00   6.70174403E-01
    264  -1.04117919E+01  -9.74124288E+00   6.70549006E-01
    265  -1.04136427E+01  -9.74317246E+00   6.70470203E-01
    266  -1.04155819E+01  -9.74499117E+00   6.70590702E-01
    267  -1.04169685E+01  -9.74638836E+00   6.70580174E-01
    268  -1.04183648E+01  -9.74777363E+00   6.70591196E-01
    269  -1.04197885E+01  -9.74922231E+00   6.70566163E-01
    270  -1.04212302E+01  -9.75066672E+00   6.70563477E-01
    271  -1.04226856E+01  -9.75196786E+00   6.70717765E-01
    272  -1.04241387E+01  -9.75326826E+00   6.70870415E-01
    273  -1.04254444E+01  -9.75456222E+00   6.70882176E-01
    274  -1.04268477E+01  -9.75578657E+00   6.71061168E-01
    275  -1.04280895E+01  -9.75685219E+00   6.71237273E-01
    276  -1.04291873E+01  -9.75802024E+00   6.71167077E-01
    277  -1.04301224E+01  -9.75906197E+00   6.71060411E-01
    278  -1.04310717E+01  -9.76006766E+00   6.71004041E-01
    279  -1.04322577E+01  -9.76156112E+00   6.70696595E-01
    280  -1.04334446E+01  -9.76305499E+00   6.70389588E-01
    281  -1.04347971E+01  -9.76449000E+00   6.70307054E-01
    282  -1.04361572E+01  -9.76592775E+00   6.70229453E-01
    283  -1.04380230E+01  -9.76763139E+00   6.70391637E-01
    284  -1.04398810E+01  -9.76933222E+00   6.70548755E-01
    285  -1.04412270E+01  -9.77025910E+00   6.70967934E-01
    286  -1.04425582E+01  -9.77128039E+00   6.71277812E-01
    287  -1.04437510E+01  -9.77220464E+00   6.71546398E-01
    288  -1.04449278E+01  -9.77322965E+00   6.71698107E-01
    289  -1.04464687E+01  -9.77429346E+00   6.72175225E-01
    290  -1.04480222E+01  -9.77533773E+00   6.72684519E-01
    291  -1.04493961E+01  -9.77635272E+00   6.73043393E-01
    292  -1.04507343E+01  -9.77737747E+00   6.73356789E-01
    293  -1.04515907E+01  -9.77824967E+00   6.73341039E-01
    294  -1.04524581E+01  -9.77912549E+00   6.73332566E-01
    295  -1.04535557E+01  -9.78005653E+00   6.73499215E-01
    296  -1.04546541E+01  -9.78098674E+00   6.73667391E-01
    297  -1.04557072E+01  -9.78210395E+00   6.73603239E-01
    298  -1.04568199E+01  -9.78314797E+00   6.73671949E-01
    299  -1.04579854E+01  -9.78411591E+00   6.73869481E-01
    300  -1.04590922E+01  -9.78515812E+00   6.73934110E-01
    301  -1.04603038E+01  -9.78632848E+00   6.73975324E-01
    302  -1.04615104E+01  -9.78758666E+00   6.73923776E-01
    303  -1.04628374E+01  -9.78872431E+00   6.74113138E-01
    304  -1.04641671E+01  -9.78978825E+00   6.74378833E-01
    305  -1.04652097E+01  -9.79123460E+00   6.73975102E-01
    306  -1.04663765E+01  -9.79254149E+00   6.73834977E-01
    307  -1.04674230E+01  -9.79348799E+00   6.73934975E-01
    308  -1.04683802E+01  -9.79453316E+00   6.73847041E-01
# k =   0.000000   0.500000   0.500000 spin = 1
# <ib|Sigma_CH[1..Nb]|ib> (eV), partial and symmetrized sum with up to Nb "inner" bands
# Reporting only VBM and CBM, use 'full_ch_conv_log 1' keyword for full report.
# 1/N extrap for CH(vbm) CH(cbm) diff =  -1.04038853E+01  -9.08962444E+00   1.31426082E+00
# Error est. for CH(vbm) CH(cbm) diff =   2.83239208E-01   2.26264351E-01  -5.69748569E-02
#    Nb          CH(vbm)          CH(cbm)             diff
      1  -3.51605594E-01  -1.71163096E-01   1.80442498E-01
      2  -7.03186875E-01  -3.42319878E-01   3.60866996E-01
      3  -1.01635781E+00  -5.79121594E-01   4.37236219E-01
      4  -1.32956034E+00  -8.15931551E-01   5.13628793E-01
      5  -2.21470778E+00  -9.38081942E-01   1.27662584E+00
      6  -3.12811886E+00  -1.04623393E+00   2.08188493E+00
      7  -4.01271317E+00  -1.16878150E+00   2.84393167E+00
      8  -4.92676663E+00  -1.27666388E+00   3.65010275E+00
      9  -5.06832211E+00  -2.09096939E+00   2.97735272E+00
     10  -5.20997477E+00  -2.90527798E+00   2.30469679E+00
     11  -5.40099851E+00  -3.70623869E+00   1.69475982E+00
     12  -5.61024164E+00  -4.48339281E+00   1.12684882E+00
     13  -5.79117609E+00  -4.65535832E+00   1.13581777E+00
     14  -5.99688634E+00  -4.79508837E+00   1.20179797E+00
     15  -6.07204693E+00  -5.02315742E+00   1.04888951E+00
     16  -6.14720612E+00  -5.25119099E+00   8.96015132E-01
     17  -6.29111711E+00  -5.34802698E+00   9.43090134E-01
     18  -6.45214967E+00  -5.43166978E+00   1.02047989E+00
     19  -6.59947645E+00  -5.52587062E+00   1.07360582E+00
     20  -6.75890503E+00  -5.61074606E+00   1.14815896E+00
     21  -6.86535652E+00  -5.73817931E+00   1.12717721E+00
     22  -6.97172267E+00  -5.86561414E+00   1.10610853E+00
     23  -7.08217656E+00  -5.98991492E+00   1.09226164E+00
     24  -7.19263381E+00  -6.11421641E+00   1.07841740E+00
     25  -7.29702887E+00  -6.21368611E+00   1.08334275E+00
     26  -7.39786563E+00  -6.32016603E+00   1.07769960E+00
     27  -7.49268740E+00  -6.41291715E+00   1.07977025E+00
     28  -7.58393394E+00  -6.51248020E+00   1.07145374E+00
     29  -7.63548481E+00  -6.56333852E+00   1.07214629E+00
     30  -7.68702447E+00  -6.61419597E+00   1.07282850E+00
     31  -7.74172892E+00  -6.66171998E+00   1.08000894E+00
     32  -7.79644458E+00  -6.70924485E+00   1.08719974E+00
     33  -7.83862465E+00  -6.76256855E+00   1.07605610E+00
     34  -7.87771627E+00  -6.81131400E+00   1.06640227E+00
     35  -7.91676388E+00  -6.86000125E+00   1.05676263E+00
     36  -7.95893286E+00  -6.91331503E+00   1.04561784E+00
     37  -8.01078969E+00  -6.96561889E+00   1.04517080E+00
     38  -8.06044608E+00  -7.03108347E+00   1.02936261E+00
     39  -8.11186733E+00  -7.08663755E+00   1.02522978E+00
     40  -8.16211166E+00  -7.14886310E+00   1.01324856E+00
     41  -8.19241711E+00  -7.18909943E+00   1.00331769E+00
     42  -8.22274147E+00  -7.22933483E+00   9.93406637E-01
     43  -8.26477665E+00  -7.27145696E+00   9.93319692E-01
     44  -8.30251525E+00  -7.31385595E+00   9.88659298E-01
     45  -8.34876621E+00  -7.34753790E+00   1.00122830E+00
     46  -8.39162481E+00  -7.38143376E+00   1.01019104E+00
     47  -8.43892684E+00  -7.41231128E+00   1.02661556E+00
     48  -8.48602143E+00  -7.44234373E+00   1.04367770E+00
     49  -8.53460494E+00  -7.46959852E+00   1.06500642E+00
     50  -8.58359606E+00  -7.49852374E+00   1.08507232E+00
     51  -8.61323933E+00  -7.52432233E+00   1.08891700E+00
     52  -8.64353224E+00  -7.55280017E+00   1.09073207E+00
     53  -8.67632295E+00  -7.57697105E+00   1.09935191E+00
     54  -8.70839898E+00  -7.60069204E+00   1.10770694E+00
     55  -8.72575978E+00  -7.61933693E+00   1.10642286E+00
     56  -8.74262492E+00  -7.63767488E+00   1.10495004E+00
     57  -8.76132769E+00  -7.65790284E+00   1.10342485E+00
     58  -8.78003286E+00  -7.67805685E+00   1.10197601E+00
     59  -8.79935218E+00  -7.70148085E+00   1.09787132E+00
     60  -8.81911198E+00  -7.72447840E+00   1.09463357E+00
     61  -8.83862467E+00  -7.74544384E+00   1.09318084E+00
     62  -8.85700185E+00  -7.76720439E+00   1.08979745E+00
     63  -8.87518954E+00  -7.78661634E+00   1.08857320E+00
     64  -8.89340857E+00  -7.80602813E+00   1.08738044E+00
     65  -8.91335531E+00  -7.82854964E+00   1.08480567E+00
     66  -8.93230656E+00  -7.85084820E+00   1.08145837E+00
     67  -8.95029494E+00  -7.87089770E+00   1.07939723E+00
     68  -8.96938194E+00  -7.89116629E+00   1.07821565E+00
     69  -8.98562530E+00  -7.90725399E+00   1.07837130E+00
     70  -9.00186862E+00  -7.92334274E+00   1.07852588E+00
     71  -9.01843462E+00  -7.93914597E+00   1.07928865E+00
     72  -9.03481887E+00  -7.95509356E+00   1.07972531E+00
     73  -9.04977367E+00  -7.97035177E+00   1.07942190E+00
     74  -9.06490085E+00  -7.98547180E+00   1.07942905E+00
     75  -9.08122395E+00  -8.00062509E+00   1.08059885E+00
     76  -9.09754658E+00  -8.01577805E+00   1.08176853E+00
     77  -9.11245376E+00  -8.03082965E+00   1.08162412E+00
     78  -9.12742691E+00  -8.04587026E+00   1.08155665E+00
     79  -9.14107434E+00  -8.05953339E+00   1.08154094E+00
     80  -9.15465277E+00  -8.07320816E+00   1.08144461E+00
     81  -9.17175551E+00  -8.08502645E+00   1.08672905E+00
     82  -9.18885841E+00  -8.09684551E+00   1.09201290E+00
     83  -9.20541411E+00  -8.10889699E+00   1.09651712E+00
     84  -9.22220740E+00  -8.12106652E+00   1.10114088E+00
     85  -9.23664497E+00  -8.13148965E+00   1.10515532E+00
     86  -9.25104904E+00  -8.14189715E+00   1.10915189E+00
     87  -9.26559417E+00  -8.15237643E+00   1.11321773E+00
     88  -9.28008716E+00  -8.16282354E+00   1.11726362E+00
     89  -9.29669332E+00  -8.17443520E+00   1.12225812E+00
     90  -9.31326544E+00  -8.18604682E+00   1.12721862E+00
     91  -9.32951470E+00  -8.19588416E+00   1.13363054E+00
     92  -9.34464547E+00  -8.20696763E+00   1.13767784E+00
     93  -9.35401730E+00  -8.21541783E+00   1.13859947E+00
     94  -9.36389479E+00  -8.22326112E+00   1.14063367E+00
     95  -9.37338157E+00  -8.23185924E+00   1.14152234E+00
     96  -9.38289178E+00  -8.24045742E+00   1.14243436E+00
     97  -9.39401961E+00  -8.24987793E+00   1.14414168E+00
     98  -9.40499505E+00  -8.25930921E+00   1.14568584E+00
     99  -9.41634728E+00  -8.26870660E+00   1.14764068E+00
    100  -9.42765084E+00  -8.27810635E+00   1.14954449E+00
    101  -9.43543259E+00  -8.28641404E+00   1.14901855E+00
    102  -9.44320783E+00  -8.29472173E+00   1.14848610E+00
    103  -9.45120186E+00  -8.30406261E+00   1.14713926E+00
    104  -9.45919436E+00  -8.31340338E+00   1.14579098E+00
    105  -9.46782965E+00  -8.32191602E+00   1.14591364E+00
    106  -9.47656410E+00  -8.33022070E+00   1.14634339E+00
    107  -9.48696376E+00  -8.33932856E+00   1.14763520E+00
    108  -9.49729631E+00  -8.34858046E+00   1.14871585E+00
    109  -9.50703957E+00  -8.35806070E+00   1.14897888E+00
    110  -9.51678274E+00  -8.36754071E+00   1.14924203E+00
    111  -9.52516700E+00  -8.37482153E+00   1.15034546E+00
    112  -9.53355297E+00  -8.38209957E+00   1.15145340E+00
    113  -9.54106740E+00  -8.38910806E+00   1.15195934E+00
    114  -9.54858320E+00  -8.39611637E+00   1.15246683E+00
    115  -9.55762833E+00  -8.40369565E+00   1.15393268E+00
    116  -9.56667339E+00  -8.41127316E+00   1.15540023E+00
    117  -9.57328728E+00  -8.41824445E+00   1.15504283E+00
    118  -9.57992303E+00  -8.42521530E+00   1.15470773E+00
    119  -9.58672449E+00  -8.43096790E+00   1.15575658E+00
    120  -9.59351796E+00  -8.43672004E+00   1.15679792E+00
    121  -9.60078091E+00  -8.44307183E+00   1.15770908E+00
    122  -9.60804392E+00  -8.44941718E+00   1.15862674E+00
    123  -9.61578956E+00  -8.45576546E+00   1.16002411E+00
    124  -9.62343402E+00  -8.46205449E+00   1.16137953E+00
    125  -9.63012129E+00  -8.46888932E+00   1.16123197E+00
    126  -9.63690886E+00  -8.47579147E+00   1.16111738E+00
    127  -9.64395211E+00  -8.48188324E+00   1.16206887E+00
    128  -9.65099539E+00  -8.48797500E+00   1.16302039E+00
    129  -9.65536025E+00  -8.49127135E+00   1.16408890E+00
    130  -9.65979538E+00  -8.49481014E+00   1.16498524E+00
    131  -9.66428863E+00  -8.49857206E+00   1.16571657E+00
    132  -9.66871760E+00  -8.50209672E+00   1.16662087E+00
    133  -9.67398414E+00  -8.50635456E+00   1.16762958E+00
    134  -9.67925069E+00  -8.51061241E+00   1.16863828E+00
    135  -9.68664484E+00  -8.51534580E+00   1.17129904E+00
    136  -9.69415505E+00  -8.52018905E+00   1.17396600E+00
    137  -9.69861981E+00  -8.52421234E+00   1.17440747E+00
    138  -9.70303396E+00  -8.52818848E+00   1.17484548E+00
    139  -9.70760713E+00  -8.53229442E+00   1.17531271E+00
    140  -9.71216344E+00  -8.53640033E+00   1.17576312E+00
    141  -9.71789303E+00  -8.54004612E+00   1.17784690E+00
    142  -9.72361803E+00  -8.54368893E+00   1.17992910E+00
    143  -9.72711479E+00  -8.54697983E+00   1.18013497E+00
    144  -9.73061617E+00  -8.55027372E+00   1.18034245E+00
    145  -9.73651555E+00  -8.55469046E+00   1.18182509E+00
    146  -9.74241480E+00  -8.55913174E+00   1.18328306E+00
    147  -9.74826326E+00  -8.56386794E+00   1.18439532E+00
    148  -9.75411150E+00  -8.56861583E+00   1.18549567E+00
    149  -9.75952440E+00  -8.57377588E+00   1.18574852E+00
    150  -9.76493279E+00  -8.57878863E+00   1.18614415E+00
    151  -9.77032559E+00  -8.58349430E+00   1.18683128E+00
    152  -9.77571398E+00  -8.58805972E+00   1.18765426E+00
    153  -9.78218695E+00  -8.59236102E+00   1.18982594E+00
    154  -9.78866557E+00  -8.59667386E+00   1.19199172E+00
    155  -9.79516212E+00  -8.60090815E+00   1.19425397E+00
    156  -9.80166447E+00  -8.60515625E+00   1.19650822E+00
    157  -9.80728126E+00  -8.60852081E+00   1.19876044E+00
    158  -9.81289730E+00  -8.61190696E+00   1.20099033E+00
    159  -9.81851161E+00  -8.61511389E+00   1.20339772E+00
    160  -9.82412354E+00  -8.61844604E+00   1.20567750E+00
    161  -9.82958756E+00  -8.62358722E+00   1.20600034E+00
    162  -9.83504871E+00  -8.62890101E+00   1.20614770E+00
    163  -9.83822276E+00  -8.63198160E+00   1.20624116E+00
    164  -9.84139532E+00  -8.63506224E+00   1.20633308E+00
    165  -9.84598079E+00  -8.63891401E+00   1.20706677E+00
    166  -9.85066471E+00  -8.64289318E+00   1.20777153E+00
    167  -9.85533284E+00  -8.64679405E+00   1.20853879E+00
    168  -9.85990255E+00  -8.65060457E+00   1.20929798E+00
    169  -9.86325738E+00  -8.65360921E+00   1.20964817E+00
    170  -9.86661219E+00  -8.65661384E+00   1.20999834E+00
    171  -9.87006920E+00  -8.65947346E+00   1.21059574E+00
    172  -9.87349863E+00  -8.66239390E+00   1.21110473E+00
    173  -9.87672611E+00  -8.66510141E+00   1.21162470E+00
    174  -9.87993954E+00  -8.66783967E+00   1.21209987E+00
    175  -9.88311564E+00  -8.67029438E+00   1.21282126E+00
    176  -9.88612892E+00  -8.67251010E+00   1.21361881E+00
    177  -9.88916706E+00  -8.67503866E+00   1.21412841E+00
    178  -9.89213661E+00  -8.67746683E+00   1.21466978E+00
    179  -9.89533262E+00  -8.68037576E+00   1.21495687E+00
    180  -9.89852863E+00  -8.68328468E+00   1.21524395E+00
    181  -9.90098037E+00  -8.68590876E+00   1.21507161E+00
    182  -9.90343297E+00  -8.68853286E+00   1.21490011E+00
    183  -9.90586729E+00  -8.69100548E+00   1.21486181E+00
    184  -9.90828886E+00  -8.69348611E+00   1.21480275E+00
    185  -9.91119048E+00  -8.69553618E+00   1.21565430E+00
    186  -9.91399649E+00  -8.69765947E+00   1.21633702E+00
    187  -9.91714709E+00  -8.69972166E+00   1.21742543E+00
    188  -9.92015389E+00  -8.70178747E+00   1.21836642E+00
    189  -9.92259824E+00  -8.70391779E+00   1.21868045E+00
    190  -9.92512432E+00  -8.70604243E+00   1.21908189E+00
    191  -9.92791763E+00  -8.70819715E+00   1.21972048E+00
    192  -9.93064639E+00  -8.71035629E+00   1.22029010E+00
    193  -9.93296719E+00  -8.71241084E+00   1.22055635E+00
    194  -9.93529861E+00  -8.71449919E+00   1.22079942E+00
    195  -9.93759913E+00  -8.71678508E+00   1.22081405E+00
    196  -9.93986359E+00  -8.71902455E+00   1.22083905E+00
    197  -9.94316799E+00  -8.72147396E+00   1.22169403E+00
    198  -9.94647990E+00  -8.72393493E+00   1.22254497E+00
    199  -9.94924131E+00  -8.72628181E+00   1.22295951E+00
    200  -9.95200274E+00  -8.72862823E+00   1.22337450E+00
    201  -9.95449014E+00  -8.73076523E+00   1.22372491E+00
    202  -9.95696020E+00  -8.73288127E+00   1.22407893E+00
    203  -9.95932969E+00  -8.73510686E+00   1.22422283E+00
    204  -9.96172623E+00  -8.73736528E+00   1.22436095E+00
    205  -9.96454168E+00  -8.73960873E+00   1.22493295E+00
    206  -9.96735712E+00  -8.74184923E+00   1.22550789E+00
    207  -9.97011070E+00  -8.74404410E+00   1.22606659E+00
    208  -9.97286428E+00  -8.74624181E+00   1.22662247E+00
    209  -9.97538059E+00  -8.74822491E+00   1.22715568E+00
    210  -9.97788677E+00  -8.75021891E+00   1.22766786E+00
    211  -9.98017985E+00  -8.75217880E+00   1.22800105E+00
    212  -9.98251009E+00  -8.75409845E+00   1.22841164E+00
    213  -9.98472680E+00  -8.75584886E+00   1.22887794E+00
    214  -9.98694536E+00  -8.75763415E+00   1.22931121E+00
    215  -9.98900530E+00  -8.75925156E+00   1.22975374E+00
    216  -9.99106333E+00  -8.76083436E+00   1.23022897E+00
    217  -9.99252330E+00  -8.76215107E+00   1.23037222E+00
    218  -9.99399786E+00  -8.76353057E+00   1.23046729E+00
    219  -9.99607457E+00  -8.76495807E+00   1.23111651E+00
    220  -9.99813879E+00  -8.76638138E+00   1.23175741E+00
    221  -9.99951980E+00  -8.76769056E+00   1.23182924E+00
    222  -1.00009002E+01  -8.76897933E+00   1.23192085E+00
    223  -1.00024280E+01  -8.77040069E+00   1.23202732E+00
    224  -1.00039558E+01  -8.77182022E+00   1.23213562E+00
    225  -1.00058944E+01  -8.77328569E+00   1.23260870E+00
    226  -1.00078329E+01  -8.77475124E+00   1.23308171E+00
    227  -1.00095145E+01  -8.77621436E+00   1.23330010E+00
    228  -1.00112118E+01  -8.77765765E+00   1.23355412E+00
    229  -1.00126621E+01  -8.77892964E+00   1.23373247E+00
    230  -1.00140943E+01  -8.78022396E+00   1.23387038E+00
    231  -1.00158839E+01  -8.78157415E+00   1.23430977E+00
    232  -1.00176747E+01  -8.78292288E+00   1.23475178E+00
    233  -1.00198532E+01  -8.78454958E+00   1.23530357E+00
    234  -1.00220306E+01  -8.78616444E+00   1.23586615E+00
    235  -1.00245216E+01  -8.78768822E+00   1.23683343E+00
    236  -1.00270127E+01  -8.78919849E+00   1.23781425E+00
    237  -1.00285947E+01  -8.79060279E+00   1.23799188E+00
    238  -1.00301766E+01  -8.79200629E+00   1.23817030E+00
    239  -1.00317667E+01  -8.79342766E+00   1.23833901E+00
    240  -1.00333814E+01  -8.79489822E+00   1.23848323E+00
    241  -1.00355067E+01  -8.79631295E+00   1.23919371E+00
    242  -1.00376580E+01  -8.79778048E+00   1.23987750E+00
    243  -1.00392480E+01  -8.79910898E+00   1.24013900E+00
    244  -1.00408347E+01  -8.80043732E+00   1.24039736E+00
    245  -1.00421180E+01  -8.80148823E+00   1.24062981E+00
    246  -1.00434051E+01  -8.80253928E+00   1.24086584E+00
    247  -1.00450387E+01  -8.80371918E+00   1.24131957E+00
    248  -1.00466715E+01  -8.80489906E+00   1.24177244E+00
    249  -1.00484869E+01  -8.80623031E+00   1.24225655E+00
    250  -1.00502521E+01  -8.80758608E+00   1.24266605E+00
    251  -1.00521590E+01  -8.80900065E+00   1.24315835E+00
    252  -1.00540199E+01  -8.81043770E+00   1.24358216E+00
    253  -1.00560158E+01  -8.81178677E+00   1.24422899E+00
    254  -1.00579167E+01  -8.81318239E+00   1.24473431E+00
    255  -1.00598118E+01  -8.81439275E+00   1.24541905E+00
    256  -1.00616497E+01  -8.81558025E+00   1.24606945E+00
    257  -1.00631053E+01  -8.81671511E+00   1.24639018E+00
    258  -1.00646132E+01  -8.81787103E+00   1.24674216E+00
    259  -1.00661038E+01  -8.81901935E+00   1.24708450E+00
    260  -1.00675948E+01  -8.82016766E+00   1.24742716E+00
    261  -1.00689756E+01  -8.82132496E+00   1.24765061E+00
    262  -1.00704262E+01  -8.82244141E+00   1.24798481E+00
    263  -1.00719988E+01  -8.82368981E+00   1.24830903E+00
    264  -1.00736139E+01  -8.82491346E+00   1.24870041E+00
    265  -1.00751844E+01  -8.82604887E+00   1.24913557E+00
    266  -1.00767536E+01  -8.82718424E+00   1.24956937E+00
    267  -1.00779640E+01  -8.82817030E+00   1.24979370E+00
    268  -1.00791742E+01  -8.82915636E+00   1.25001789E+00
    269  -1.00804482E+01  -8.83024865E+00   1.25019957E+00
    270  -1.00817318E+01  -8.83133970E+00   1.25039206E+00
    271  -1.00829429E+01  -8.83249069E+00   1.25045220E+00
    272  -1.00841452E+01  -8.83364282E+00   1.25050236E+00
    273  -1.00852662E+01  -8.83465078E+00   1.25061537E+00
    274  -1.00864421E+01  -8.83561913E+00   1.25082297E+00
    275  -1.00874243E+01  -8.83648587E+00   1.25093844E+00
    276  -1.00884320E+01  -8.83733547E+00   1.25109651E+00
    277  -1.00892552E+01  -8.83813863E+00   1.25111653E+00
    278  -1.00900807E+01  -8.83894307E+00   1.25113759E+00
    279  -1.00911588E+01  -8.83989274E+00   1.25126604E+00
    280  -1.00922455E+01  -8.84084718E+00   1.25139835E+00
    281  -1.00933417E+01  -8.84182779E+00   1.25151391E+00
    282  -1.00944379E+01  -8.84280830E+00   1.25162956E+00
    283  -1.00958267E+01  -8.84374901E+00   1.25207768E+00
    284  -1.00972155E+01  -8.84468982E+00   1.25252570E+00
    285  -1.00982897E+01  -8.84553153E+00   1.25275817E+00
    286  -1.00993646E+01  -8.84637302E+00   1.25299155E+00
    287  -1.01004029E+01  -8.84725546E+00   1.25314739E+00
    288  -1.01014418E+01  -8.84813774E+00   1.25330409E+00
    289  -1.01025906E+01  -8.84895701E+00   1.25363361E+00
    290  -1.01037394E+01  -8.84977629E+00   1.25396312E+00
    291  -1.01048705E+01  -8.85059651E+00   1.25427401E+00
    292  -1.01060168E+01  -8.85141609E+00   1.25460073E+00
    293  -1.01067798E+01  -8.85211408E+00   1.25466576E+00
    294  -1.01075418E+01  -8.85281213E+00   1.25472970E+00
    295  -1.01084434E+01  -8.85350435E+00   1.25493908E+00
    296  -1.01093450E+01  -8.85419659E+00   1.25514841E+00
    297  -1.01102673E+01  -8.85500308E+00   1.25526425E+00
    298  -1.01111890E+01  -8.85580959E+00   1.25537937E+00
    299  -1.01121069E+01  -8.85660389E+00   1.25550298E+00
    300  -1.01130599E+01  -8.85738597E+00   1.25567398E+00
    301  -1.01140369E+01  -8.85816648E+00   1.25587041E+00
    302  -1.01150473E+01  -8.85893497E+00   1.25611234E+00
    303  -1.01160700E+01  -8.85969134E+00   1.25637868E+00
    304  -1.01170933E+01  -8.86044772E+00   1.25664557E+00
    305  -1.01180317E+01  -8.86125850E+00   1.25677317E+00
    306  -1.01189535E+01  -8.86207263E+00   1.25688089E+00
    307  -1.01197945E+01  -8.86271736E+00   1.25707710E+00
    308  -1.01206460E+01  -8.86336009E+00   1.25728596E+00
# k =   0.500000   0.500000   0.500000 spin = 1
# <ib|Sigma_CH[1..Nb]|ib> (eV), partial and symmetrized sum with up to Nb "inner" bands
# Reporting only VBM and CBM, use 'full_ch_conv_log 1' keyword for full report.
# 1/N extrap for CH(vbm) CH(cbm) diff =  -1.08147561E+01  -1.01145769E+01   7.00179194E-01
# Error est. for CH(vbm) CH(cbm) diff =   3.45712335E-01   3.19383524E-01  -2.63288114E-02
#    Nb          CH(vbm)          CH(cbm)             diff
      1  -3.01607373E-01  -2.57388659E-01   4.42187139E-02
      2  -6.09041570E-01  -5.07310312E-01   1.01731258E-01
      3  -8.87619121E-01  -7.55838617E-01   1.31780504E-01
      4  -1.15845734E+00  -1.01430010E+00   1.44157235E-01
      5  -1.53013597E+00  -1.11436197E+00   4.15773999E-01
      6  -1.88342314E+00  -1.22456425E+00   6.58858884E-01
      7  -3.41245869E+00  -1.37725656E+00   2.03520213E+00
      8  -4.95515481E+00  -1.52078027E+00   3.43437454E+00
      9  -5.06156269E+00  -2.99695318E+00   2.06460951E+00
     10  -5.17668018E+00  -4.40793738E+00   7.68742792E-01
     11  -5.32600078E+00  -4.54344147E+00   7.82559310E-01
     12  -5.47773287E+00  -4.73368453E+00   7.44048343E-01
     13  -5.62187287E+00  -4.93088214E+00   6.90990728E-01
     14  -5.77827708E+00  -5.06637877E+00   7.11898311E-01
     15  -5.85519769E+00  -5.32054126E+00   5.34656427E-01
     16  -5.94505421E+00  -5.51339303E+00   4.31661184E-01
     17  -6.10880571E+00  -5.61946011E+00   4.89345604E-01
     18  -6.26594326E+00  -5.71712233E+00   5.48820931E-01
     19  -6.45634198E+00  -5.79161402E+00   6.64727968E-01
     20  -6.63445685E+00  -5.85773629E+00   7.76720561E-01
     21  -6.73296769E+00  -5.97112939E+00   7.61838303E-01
     22  -6.80813824E+00  -6.07294975E+00   7.35188497E-01
     23  -6.93375432E+00  -6.15788216E+00   7.75872162E-01
     24  -7.06135436E+00  -6.24379122E+00   8.17563141E-01
     25  -7.19431029E+00  -6.40541842E+00   7.88891870E-01
     26  -7.32912161E+00  -6.57160156E+00   7.57520055E-01
     27  -7.43688121E+00  -6.78313145E+00   6.53749763E-01
     28  -7.53941354E+00  -6.98144667E+00   5.57966865E-01
     29  -7.59834237E+00  -7.04850207E+00   5.49840293E-01
     30  -7.65770473E+00  -7.11434218E+00   5.43362551E-01
     31  -7.72139911E+00  -7.16416583E+00   5.57233285E-01
     32  -7.78465975E+00  -7.21520548E+00   5.69454273E-01
     33  -7.82594481E+00  -7.26223858E+00   5.63706231E-01
     34  -7.86640206E+00  -7.30610344E+00   5.60298617E-01
     35  -7.90793330E+00  -7.35212559E+00   5.55807703E-01
     36  -7.94918997E+00  -7.39576319E+00   5.53426771E-01
     37  -8.01180463E+00  -7.45074648E+00   5.61058148E-01
     38  -8.06686837E+00  -7.51201167E+00   5.54856700E-01
     39  -8.11298420E+00  -7.57406613E+00   5.38918069E-01
     40  -8.16654889E+00  -7.62991056E+00   5.36638327E-01
     41  -8.19403107E+00  -7.68412041E+00   5.09910668E-01
     42  -8.21500601E+00  -7.72991013E+00   4.85095874E-01
     43  -8.26240510E+00  -7.78467437E+00   4.77730721E-01
     44  -8.30263074E+00  -7.83091459E+00   4.71716143E-01
     45  -8.36679486E+00  -7.88022121E+00   4.86573652E-01
     46  -8.42395480E+00  -7.92174292E+00   5.02211888E-01
     47  -8.47554304E+00  -7.96564573E+00   5.09897307E-01
     48  -8.53328632E+00  -8.02452265E+00   5.08763667E-01
     49  -8.59490150E+00  -8.06335999E+00   5.31541510E-01
     50  -8.67103664E+00  -8.10688573E+00   5.64150914E-01
     51  -8.71624679E+00  -8.14052073E+00   5.75726068E-01
     52  -8.75374512E+00  -8.16451518E+00   5.89229940E-01
     53  -8.79538363E+00  -8.19434646E+00   6.01037179E-01
     54  -8.83638522E+00  -8.22320667E+00   6.13178549E-01
     55  -8.85236882E+00  -8.24682544E+00   6.05543383E-01
     56  -8.86846855E+00  -8.27010321E+00   5.98365341E-01
     57  -8.89007374E+00  -8.29477455E+00   5.95299196E-01
     58  -8.91427956E+00  -8.31938809E+00   5.94891467E-01
     59  -8.93684453E+00  -8.34177284E+00   5.95071690E-01
     60  -8.96184611E+00  -8.36410611E+00   5.97740006E-01
     61  -8.97749586E+00  -8.38131763E+00   5.96178224E-01
     62  -8.99587963E+00  -8.40781272E+00   5.88066914E-01
     63  -9.01697494E+00  -8.44090803E+00   5.76066900E-01
     64  -9.03755354E+00  -8.47219187E+00   5.65361668E-01
     65  -9.05551714E+00  -8.49181438E+00   5.63702755E-01
     66  -9.07373462E+00  -8.51001368E+00   5.63720937E-01
     67  -9.09407196E+00  -8.53002688E+00   5.64045071E-01
     68  -9.11277980E+00  -8.55823432E+00   5.54545486E-01
     69  -9.12963304E+00  -8.57189560E+00   5.57737438E-01
     70  -9.14961940E+00  -8.59152990E+00   5.58089501E-01
     71  -9.16998069E+00  -8.60900762E+00   5.60973071E-01
     72  -9.18658605E+00  -8.62068056E+00   5.65905488E-01
     73  -9.20457724E+00  -8.63917209E+00   5.65405148E-01
     74  -9.21860602E+00  -8.66395621E+00   5.54649812E-01
     75  -9.24088773E+00  -8.68263466E+00   5.58253073E-01
     76  -9.26057535E+00  -8.70492600E+00   5.55649355E-01
     77  -9.27750088E+00  -8.72036269E+00   5.57138189E-01
     78  -9.29445625E+00  -8.73601098E+00   5.58445266E-01
     79  -9.30888202E+00  -8.75342083E+00   5.55461193E-01
     80  -9.32333575E+00  -8.77059042E+00   5.52745331E-01
     81  -9.34269576E+00  -8.78920459E+00   5.53491166E-01
     82  -9.36185001E+00  -8.80793037E+00   5.53919638E-01
     83  -9.38226130E+00  -8.82144088E+00   5.60820419E-01
     84  -9.40220633E+00  -8.83670357E+00   5.65502756E-01
     85  -9.41860218E+00  -8.85033131E+00   5.68270871E-01
     86  -9.43493677E+00  -8.86479301E+00   5.70143754E-01
     87  -9.45202914E+00  -8.87751035E+00   5.74518793E-01
     88  -9.46923803E+00  -8.88936120E+00   5.79876835E-01
     89  -9.48980518E+00  -8.90682533E+00   5.82979842E-01
     90  -9.50966673E+00  -8.92436445E+00   5.85302285E-01
     91  -9.52790252E+00  -8.93581415E+00   5.92088369E-01
     92  -9.54546425E+00  -8.94744329E+00   5.98020955E-01
     93  -9.55585772E+00  -8.95629051E+00   5.99567214E-01
     94  -9.56634298E+00  -8.96521015E+00   6.01132827E-01
     95  -9.57719618E+00  -8.97881363E+00   5.98382557E-01
     96  -9.58844842E+00  -8.99192592E+00   5.96522500E-01
     97  -9.60228999E+00  -9.00638430E+00   5.95905685E-01
     98  -9.61654717E+00  -9.01983077E+00   5.96716404E-01
     99  -9.63118423E+00  -9.03344289E+00   5.97741348E-01
    100  -9.64482211E+00  -9.04720804E+00   5.97614065E-01
    101  -9.65333518E+00  -9.05506586E+00   5.98269315E-01
    102  -9.66192219E+00  -9.06509904E+00   5.96823155E-01
    103  -9.67086164E+00  -9.07368482E+00   5.97176819E-01
    104  -9.67981991E+00  -9.08283933E+00   5.96980583E-01
    105  -9.68915338E+00  -9.09302385E+00   5.96129532E-01
    106  -9.69928291E+00  -9.10082967E+00   5.98453235E-01
    107  -9.71300629E+00  -9.11213974E+00   6.00866544E-01
    108  -9.72566552E+00  -9.12713244E+00   5.98533084E-01
    109  -9.73590020E+00  -9.14139865E+00   5.94501543E-01
    110  -9.74679198E+00  -9.15519042E+00   5.91601559E-01
    111  -9.75624796E+00  -9.16460458E+00   5.91643385E-01
    112  -9.76631002E+00  -9.17358336E+00   5.92726659E-01
    113  -9.77429965E+00  -9.18065152E+00   5.93648137E-01
    114  -9.78226592E+00  -9.18777736E+00   5.94488553E-01
    115  -9.79319650E+00  -9.19986154E+00   5.93334956E-01
    116  -9.80413334E+00  -9.21190026E+00   5.92233085E-01
    117  -9.81154890E+00  -9.22178674E+00   5.89762153E-01
    118  -9.81906382E+00  -9.23078814E+00   5.88275679E-01
    119  -9.82691246E+00  -9.23779157E+00   5.89120888E-01
    120  -9.83472115E+00  -9.24512831E+00   5.89592845E-01
    121  -9.84335014E+00  -9.25242015E+00   5.90929985E-01
    122  -9.85187932E+00  -9.25904884E+00   5.92830480E-01
    123  -9.86132093E+00  -9.26601056E+00   5.95310367E-01
    124  -9.87093443E+00  -9.27380745E+00   5.97126981E-01
    125  -9.87851780E+00  -9.28200079E+00   5.96517010E-01
    126  -9.88607239E+00  -9.29023774E+00   5.95834645E-01
    127  -9.89484293E+00  -9.29860843E+00   5.96234499E-01
    128  -9.90361215E+00  -9.30697498E+00   5.96637163E-01
    129  -9.90876091E+00  -9.31076256E+00   5.97998349E-01
    130  -9.91342624E+00  -9.31487021E+00   5.98556031E-01
    131  -9.91859503E+00  -9.31843647E+00   6.00158552E-01
    132  -9.92328789E+00  -9.32231958E+00   6.00968317E-01
    133  -9.92920713E+00  -9.32831927E+00   6.00887858E-01
    134  -9.93556808E+00  -9.33372705E+00   6.01841033E-01
    135  -9.94435755E+00  -9.34056903E+00   6.03788515E-01
    136  -9.95360471E+00  -9.34682041E+00   6.06784308E-01
    137  -9.95879035E+00  -9.35124165E+00   6.07548700E-01
    138  -9.96386014E+00  -9.35564995E+00   6.08210194E-01
    139  -9.96879011E+00  -9.35990159E+00   6.08888527E-01
    140  -9.97449129E+00  -9.36424841E+00   6.10242873E-01
    141  -9.98173721E+00  -9.36960667E+00   6.12130543E-01
    142  -9.98897307E+00  -9.37498733E+00   6.13985739E-01
    143  -9.99303569E+00  -9.37884120E+00   6.14194485E-01
    144  -9.99711029E+00  -9.38267034E+00   6.14439950E-01
    145  -1.00042927E+01  -9.38713939E+00   6.17153358E-01
    146  -1.00107737E+01  -9.39244642E+00   6.18327300E-01
    147  -1.00180386E+01  -9.39783471E+00   6.20203913E-01
    148  -1.00242397E+01  -9.40384748E+00   6.20392258E-01
    149  -1.00307142E+01  -9.40993052E+00   6.20783703E-01
    150  -1.00372464E+01  -9.41624984E+00   6.20996563E-01
    151  -1.00440447E+01  -9.42213689E+00   6.21907808E-01
    152  -1.00513820E+01  -9.42862904E+00   6.22752913E-01
    153  -1.00594334E+01  -9.43465586E+00   6.24777566E-01
    154  -1.00677716E+01  -9.43962721E+00   6.28144432E-01
    155  -1.00756329E+01  -9.44571691E+00   6.29915942E-01
    156  -1.00838237E+01  -9.45064073E+00   6.33182998E-01
    157  -1.00911666E+01  -9.45486749E+00   6.36299155E-01
    158  -1.00980076E+01  -9.45945738E+00   6.38550223E-01
    159  -1.01050008E+01  -9.46386679E+00   6.41134046E-01
    160  -1.01114851E+01  -9.46864321E+00   6.42841861E-01
    161  -1.01178494E+01  -9.47636393E+00   6.41485496E-01
    162  -1.01244325E+01  -9.48402230E+00   6.40410189E-01
    163  -1.01279145E+01  -9.48826883E+00   6.39645666E-01
    164  -1.01314015E+01  -9.49238844E+00   6.39013048E-01
    165  -1.01369692E+01  -9.49888394E+00   6.38085254E-01
    166  -1.01421022E+01  -9.50480676E+00   6.37295452E-01
    167  -1.01484653E+01  -9.51178195E+00   6.36683370E-01
    168  -1.01546545E+01  -9.51870514E+00   6.35949330E-01
    169  -1.01584587E+01  -9.52235900E+00   6.36099722E-01
    170  -1.01621613E+01  -9.52606307E+00   6.36098225E-01
    171  -1.01654728E+01  -9.52940133E+00   6.36071501E-01
    172  -1.01688017E+01  -9.53272414E+00   6.36077520E-01
    173  -1.01735417E+01  -9.53560481E+00   6.37936888E-01
    174  -1.01781714E+01  -9.53830769E+00   6.39863719E-01
    175  -1.01816293E+01  -9.54133681E+00   6.40292481E-01
    176  -1.01852046E+01  -9.54367054E+00   6.41534055E-01
    177  -1.01890623E+01  -9.54636592E+00   6.42696423E-01
    178  -1.01928415E+01  -9.54905382E+00   6.43787648E-01
    179  -1.01965109E+01  -9.55271746E+00   6.43793430E-01
    180  -1.02001767E+01  -9.55639712E+00   6.43779579E-01
    181  -1.02028795E+01  -9.55938826E+00   6.43491248E-01
    182  -1.02057211E+01  -9.56236578E+00   6.43355359E-01
    183  -1.02085279E+01  -9.56490220E+00   6.43625667E-01
    184  -1.02113876E+01  -9.56763734E+00   6.43750218E-01
    185  -1.02149102E+01  -9.56996618E+00   6.44943999E-01
    186  -1.02177815E+01  -9.57244552E+00   6.45336007E-01
    187  -1.02213353E+01  -9.57509231E+00   6.46243024E-01
    188  -1.02252237E+01  -9.57765349E+00   6.47570226E-01
    189  -1.02281831E+01  -9.58044288E+00   6.47740169E-01
    190  -1.02311675E+01  -9.58326088E+00   6.47906655E-01
    191  -1.02345111E+01  -9.58634961E+00   6.48161449E-01
    192  -1.02377904E+01  -9.58954670E+00   6.48243739E-01
    193  -1.02402140E+01  -9.59211103E+00   6.48102956E-01
    194  -1.02433409E+01  -9.59435441E+00   6.48986464E-01
    195  -1.02459416E+01  -9.59690563E+00   6.49035992E-01
    196  -1.02487878E+01  -9.59935040E+00   6.49437417E-01
    197  -1.02529761E+01  -9.60317707E+00   6.49798998E-01
    198  -1.02572164E+01  -9.60702415E+00   6.50192288E-01
    199  -1.02607100E+01  -9.61032854E+00   6.50381502E-01
    200  -1.02645064E+01  -9.61278007E+00   6.51726373E-01
    201  -1.02671342E+01  -9.61495960E+00   6.52174640E-01
    202  -1.02697992E+01  -9.61764176E+00   6.52157407E-01
    203  -1.02724179E+01  -9.62042750E+00   6.51990359E-01
    204  -1.02749878E+01  -9.62262999E+00   6.52357803E-01
    205  -1.02782215E+01  -9.62512155E+00   6.53099936E-01
    206  -1.02814633E+01  -9.62753193E+00   6.53931337E-01
    207  -1.02849529E+01  -9.63001508E+00   6.54937840E-01
    208  -1.02884348E+01  -9.63257624E+00   6.55858575E-01
    209  -1.02917115E+01  -9.63521458E+00   6.56496943E-01
    210  -1.02947698E+01  -9.63771055E+00   6.57059224E-01
    211  -1.02974191E+01  -9.63992364E+00   6.57495473E-01
    212  -1.03001969E+01  -9.64235508E+00   6.57841866E-01
    213  -1.03031280E+01  -9.64528933E+00   6.57838707E-01
    214  -1.03059705E+01  -9.64800612E+00   6.57964328E-01
    215  -1.03083165E+01  -9.65005417E+00   6.58262362E-01
    216  -1.03107501E+01  -9.65232183E+00   6.58428275E-01
    217  -1.03126590E+01  -9.65408674E+00   6.58572215E-01
    218  -1.03143632E+01  -9.65547669E+00   6.58886541E-01
    219  -1.03169190E+01  -9.65734427E+00   6.59574702E-01
    220  -1.03197039E+01  -9.65951257E+00   6.60191290E-01
    221  -1.03213371E+01  -9.66107588E+00   6.60261204E-01
    222  -1.03230033E+01  -9.66267835E+00   6.60324938E-01
    223  -1.03247397E+01  -9.66478922E+00   6.59950469E-01
    224  -1.03265113E+01  -9.66693975E+00   6.59571559E-01
    225  -1.03289840E+01  -9.66921724E+00   6.59766762E-01
    226  -1.03313346E+01  -9.67140420E+00   6.59930372E-01
    227  -1.03332880E+01  -9.67330373E+00   6.59984274E-01
    228  -1.03351711E+01  -9.67500120E+00   6.60169862E-01
    229  -1.03368257E+01  -9.67661113E+00   6.60214602E-01
    230  -1.03383552E+01  -9.67826170E+00   6.60093507E-01
    231  -1.03403705E+01  -9.68011219E+00   6.60258257E-01
    232  -1.03423930E+01  -9.68196625E+00   6.60426708E-01
    233  -1.03449575E+01  -9.68399605E+00   6.60961447E-01
    234  -1.03475721E+01  -9.68627762E+00   6.61294462E-01
    235  -1.03507070E+01  -9.68838957E+00   6.62317442E-01
    236  -1.03538926E+01  -9.69075734E+00   6.63135266E-01
    237  -1.03559892E+01  -9.69282601E+00   6.63163146E-01
    238  -1.03581570E+01  -9.69471919E+00   6.63437818E-01
    239  -1.03598963E+01  -9.69675261E+00   6.63143727E-01
    240  -1.03617116E+01  -9.69867119E+00   6.63040374E-01
    241  -1.03642991E+01  -9.70102747E+00   6.63271584E-01
    242  -1.03669451E+01  -9.70343687E+00   6.63508185E-01
    243  -1.03688705E+01  -9.70503702E+00   6.63833485E-01
    244  -1.03707820E+01  -9.70669942E+00   6.64082580E-01
    245  -1.03723632E+01  -9.70794799E+00   6.64415177E-01
    246  -1.03739521E+01  -9.70914835E+00   6.64803752E-01
    247  -1.03759279E+01  -9.71081892E+00   6.65108985E-01
    248  -1.03779544E+01  -9.71247901E+00   6.65475365E-01
    249  -1.03801939E+01  -9.71431496E+00   6.65878988E-01
    250  -1.03825219E+01  -9.71624739E+00   6.66274480E-01
    251  -1.03848978E+01  -9.71836718E+00   6.66530633E-01
    252  -1.03871281E+01  -9.72043544E+00   6.66692653E-01
    253  -1.03896363E+01  -9.72262283E+00   6.67013438E-01
    254  -1.03922657E+01  -9.72475721E+00   6.67508456E-01
    255  -1.03947706E+01  -9.72669939E+00   6.68071196E-01
    256  -1.03972189E+01  -9.72865278E+00   6.68566114E-01
    257  -1.03991825E+01  -9.73023505E+00   6.68947491E-01
    258  -1.04011155E+01  -9.73188135E+00   6.69234181E-01
    259  -1.04029504E+01  -9.73358150E+00   6.69368926E-01
    260  -1.04048019E+01  -9.73522490E+00   6.69577026E-01
    261  -1.04065214E+01  -9.73682827E+00   6.69693178E-01
    262  -1.04082642E+01  -9.73828294E+00   6.69981251E-01
    263  -1.04103322E+01  -9.74017077E+00   6.70161431E-01
    264  -1.04124565E+01  -9.74190364E+00   6.70552818E-01
    265  -1.04143068E+01  -9.74383301E+00   6.70473752E-01
    266  -1.04162460E+01  -9.74565170E+00   6.70594315E-01
    267  -1.04176330E+01  -9.74704898E+00   6.70583984E-01
    268  -1.04190294E+01  -9.74843431E+00   6.70595137E-01
    269  -1.04204665E+01  -9.74988060E+00   6.70585863E-01
    270  -1.04219078E+01  -9.75132469E+00   6.70583101E-01
    271  -1.04233629E+01  -9.75262623E+00   6.70736667E-01
    272  -1.04248032E+01  -9.75392886E+00   6.70874376E-01
    273  -1.04261088E+01  -9.75522272E+00   6.70886102E-01
    274  -1.04275121E+01  -9.75644702E+00   6.71065134E-01
    275  -1.04287539E+01  -9.75751265E+00   6.71241241E-01
    276  -1.04298518E+01  -9.75868072E+00   6.71171084E-01
    277  -1.04307846E+01  -9.75972721E+00   6.71057381E-01
    278  -1.04317366E+01  -9.76072749E+00   6.71009144E-01
    279  -1.04329226E+01  -9.76222089E+00   6.70701709E-01
    280  -1.04341090E+01  -9.76371550E+00   6.70393517E-01
    281  -1.04354615E+01  -9.76515046E+00   6.70311003E-01
    282  -1.04368215E+01  -9.76658810E+00   6.70233430E-01
    283  -1.04386872E+01  -9.76829179E+00   6.70395418E-01
    284  -1.04405451E+01  -9.76999272E+00   6.70552342E-01
    285  -1.04418896E+01  -9.77091957E+00   6.70970035E-01
    286  -1.04432207E+01  -9.77194085E+00   6.71279865E-01
    287  -1.04444132E+01  -9.77286508E+00   6.71548166E-01
    288  -1.04455916E+01  -9.77389006E+00   6.71701584E-01
    289  -1.04471324E+01  -9.77495387E+00   6.72178563E-01
    290  -1.04486859E+01  -9.77599812E+00   6.72687740E-01
    291  -1.04500578E+01  -9.77701221E+00   6.73045552E-01
    292  -1.04514302E+01  -9.77805181E+00   6.73378428E-01
    293  -1.04522726E+01  -9.77891789E+00   6.73354742E-01
    294  -1.04531219E+01  -9.77978593E+00   6.73335955E-01
    295  -1.04542193E+01  -9.78071676E+00   6.73502591E-01
    296  -1.04553177E+01  -9.78164695E+00   6.73670787E-01
    297  -1.04563708E+01  -9.78276407E+00   6.73606685E-01
    298  -1.04574835E+01  -9.78380796E+00   6.73675499E-01
    299  -1.04586414E+01  -9.78479068E+00   6.73850773E-01
    300  -1.04597483E+01  -9.78583303E+00   6.73915250E-01
    301  -1.04609607E+01  -9.78700167E+00   6.73959038E-01
    302  -1.04621740E+01  -9.78824669E+00   6.73927292E-01
    303  -1.04635011E+01  -9.78938439E+00   6.74116664E-01
    304  -1.04648307E+01  -9.79044841E+00   6.74382277E-01
    305  -1.04658838E+01  -9.79188279E+00   6.74001032E-01
    306  -1.04670449E+01  -9.79319612E+00   6.73848777E-01
    307  -1.04680872E+01  -9.79414715E+00   6.73940041E-01
    308  -1.04690437E+01  -9.79519334E+00   6.73850382E-01
