 # Column 1: omega
 # Column 2: eps2(omega)
 # Column 3: eps1(omega)
 # Column 4: JDOS(omega)
     0.000000000     0.000000000     4.673190252     0.000000000
     0.010000000     0.000000000     4.673254050     0.000000000
     0.020000000     0.000000000     4.673445457     0.000000000
     0.030000000     0.000000000     4.673764513     0.000000000
     0.040000000     0.000000000     4.674211282     0.000000000
     0.050000000     0.000000000     4.674785856     0.000000000
     0.060000000     0.000000000     4.675488354     0.000000000
     0.070000000     0.000000000     4.676318919     0.000000000
     0.080000000     0.000000000     4.677277723     0.000000000
     0.090000000     0.000000000     4.678364963     0.000000000
     0.100000000     0.000000000     4.679580861     0.000000000
     0.110000000     0.000000000     4.680925670     0.000000000
     0.120000000     0.000000000     4.682399666     0.000000000
     0.130000000     0.000000000     4.684003153     0.000000000
     0.140000000     0.000000000     4.685736463     0.000000000
     0.150000000     0.000000000     4.687599954     0.000000000
     0.160000000     0.000000000     4.689594014     0.000000000
     0.170000000     0.000000000     4.691719055     0.000000000
     0.180000000     0.000000000     4.693975519     0.000000000
     0.190000000     0.000000000     4.696363877     0.000000000
     0.200000000     0.000000000     4.698884626     0.000000000
     0.210000000     0.000000000     4.701538294     0.000000000
     0.220000000     0.000000000     4.704325436     0.000000000
     0.230000000     0.000000000     4.707246636     0.000000000
     0.240000000     0.000000000     4.710302511     0.000000000
     0.250000000     0.000000000     4.713493703     0.000000000
     0.260000000     0.000000000     4.716820887     0.000000000
     0.270000000     0.000000000     4.720284768     0.000000000
     0.280000000     0.000000000     4.723886082     0.000000000
     0.290000000     0.000000000     4.727625595     0.000000000
     0.300000000     0.000000000     4.731504106     0.000000000
     0.310000000     0.000000000     4.735522447     0.000000000
     0.320000000     0.000000000     4.739681479     0.000000000
     0.330000000     0.000000000     4.743982100     0.000000000
     0.340000000     0.000000000     4.748425239     0.000000000
     0.350000000     0.000000000     4.753011859     0.000000000
     0.360000000     0.000000000     4.757742960     0.000000000
     0.370000000     0.000000000     4.762619574     0.000000000
     0.380000000     0.000000000     4.767642769     0.000000000
     0.390000000     0.000000000     4.772813653     0.000000000
     0.400000000     0.000000000     4.778133365     0.000000000
     0.410000000     0.000000000     4.783603085     0.000000000
     0.420000000     0.000000000     4.789224032     0.000000000
     0.430000000     0.000000000     4.794997461     0.000000000
     0.440000000     0.000000000     4.800924668     0.000000000
     0.450000000     0.000000000     4.807006990     0.000000000
     0.460000000     0.000000000     4.813245802     0.000000000
     0.470000000     0.000000000     4.819642525     0.000000000
     0.480000000     0.000000000     4.826198620     0.000000000
     0.490000000     0.000000000     4.832915591     0.000000000
     0.500000000     0.000000000     4.839794989     0.000000000
     0.510000000     0.000000000     4.846838408     0.000000000
     0.520000000     0.000000000     4.854047489     0.000000000
     0.530000000     0.000000000     4.861423921     0.000000000
     0.540000000     0.000000000     4.868969439     0.000000000
     0.550000000     0.000000000     4.876685829     0.000000000
     0.560000000     0.000000000     4.884574928     0.000000000
     0.570000000     0.000000000     4.892638623     0.000000000
     0.580000000     0.000000000     4.900878855     0.000000000
     0.590000000     0.000000000     4.909297617     0.000000000
     0.600000000     0.000000000     4.917896960     0.000000000
     0.610000000     0.000000000     4.926678988     0.000000000
     0.620000000     0.000000000     4.935645866     0.000000000
     0.630000000     0.000000000     4.944799816     0.000000000
     0.640000000     0.000000000     4.954143122     0.000000000
     0.650000000     0.000000000     4.963678129     0.000000000
     0.660000000     0.000000000     4.973407246     0.000000000
     0.670000000     0.000000000     4.983332949     0.000000000
     0.680000000     0.000000000     4.993457777     0.000000000
     0.690000000     0.000000000     5.003784341     0.000000000
     0.700000000     0.000000000     5.014315322     0.000000000
     0.710000000     0.000000000     5.025053472     0.000000000
     0.720000000     0.000000000     5.036001618     0.000000000
     0.730000000     0.000000000     5.047162662     0.000000000
     0.740000000     0.000000000     5.058539586     0.000000000
     0.750000000     0.000000000     5.070135451     0.000000000
     0.760000000     0.000000000     5.081953400     0.000000000
     0.770000000     0.000000000     5.093996663     0.000000000
     0.780000000     0.000000000     5.106268555     0.000000000
     0.790000000     0.000000000     5.118772481     0.000000000
     0.800000000     0.000000000     5.131511938     0.000000000
     0.810000000     0.000000000     5.144490519     0.000000000
     0.820000000     0.000000000     5.157711912     0.000000000
     0.830000000     0.000000000     5.171179908     0.000000000
     0.840000000     0.000000000     5.184898399     0.000000000
     0.850000000     0.000000000     5.198871384     0.000000000
     0.860000000     0.000000000     5.213102972     0.000000000
     0.870000000     0.000000000     5.227597384     0.000000000
     0.880000000     0.000000000     5.242358958     0.000000000
     0.890000000     0.000000000     5.257392149     0.000000000
     0.900000000     0.000000000     5.272701538     0.000000000
     0.910000000     0.000000000     5.288291832     0.000000000
     0.920000000     0.000000000     5.304167869     0.000000000
     0.930000000     0.000000000     5.320334622     0.000000000
     0.940000000     0.000000000     5.336797204     0.000000000
     0.950000000     0.000000000     5.353560870     0.000000000
     0.960000000     0.000000000     5.370631025     0.000000000
     0.970000000     0.000000000     5.388013228     0.000000000
     0.980000000     0.000000000     5.405713193     0.000000000
     0.990000000     0.000000000     5.423736800     0.000000000
     1.000000000     0.000000000     5.442090097     0.000000000
     1.010000000     0.000000000     5.460779305     0.000000000
     1.020000000     0.000000000     5.479810828     0.000000000
     1.030000000     0.000000000     5.499191253     0.000000000
     1.040000000     0.000000000     5.518927361     0.000000000
     1.050000000     0.000000000     5.539026131     0.000000000
     1.060000000     0.000000000     5.559494750     0.000000000
     1.070000000     0.000000000     5.580340615     0.000000000
     1.080000000     0.000000000     5.601571347     0.000000000
     1.090000000     0.000000000     5.623194791     0.000000000
     1.100000000     0.000000000     5.645219030     0.000000000
     1.110000000     0.000000000     5.667652394     0.000000000
     1.120000000     0.000000000     5.690503461     0.000000000
     1.130000000     0.000000000     5.713781077     0.000000000
     1.140000000     0.000000000     5.737494356     0.000000000
     1.150000000     0.000000000     5.761652696     0.000000000
     1.160000000     0.000000000     5.786265787     0.000000000
     1.170000000     0.000000000     5.811343620     0.000000000
     1.180000000     0.000000000     5.836896503     0.000000000
     1.190000000     0.000000000     5.862935069     0.000000000
     1.200000000     0.000000000     5.889470290     0.000000000
     1.210000000     0.000000000     5.916513489     0.000000000
     1.220000000     0.000000000     5.944076355     0.000000000
     1.230000000     0.000000000     5.972170953     0.000000000
     1.240000000     0.000000000     6.000809745     0.000000000
     1.250000000     0.000000000     6.030005600     0.000000000
     1.260000000     0.000000000     6.059771813     0.000000000
     1.270000000     0.000000000     6.090122121     0.000000000
     1.280000000     0.000000000     6.121070719     0.000000000
     1.290000000     0.000000000     6.152632283     0.000000000
     1.300000000     0.000000000     6.184821982     0.000000000
     1.310000000     0.000000001     6.217655507     0.000000000
     1.320000000     0.000000001     6.251149085     0.000000000
     1.330000000     0.000000002     6.285319504     0.000000000
     1.340000000     0.000000002     6.320184137     0.000000000
     1.350000000     0.000000004     6.355760965     0.000000000
     1.360000000     0.000000006     6.392068602     0.000000000
     1.370000000     0.000000009     6.429126325     0.000000001
     1.380000000     0.000000015     6.466954096     0.000000001
     1.390000000     0.000000022     6.505572599     0.000000002
     1.400000000     0.000000034     6.545003265     0.000000002
     1.410000000     0.000000053     6.585268307     0.000000004
     1.420000000     0.000000080     6.626390752     0.000000006
     1.430000000     0.000000121     6.668394478     0.000000009
     1.440000000     0.000000183     6.711304254     0.000000013
     1.450000000     0.000000275     6.755145774     0.000000020
     1.460000000     0.000000411     6.799945701     0.000000029
     1.470000000     0.000000611     6.845731710     0.000000044
     1.480000000     0.000000906     6.892532533     0.000000064
     1.490000000     0.000001338     6.940378008     0.000000095
     1.500000000     0.000001966     6.989299127     0.000000139
     1.510000000     0.000002876     7.039328089     0.000000203
     1.520000000     0.000004188     7.090498356     0.000000295
     1.530000000     0.000006074     7.142844708     0.000000427
     1.540000000     0.000008769     7.196403309     0.000000616
     1.550000000     0.000012606     7.251211763     0.000000884
     1.560000000     0.000018041     7.307309187     0.000001262
     1.570000000     0.000025707     7.364736278     0.000001795
     1.580000000     0.000036471     7.423535385     0.000002541
     1.590000000     0.000051514     7.483750587     0.000003583
     1.600000000     0.000072444     7.545427774     0.000005029
     1.610000000     0.000101432     7.608614728     0.000007027
     1.620000000     0.000141398     7.673361209     0.000009778
     1.630000000     0.000196249     7.739719053     0.000013545
     1.640000000     0.000271187     7.807742258     0.000018681
     1.650000000     0.000373100     7.877487088     0.000025653
     1.660000000     0.000511068     7.949012173     0.000035073
     1.670000000     0.000696993     8.022378617     0.000047743
     1.680000000     0.000946401     8.097650104     0.000064706
     1.690000000     0.001279437     8.174893015     0.000087314
     1.700000000     0.001722105     8.254176538     0.000117307
     1.710000000     0.002307800     8.335572793     0.000156916
     1.720000000     0.003079174     8.419156947     0.000208986
     1.730000000     0.004090422     8.505007336     0.000277121
     1.740000000     0.005410035     8.593205589     0.000365871
     1.750000000     0.007124104     8.683836749     0.000480941
     1.760000000     0.009340257     8.776989387     0.000629452
     1.770000000     0.012192311     8.872755720     0.000820241
     1.780000000     0.015845721     8.971231721     0.001064213
     1.790000000     0.020503923     9.072517211     0.001374752
     1.800000000     0.026415639     9.176715949     0.001768197
     1.810000000     0.033883217     9.283935699     0.002264372
     1.820000000     0.043272074     9.394288279     0.002887200
     1.830000000     0.055021261     9.507889574     0.003665376
     1.840000000     0.069655162     9.624859521     0.004633126
     1.850000000     0.087796298     9.745322045     0.005831017
     1.860000000     0.110179152     9.869404938     0.007306851
     1.870000000     0.137664878     9.997239664     0.009116603
     1.880000000     0.171256705    10.128961085     0.011325405
     1.890000000     0.212115744    10.264707073     0.014008559
     1.900000000     0.261576850    10.404617986     0.017252553
     1.910000000     0.321164091    10.548835995     0.021156054
     1.920000000     0.392605267    10.697504196     0.025830843
     1.930000000     0.477844861    10.850765493     0.031402659
     1.940000000     0.579054670    11.008761178     0.038011892
     1.950000000     0.698641311    11.171629151     0.045814098
     1.960000000     0.839249703    11.339501702     0.054980260
     1.970000000     1.003761578    11.512502761     0.065696751
     1.980000000     1.195288042    11.690744486     0.078164930
     1.990000000     1.417155206    11.874323075     0.092600322
     2.000000000     1.672881947    12.063313601     0.109231310
     2.010000000     1.966148936    12.257763687     0.128297304
     2.020000000     2.300758187    12.457685755     0.150046325
     2.030000000     2.680582591    12.663047549     0.174731978
     2.040000000     3.109505101    12.873760578     0.202609792
     2.050000000     3.591347519    13.089666011     0.233932919
     2.060000000     4.129789201    13.310517527     0.268947211
     2.070000000     4.728276340    13.535960465     0.307885709
     2.080000000     5.389922922    13.765506545     0.350962598
     2.090000000     6.117404862    13.998503269     0.398366737
     2.100000000     6.912849314    14.234096999     0.450254840
     2.110000000     7.777721535    14.471188551     0.506744488
     2.120000000     8.712712125    14.708380015     0.567907090
     2.130000000     9.717627804    14.943911425     0.633761014
     2.140000000    10.791289190    15.175585862     0.704265066
     2.150000000    11.931439219    15.400681714     0.779312531
     2.160000000    13.134665952    15.615851088     0.858726009
     2.170000000    14.396343457    15.817004088     0.942253244
     2.180000000    15.710594287    15.999179810     1.029564179
     2.190000000    17.070276722    16.156406829     1.120249405
     2.200000000    18.466999513    16.281558882     1.213820196
     2.210000000    19.891166187    16.366215686     1.309710245
     2.220000000    21.332050265    16.400544643     1.407279215
     2.230000000    22.777901863    16.373226737     1.505818139
     2.240000000    24.216085196    16.271458847     1.604556665
     2.250000000    25.633245490    16.081074206     1.702672100
     2.260000000    27.015502811    15.786830706     1.799300119
     2.270000000    28.348669273    15.372919892     1.893546981
     2.280000000    29.618485180    14.823743030     1.984503010
     2.290000000    30.810868812    14.124979165     2.071257077
     2.300000000    31.912173855    13.264929330     2.152911750
     2.310000000    32.909447988    12.236060964     2.228598782
     2.320000000    33.790685824    11.036604394     2.297494532
     2.330000000    34.545069296     9.671985113     2.358834963
     2.340000000    35.163188794     8.155834325     2.411929811
     2.350000000    35.637238709     6.510327307     2.456175564
     2.360000000    35.961181718     4.765665813     2.491066912
     2.370000000    36.130876942     2.958641050     2.516206349
     2.380000000    36.144168199     1.130366283     2.531311691
     2.390000000    36.000929694    -0.676578278     2.536221290
     2.400000000    35.703067806    -2.421224062     2.530896832
     2.410000000    35.254478932    -4.067093535     2.515423638
     2.420000000    34.660964693    -5.584484425     2.490008486
     2.430000000    33.930107087    -6.951876868     2.454975014
     2.440000000    33.071107338    -8.156356991     2.410756873
     2.450000000    32.094593220    -9.193137693     2.357888795
     2.460000000    31.012400516   -10.064403037     2.296995874
     2.470000000    29.837334858   -10.777772490     2.228781327
     2.480000000    28.582920652   -11.344671553     2.154013082
     2.490000000    27.263143921   -11.778828800     2.073509548
     2.500000000    25.892195849   -12.095029200     1.988124928
     2.510000000    24.484223508   -12.308169692     1.898734433
     2.520000000    23.053093728   -12.432602531     1.806219755
     2.530000000    21.612175416   -12.481719332     1.711455112
     2.540000000    20.174144782   -12.467718994     1.615294166
     2.550000000    18.750817008   -12.401507050     1.518558065
     2.560000000    17.353006909   -12.292684338     1.422024817
     2.570000000    15.990420115   -12.149593825     1.326420149
     2.580000000    14.671575298   -11.979403371     1.232409975
     2.590000000    13.403757048   -11.788208821     1.140594515
     2.600000000    12.192998124   -11.581146394     1.051504098
     2.610000000    11.044089063   -11.362506612     0.965596587
     2.620000000     9.960612519   -11.135844475     0.883256383
     2.630000000     8.944999222   -10.904082403     0.804794874
     2.640000000     7.998602118   -10.669603960     0.730452218
     2.650000000     7.121785056   -10.434337440     0.660400270
     2.660000000     6.314022362   -10.199829183     0.594746513
     2.670000000     5.574005680    -9.967307037     0.533538784
     2.680000000     4.899754686    -9.737734690     0.476770624
     2.690000000     4.288728525    -9.511857778     0.424387074
     2.700000000     3.737935186    -9.290242743     0.376290721
     2.710000000     3.244036404    -9.073309373     0.332347868
     2.720000000     2.803446139    -8.861357943     0.292394648
     2.730000000     2.412421070    -8.654591748     0.256242974
     2.740000000     2.067142013    -8.453135759     0.223686219
     2.750000000     1.763785532    -8.257052025     0.194504513
     2.760000000     1.498585436    -8.066352356     0.168469626
     2.770000000     1.267884138    -7.881008746     0.145349352
     2.780000000     1.068174162    -7.700961926     0.124911394
     2.790000000     0.896130314    -7.526128361     0.106926706
     2.800000000     0.748633193    -7.356405969     0.091172331
     2.810000000     0.622784878    -7.191678779     0.077433705
     2.820000000     0.515917683    -7.031820718     0.065506496
     2.830000000     0.425596939    -6.876698687     0.055197972
     2.840000000     0.349618742    -6.726175036     0.046327967
     2.850000000     0.286003588    -6.580109557     0.038729471
     2.860000000     0.232986795    -6.438361088     0.032248890
     2.870000000     0.189006484    -6.300788772     0.026746038
     2.880000000     0.152689872    -6.167253062     0.022093887
     2.890000000     0.122838493    -6.037616500     0.018178130
     2.900000000     0.098412910    -5.911744314     0.014896594
     2.910000000     0.078517357    -5.789504875     0.012158548
     2.920000000     0.062384678    -5.670770030     0.009883930
     2.930000000     0.049361868    -5.555415333     0.008002523
     2.940000000     0.038896393    -5.443320208     0.006453118
     2.950000000     0.030523468    -5.334368040     0.005182674
     2.960000000     0.023854373    -5.228446215     0.004145489
     2.970000000     0.018565832    -5.125446128     0.003302412
     2.980000000     0.014390500    -5.025263145     0.002620091
     2.990000000     0.011108492    -4.927796554     0.002070272
     3.000000000     0.008539941    -4.832949485     0.001629146
     3.010000000     0.006538495    -4.740628821     0.001276764
     3.020000000     0.004985706    -4.650745096     0.000996495
     3.030000000     0.003786204    -4.563212389     0.000774551
     3.040000000     0.002863602    -4.477948205     0.000599557
     3.050000000     0.002157024    -4.394873359     0.000462183
     3.060000000     0.001618205    -4.313911858     0.000354810
     3.070000000     0.001209068    -4.234990778     0.000271252
     3.080000000     0.000899724    -4.158040148     0.000206510
     3.090000000     0.000666824    -4.082992830     0.000156566
     3.100000000     0.000492220    -4.009784404     0.000118205
     3.110000000     0.000361872    -3.938353056     0.000088871
     3.120000000     0.000264973    -3.868639470     0.000066536
     3.130000000     0.000193241    -3.800586717     0.000049605
     3.140000000     0.000140363    -3.734140158     0.000036827
     3.150000000     0.000101545    -3.669247341     0.000027226
     3.160000000     0.000073169    -3.605857905     0.000020043
     3.170000000     0.000052511    -3.543923494     0.000014692
     3.180000000     0.000037535    -3.483397661     0.000010725
     3.190000000     0.000026723    -3.424235790     0.000007795
     3.200000000     0.000018949    -3.366395014     0.000005642
     3.210000000     0.000013383    -3.309834136     0.000004066
     3.220000000     0.000009415    -3.254513554     0.000002918
     3.230000000     0.000006596    -3.200395196     0.000002085
     3.240000000     0.000004603    -3.147442447     0.000001484
     3.250000000     0.000003200    -3.095620089     0.000001051
     3.260000000     0.000002215    -3.044894237     0.000000741
     3.270000000     0.000001528    -2.995232281     0.000000521
     3.280000000     0.000001049    -2.946602831     0.000000364
     3.290000000     0.000000718    -2.898975665     0.000000254
     3.300000000     0.000000489    -2.852321675     0.000000176
     3.310000000     0.000000332    -2.806612823     0.000000121
     3.320000000     0.000000224    -2.761822092     0.000000083
     3.330000000     0.000000151    -2.717923444     0.000000057
     3.340000000     0.000000101    -2.674891777     0.000000039
     3.350000000     0.000000068    -2.632702885     0.000000026
     3.360000000     0.000000045    -2.591333422     0.000000018
     3.370000000     0.000000030    -2.550760866     0.000000012
     3.380000000     0.000000020    -2.510963481     0.000000008
     3.390000000     0.000000013    -2.471920288     0.000000005
     3.400000000     0.000000008    -2.433611034     0.000000004
     3.410000000     0.000000006    -2.396016157     0.000000002
     3.420000000     0.000000004    -2.359116765     0.000000002
     3.430000000     0.000000002    -2.322894603     0.000000001
     3.440000000     0.000000001    -2.287332030     0.000000001
     3.450000000     0.000000001    -2.252411993     0.000000000
     3.460000000     0.000000001    -2.218118005     0.000000000
     3.470000000     0.000000000    -2.184434121     0.000000000
     3.480000000     0.000000000    -2.151344917     0.000000000
     3.490000000     0.000000000    -2.118835471     0.000000000
     3.500000000     0.000000000    -2.086891342     0.000000000
     3.510000000     0.000000000    -2.055498549     0.000000000
     3.520000000     0.000000000    -2.024643559     0.000000000
     3.530000000     0.000000000    -1.994313265     0.000000000
     3.540000000     0.000000000    -1.964494971     0.000000000
     3.550000000     0.000000000    -1.935176376     0.000000000
     3.560000000     0.000000000    -1.906345564     0.000000000
     3.570000000     0.000000000    -1.877990980     0.000000000
     3.580000000     0.000000000    -1.850101425     0.000000000
     3.590000000     0.000000000    -1.822666039     0.000000000
     3.600000000     0.000000000    -1.795674291     0.000000000
     3.610000000     0.000000000    -1.769115963     0.000000000
     3.620000000     0.000000000    -1.742981142     0.000000000
     3.630000000     0.000000000    -1.717260209     0.000000000
     3.640000000     0.000000000    -1.691943826     0.000000000
     3.650000000     0.000000000    -1.667022927     0.000000000
     3.660000000     0.000000000    -1.642488710     0.000000000
     3.670000000     0.000000000    -1.618332627     0.000000000
     3.680000000     0.000000000    -1.594546373     0.000000000
     3.690000000     0.000000000    -1.571121881     0.000000000
     3.700000000     0.000000000    -1.548051309     0.000000000
     3.710000000     0.000000000    -1.525327037     0.000000000
     3.720000000     0.000000000    -1.502941658     0.000000000
     3.730000000     0.000000000    -1.480887970     0.000000000
     3.740000000     0.000000000    -1.459158969     0.000000000
     3.750000000     0.000000000    -1.437747842     0.000000000
     3.760000000     0.000000000    -1.416647962     0.000000000
     3.770000000     0.000000000    -1.395852883     0.000000000
     3.780000000     0.000000000    -1.375356329     0.000000000
     3.790000000     0.000000000    -1.355152194     0.000000000
     3.800000000     0.000000000    -1.335234532     0.000000000
     3.810000000     0.000000000    -1.315597556     0.000000000
     3.820000000     0.000000000    -1.296235631     0.000000000
     3.830000000     0.000000000    -1.277143265     0.000000000
     3.840000000     0.000000000    -1.258315114     0.000000000
     3.850000000     0.000000000    -1.239745966     0.000000000
     3.860000000     0.000000000    -1.221430748     0.000000000
     3.870000000     0.000000000    -1.203364511     0.000000000
     3.880000000     0.000000000    -1.185542435     0.000000000
     3.890000000     0.000000000    -1.167959820     0.000000000
     3.900000000     0.000000000    -1.150612082     0.000000000
     3.910000000     0.000000000    -1.133494754     0.000000000
     3.920000000     0.000000000    -1.116603477     0.000000000
     3.930000000     0.000000000    -1.099934000     0.000000000
     3.940000000     0.000000000    -1.083482176     0.000000000
     3.950000000     0.000000000    -1.067243960     0.000000000
     3.960000000     0.000000000    -1.051215403     0.000000000
     3.970000000     0.000000000    -1.035392650     0.000000000
     3.980000000     0.000000000    -1.019771942     0.000000000
     3.990000000     0.000000000    -1.004349606     0.000000000
     4.000000000     0.000000000    -0.989122056     0.000000000
