          609    1.687232208261670        2.5000000000000001E-004 
    0.000000000000000         0.000000000000000       
 (4.5505520797656650E-002,-5.4954261255789112E-020)
   4.5505520797656650E-002    0.000000000000000         0.000000000000000      
    0.000000000000000     
   0.1745539518399227         0.000000000000000         0.000000000000000      
   0.2500000000000000     
   0.1745539518399227         0.000000000000000         0.000000000000000      
  -0.2500000000000000     
   0.1745539518399227        0.2500000000000000         0.000000000000000      
    0.000000000000000     
   0.1745539518399227       -0.2500000000000000       -0.2500000000000000      
  -0.2500000000000000     
   0.1745539518399227         0.000000000000000        0.2500000000000000      
    0.000000000000000     
   0.1745539518399227       -0.2500000000000000         0.000000000000000      
    0.000000000000000     
   0.1745539518399227        0.2500000000000000        0.2500000000000000      
   0.2500000000000000     
   0.1745539518399227         0.000000000000000       -0.2500000000000000      
    0.000000000000000     
   0.1732623682504697         0.000000000000000        0.2500000000000000      
   0.2500000000000000     
   0.1732623682504697        0.2500000000000000        0.2500000000000000      
    0.000000000000000     
   0.1732623682504697       -0.2500000000000000         0.000000000000000      
  -0.2500000000000000     
   0.1732623682504697        0.2500000000000000         0.000000000000000      
   0.2500000000000000     
   0.1732623682504697         0.000000000000000       -0.2500000000000000      
  -0.2500000000000000     
   0.1732623682504697       -0.2500000000000000       -0.2500000000000000      
    0.000000000000000     
   0.2388952090824077         0.000000000000000        0.2500000000000000      
  -0.2500000000000000     
   0.2388952090824077       -0.2500000000000000       -0.5000000000000000      
  -0.2500000000000000     
   0.2388952090824077       -0.5000000000000000       -0.2500000000000000      
  -0.2500000000000000     
   0.2388952090824077        0.5000000000000000        0.2500000000000000      
   0.2500000000000000     
   0.2388952090824077         0.000000000000000       -0.2500000000000000      
   0.2500000000000000     
   0.2388952090824077        0.2500000000000000        0.2500000000000000      
   0.5000000000000000     
   0.2388952090824077        0.2500000000000000        0.5000000000000000      
   0.2500000000000000     
   0.2388952090824077        0.2500000000000000         0.000000000000000      
  -0.2500000000000000     
   0.2388952090824077       -0.2500000000000000         0.000000000000000      
   0.2500000000000000     
   0.2388952090824077       -0.2500000000000000       -0.2500000000000000      
  -0.5000000000000000     
   0.2388952090824077       -0.2500000000000000        0.2500000000000000      
    0.000000000000000     
   0.2388952090824077        0.2500000000000000       -0.2500000000000000      
    0.000000000000000     
   0.2773628178130083         0.000000000000000        0.2500000000000000      
   0.5000000000000000     
   0.2773628178130083         0.000000000000000       -0.2500000000000000      
  -0.5000000000000000     
   0.2773628178130083        0.2500000000000000       -0.2500000000000000      
  -0.2500000000000000     
   0.2773628178130083       -0.2500000000000000       -0.5000000000000000      
  -0.5000000000000000     
   0.2773628178130083         0.000000000000000        0.5000000000000000      
   0.2500000000000000     
   0.2773628178130083        0.5000000000000000        0.2500000000000000      
   0.5000000000000000     
   0.2773628178130083       -0.2500000000000000        0.2500000000000000      
   0.2500000000000000     
   0.2773628178130083        0.2500000000000000        0.5000000000000000      
   0.5000000000000000     
   0.2773628178130083         0.000000000000000       -0.5000000000000000      
  -0.2500000000000000     
   0.2773628178130083        0.2500000000000000        0.2500000000000000      
  -0.2500000000000000     
   0.2773628178130083        0.2500000000000000       -0.2500000000000000      
   0.2500000000000000     
   0.2773628178130083       -0.5000000000000000         0.000000000000000      
  -0.2500000000000000     
   0.2773628178130083       -0.2500000000000000         0.000000000000000      
  -0.5000000000000000     
   0.2773628178130083        0.5000000000000000         0.000000000000000      
   0.2500000000000000     
   0.2773628178130083        0.5000000000000000        0.5000000000000000      
   0.2500000000000000     
   0.2773628178130083       -0.2500000000000000       -0.5000000000000000      
    0.000000000000000     
   0.2773628178130083       -0.5000000000000000       -0.2500000000000000      
    0.000000000000000     
   0.2773628178130083        0.2500000000000000        0.5000000000000000      
    0.000000000000000     
   0.2773628178130083        0.2500000000000000         0.000000000000000      
   0.5000000000000000     
   0.2773628178130083       -0.2500000000000000        0.2500000000000000      
  -0.2500000000000000     
   0.2773628178130083       -0.5000000000000000       -0.2500000000000000      
  -0.5000000000000000     
   0.2773628178130083       -0.5000000000000000       -0.5000000000000000      
  -0.2500000000000000     
   0.2773628178130083        0.5000000000000000        0.2500000000000000      
    0.000000000000000     
   0.2773628178130083       -0.2500000000000000       -0.2500000000000000      
   0.2500000000000000     
   0.3344120658006608         0.000000000000000         0.000000000000000      
  -0.5000000000000000     
   0.3344120658008425         0.000000000000000         0.000000000000000      
   0.5000000000000000     
   0.3344120658006608       -0.5000000000000000         0.000000000000000      
    0.000000000000000     
   0.3344120658006608        0.5000000000000000        0.5000000000000000      
   0.5000000000000000     
   0.3344120658006608         0.000000000000000       -0.5000000000000000      
    0.000000000000000     
   0.3344120658008425        0.5000000000000000         0.000000000000000      
    0.000000000000000     
   0.3344120658008425       -0.5000000000000000       -0.5000000000000000      
  -0.5000000000000000     
   0.3344120658008425         0.000000000000000        0.5000000000000000      
    0.000000000000000     
   0.3359159032174156         0.000000000000000       -0.5000000000000000      
  -0.5000000000000000     
   0.3359159032177529        0.5000000000000000         0.000000000000000      
   0.5000000000000000     
   0.3359159032177529         0.000000000000000        0.5000000000000000      
   0.5000000000000000     
   0.3359159032174156       -0.5000000000000000       -0.5000000000000000      
    0.000000000000000     
   0.3359159032174156       -0.5000000000000000         0.000000000000000      
  -0.5000000000000000     
   0.3359159032177529        0.5000000000000000        0.5000000000000000      
    0.000000000000000     
   0.3780356428619626         0.000000000000000        0.2500000000000000      
  -0.5000000000000000     
   0.3780356428619626         0.000000000000000       -0.2500000000000000      
   0.5000000000000000     
   0.3780356428619626       -0.7500000000000000       -0.2500000000000000      
  -0.2500000000000000     
   0.3780356428619626        0.7500000000000000        0.5000000000000000      
   0.5000000000000000     
   0.3780356428619626         0.000000000000000       -0.5000000000000000      
   0.2500000000000000     
   0.3780356428619626        0.7500000000000000        0.2500000000000000      
   0.2500000000000000     
   0.3780356428619626       -0.7500000000000000       -0.5000000000000000      
  -0.5000000000000000     
   0.3780356428619626         0.000000000000000        0.5000000000000000      
  -0.2500000000000000     
   0.3780356428619626        0.2500000000000000        0.2500000000000000      
   0.7500000000000000     
   0.3780356428619626        0.2500000000000000        0.7500000000000000      
   0.2500000000000000     
   0.3780356428619626        0.5000000000000000         0.000000000000000      
  -0.2500000000000000     
   0.3780356428619626       -0.2500000000000000         0.000000000000000      
   0.5000000000000000     
   0.3780356428619626       -0.5000000000000000         0.000000000000000      
   0.2500000000000000     
   0.3780356428619626       -0.5000000000000000       -0.5000000000000000      
  -0.7500000000000000     
   0.3780356428619626       -0.2500000000000000        0.5000000000000000      
    0.000000000000000     
   0.3780356428619626        0.5000000000000000       -0.2500000000000000      
    0.000000000000000     
   0.3780356428619626        0.2500000000000000       -0.5000000000000000      
    0.000000000000000     
   0.3780356428619626        0.2500000000000000         0.000000000000000      
  -0.5000000000000000     
   0.3780356428619626       -0.2500000000000000       -0.7500000000000000      
  -0.2500000000000000     
   0.3780356428619626        0.5000000000000000        0.5000000000000000      
   0.7500000000000000     
   0.3780356428619626       -0.5000000000000000        0.2500000000000000      
    0.000000000000000     
   0.3780356428619626       -0.2500000000000000       -0.2500000000000000      
  -0.7500000000000000     
   0.3780356428619626       -0.5000000000000000       -0.7500000000000000      
  -0.5000000000000000     
   0.3780356428619626        0.5000000000000000        0.7500000000000000      
   0.5000000000000000     
   0.3732226516061077        0.7500000000000000        0.5000000000000000      
   0.2500000000000000     
   0.3732226516061077       -0.7500000000000000       -0.5000000000000000      
  -0.2500000000000000     
   0.3732226516061077        0.5000000000000000        0.7500000000000000      
   0.2500000000000000     
   0.3732226516064976       -0.5000000000000000       -0.7500000000000000      
  -0.2500000000000000     
   0.3732226516061077       -0.7500000000000000       -0.2500000000000000      
  -0.5000000000000000     
   0.3732226516066315        0.2500000000000000       -0.5000000000000000      
  -0.2500000000000000     
   0.3732226516061077        0.5000000000000000        0.2500000000000000      
  -0.2500000000000000     
   0.3732226516061077        0.7500000000000000        0.2500000000000000      
   0.5000000000000000     
   0.3732226516066315       -0.5000000000000000        0.2500000000000000      
  -0.2500000000000000     
   0.3732226516066315       -0.2500000000000000        0.2500000000000000      
   0.5000000000000000     
   0.3732226516066315        0.2500000000000000        0.7500000000000000      
   0.5000000000000000     
   0.3732226516066315       -0.2500000000000000       -0.5000000000000000      
  -0.7500000000000000     
   0.3732226516064976        0.2500000000000000       -0.2500000000000000      
   0.5000000000000000     
   0.3732226516064976       -0.2500000000000000       -0.5000000000000000      
   0.2500000000000000     
   0.3732226516064976        0.2500000000000000        0.5000000000000000      
  -0.2500000000000000     
   0.3732226516066315        0.5000000000000000       -0.2500000000000000      
   0.2500000000000000     
   0.3732226516071049        0.2500000000000000        0.5000000000000000      
   0.7500000000000000     
   0.3732226516064976       -0.5000000000000000       -0.2500000000000000      
   0.2500000000000000     
   0.3732226516064976       -0.2500000000000000        0.2500000000000000      
  -0.5000000000000000     
   0.3732226516071049        0.5000000000000000        0.2500000000000000      
   0.7500000000000000     
   0.3732226516071049       -0.2500000000000000       -0.7500000000000000      
  -0.5000000000000000     
   0.3732226516071049        0.2500000000000000       -0.2500000000000000      
  -0.5000000000000000     
   0.3732226516071049       -0.2500000000000000        0.5000000000000000      
   0.2500000000000000     
   0.3732226516071049       -0.5000000000000000       -0.2500000000000000      
  -0.7500000000000000     
   0.4237521249790204         0.000000000000000       -0.7500000000000000      
  -0.2500000000000000     
   0.4237521249790204       -0.2500000000000000        0.5000000000000000      
  -0.2500000000000000     
   0.4237521249790204        0.5000000000000000        0.7500000000000000      
   0.7500000000000000     
   0.4237521249790204       -0.5000000000000000        0.2500000000000000      
   0.2500000000000000     
   0.4237521249790204         0.000000000000000       -0.2500000000000000      
  -0.7500000000000000     
   0.4237521249790204       -0.7500000000000000       -0.7500000000000000      
  -0.5000000000000000     
   0.4237521249790204       -0.7500000000000000       -0.5000000000000000      
  -0.7500000000000000     
   0.4237521249790204        0.2500000000000000         0.000000000000000      
   0.7500000000000000     
   0.4237521249790204        0.7500000000000000         0.000000000000000      
   0.2500000000000000     
   0.4237521249800270         0.000000000000000        0.2500000000000000      
   0.7500000000000000     
   0.4237521249790204       -0.2500000000000000       -0.2500000000000000      
   0.5000000000000000     
   0.4237521249790204        0.7500000000000000        0.2500000000000000      
    0.000000000000000     
   0.4237521249790204        0.2500000000000000        0.7500000000000000      
    0.000000000000000     
   0.4237521249800270        0.7500000000000000        0.5000000000000000      
   0.7500000000000000     
   0.4237521249800270        0.5000000000000000       -0.2500000000000000      
  -0.2500000000000000     
   0.4237521249800270       -0.5000000000000000       -0.7500000000000000      
  -0.7500000000000000     
   0.4237521249800270         0.000000000000000        0.7500000000000000      
   0.2500000000000000     
   0.4237521249800270        0.2500000000000000        0.2500000000000000      
  -0.5000000000000000     
   0.4237521249800270        0.2500000000000000       -0.5000000000000000      
   0.2500000000000000     
   0.4237521249800270       -0.7500000000000000         0.000000000000000      
  -0.2500000000000000     
   0.4237521249800270       -0.2500000000000000         0.000000000000000      
  -0.7500000000000000     
   0.4237521249800270        0.7500000000000000        0.7500000000000000      
   0.5000000000000000     
   0.4237521249800270       -0.2500000000000000       -0.7500000000000000      
    0.000000000000000     
   0.4237521249800270       -0.7500000000000000       -0.2500000000000000      
    0.000000000000000     
   0.4893666096417727         0.000000000000000         0.000000000000000      
  -0.7500000000000000     
   0.4893666096417727         0.000000000000000         0.000000000000000      
   0.7500000000000000     
   0.4893666096417727       -0.7500000000000000         0.000000000000000      
    0.000000000000000     
   0.4893666096417727        0.7500000000000000        0.7500000000000000      
   0.7500000000000000     
   0.4893666096417727         0.000000000000000       -0.7500000000000000      
    0.000000000000000     
   0.4893666096417727        0.7500000000000000         0.000000000000000      
    0.000000000000000     
   0.4893666096417727       -0.7500000000000000       -0.7500000000000000      
  -0.7500000000000000     
   0.4893666096417727         0.000000000000000        0.7500000000000000      
    0.000000000000000     
   0.4412348453763992         0.000000000000000       -0.7500000000000000      
  -0.5000000000000000     
   0.4412348453763992         0.000000000000000        0.7500000000000000      
   0.5000000000000000     
   0.4412348453763992        0.2500000000000000        0.7500000000000000      
   0.7500000000000000     
   0.4412348453763992       -0.2500000000000000        0.5000000000000000      
   0.5000000000000000     
   0.4412348453763992         0.000000000000000       -0.5000000000000000      
  -0.7500000000000000     
   0.4412348453763992       -0.5000000000000000        0.2500000000000000      
  -0.5000000000000000     
   0.4412348453763992       -0.2500000000000000       -0.7500000000000000      
  -0.7500000000000000     
   0.4412348453763992        0.2500000000000000       -0.5000000000000000      
  -0.5000000000000000     
   0.4412348453763992         0.000000000000000        0.5000000000000000      
   0.7500000000000000     
   0.4412348453763992       -0.7500000000000000       -0.7500000000000000      
  -0.2500000000000000     
   0.4412348453763992       -0.7500000000000000       -0.2500000000000000      
  -0.7500000000000000     
   0.4412348453763992        0.5000000000000000         0.000000000000000      
   0.7500000000000000     
   0.4412348453763992        0.7500000000000000         0.000000000000000      
   0.5000000000000000     
   0.4412348453763992       -0.5000000000000000         0.000000000000000      
  -0.7500000000000000     
   0.4412348453763992       -0.5000000000000000       -0.5000000000000000      
   0.2500000000000000     
   0.4412348453763992        0.7500000000000000        0.5000000000000000      
    0.000000000000000     
   0.4412348453763992        0.5000000000000000        0.7500000000000000      
    0.000000000000000     
   0.4412348453763992       -0.7500000000000000       -0.5000000000000000      
    0.000000000000000     
   0.4412348453763992       -0.7500000000000000         0.000000000000000      
  -0.5000000000000000     
   0.4412348453763992        0.7500000000000000        0.2500000000000000      
   0.7500000000000000     
   0.4412348453763992        0.5000000000000000       -0.2500000000000000      
   0.5000000000000000     
   0.4412348453763992        0.5000000000000000        0.5000000000000000      
  -0.2500000000000000     
   0.4412348453763992       -0.5000000000000000       -0.7500000000000000      
    0.000000000000000     
   0.4412348453763992        0.7500000000000000        0.7500000000000000      
   0.2500000000000000     
   0.4898209368762668        0.5000000000000000       -0.5000000000000000      
    0.000000000000000     
   0.4898209368762668        0.5000000000000000         0.000000000000000      
  -0.5000000000000000     
   0.4898209368762668        -1.000000000000000       -0.5000000000000000      
  -0.5000000000000000     
   0.4898209368744726         0.000000000000000        0.5000000000000000      
  -0.5000000000000000     
   0.4898209368734095       -0.5000000000000000       -0.5000000000000000      
   -1.000000000000000     
   0.4898209368734095        0.5000000000000000         1.000000000000000      
   0.5000000000000000     
   0.4898209368734095         0.000000000000000       -0.5000000000000000      
   0.5000000000000000     
   0.4898209368752186       -0.5000000000000000         0.000000000000000      
   0.5000000000000000     
   0.4898209368752186         1.000000000000000        0.5000000000000000      
   0.5000000000000000     
   0.4898209368744726        0.5000000000000000        0.5000000000000000      
    1.000000000000000     
   0.4898209368744726       -0.5000000000000000        -1.000000000000000      
  -0.5000000000000000     
   0.4898209368752186       -0.5000000000000000        0.5000000000000000      
    0.000000000000000     
   0.5038993203009815        -1.000000000000000       -0.7500000000000000      
  -0.5000000000000000     
   0.5038993203009815        -1.000000000000000       -0.2500000000000000      
  -0.5000000000000000     
   0.5038993203009815        0.2500000000000000        0.7500000000000000      
  -0.2500000000000000     
   0.5038993203009815       -0.2500000000000000       -0.5000000000000000      
   0.5000000000000000     
   0.5038993203009815         1.000000000000000        0.5000000000000000      
   0.2500000000000000     
   0.5038993203009815        0.5000000000000000        0.2500000000000000      
  -0.5000000000000000     
   0.5038993203009815       -0.2500000000000000        0.2500000000000000      
  -0.7500000000000000     
   0.5038993203009815        0.2500000000000000       -0.5000000000000000      
   0.5000000000000000     
   0.5038993203009815       -0.7500000000000000       -0.2500000000000000      
   0.2500000000000000     
   0.5038993203009815       -0.5000000000000000        -1.000000000000000      
  -0.2500000000000000     
   0.5038993203009815        0.7500000000000000         1.000000000000000      
   0.5000000000000000     
   0.5038993203009815       -0.5000000000000000        0.5000000000000000      
   0.2500000000000000     
   0.5038993203009815       -0.2500000000000000       -0.5000000000000000      
   -1.000000000000000     
   0.5038993203009815        0.5000000000000000        0.7500000000000000      
    1.000000000000000     
   0.5038993203009815       -0.7500000000000000       -0.5000000000000000      
   -1.000000000000000     
   0.5038993203009815        0.2500000000000000         1.000000000000000      
   0.5000000000000000     
   0.5038993203009815       -0.2500000000000000        0.2500000000000000      
   0.7500000000000000     
   0.5038993203009815        0.5000000000000000       -0.2500000000000000      
  -0.5000000000000000     
   0.5038993203007507         1.000000000000000        0.2500000000000000      
   0.5000000000000000     
   0.5038993203009815       -0.5000000000000000        0.5000000000000000      
  -0.2500000000000000     
   0.5038993203009815        0.5000000000000000        0.2500000000000000      
    1.000000000000000     
   0.5038993203009815        0.7500000000000000       -0.2500000000000000      
   0.2500000000000000     
   0.5038993203007507         1.000000000000000        0.7500000000000000      
   0.5000000000000000     
   0.5038993203007507        0.2500000000000000       -0.2500000000000000      
   0.7500000000000000     
   0.5038993203007507       -0.2500000000000000        0.5000000000000000      
  -0.5000000000000000     
   0.5038993203007507       -0.5000000000000000        0.2500000000000000      
   0.5000000000000000     
   0.5038993203007507       -0.2500000000000000       -0.7500000000000000      
   0.2500000000000000     
   0.5038993203007507        0.2500000000000000        0.5000000000000000      
  -0.5000000000000000     
   0.5038993203007507        -1.000000000000000       -0.5000000000000000      
  -0.2500000000000000     
   0.5038993203007507       -0.7500000000000000        0.2500000000000000      
  -0.2500000000000000     
   0.5038993203007507        0.2500000000000000       -0.2500000000000000      
  -0.7500000000000000     
   0.5038993203007507       -0.2500000000000000        -1.000000000000000      
  -0.5000000000000000     
   0.5038993203007507        0.5000000000000000         1.000000000000000      
   0.2500000000000000     
   0.5038993203007507        0.5000000000000000       -0.5000000000000000      
   0.2500000000000000     
   0.5038993203007507        0.7500000000000000        0.5000000000000000      
    1.000000000000000     
   0.5038993203007507       -0.5000000000000000       -0.2500000000000000      
   -1.000000000000000     
   0.5038993203007507        0.2500000000000000        0.5000000000000000      
    1.000000000000000     
   0.5038993203007507       -0.7500000000000000        -1.000000000000000      
  -0.5000000000000000     
   0.5038993203007507        0.7500000000000000        0.2500000000000000      
  -0.2500000000000000     
   0.5038993203007507       -0.5000000000000000       -0.2500000000000000      
   0.5000000000000000     
   0.5038993203007507        0.5000000000000000       -0.5000000000000000      
  -0.2500000000000000     
   0.5038993203007507       -0.5000000000000000       -0.7500000000000000      
   -1.000000000000000     
   0.5038993203009815         1.000000000000000        0.5000000000000000      
   0.7500000000000000     
   0.5038993203009815        0.2500000000000000       -0.7500000000000000      
  -0.2500000000000000     
   0.5038993203009815       -0.5000000000000000        -1.000000000000000      
  -0.7500000000000000     
   0.5038993203007507        -1.000000000000000       -0.5000000000000000      
  -0.7500000000000000     
   0.5038993203007507        0.5000000000000000         1.000000000000000      
   0.7500000000000000     
   0.5038993203007507       -0.2500000000000000        0.7500000000000000      
   0.2500000000000000     
   0.5192776175781048        -1.000000000000000       -0.7500000000000000      
  -0.7500000000000000     
   0.5192776175781048        0.7500000000000000         1.000000000000000      
   0.7500000000000000     
   0.5192776175730905        0.2500000000000000         1.000000000000000      
   0.2500000000000000     
   0.5192776175730905        -1.000000000000000       -0.2500000000000000      
  -0.2500000000000000     
   0.5192776175730905         0.000000000000000       -0.7500000000000000      
   0.2500000000000000     
   0.5192776175730905        0.7500000000000000         0.000000000000000      
  -0.2500000000000000     
   0.5192776175770669       -0.7500000000000000        -1.000000000000000      
  -0.7500000000000000     
   0.5192776175770669         1.000000000000000        0.7500000000000000      
   0.7500000000000000     
   0.5192776175761180       -0.7500000000000000         0.000000000000000      
   0.2500000000000000     
   0.5192776175761180         0.000000000000000        0.7500000000000000      
  -0.2500000000000000     
   0.5192776175761180         1.000000000000000        0.2500000000000000      
   0.2500000000000000     
   0.5192776175770669        0.7500000000000000       -0.2500000000000000      
    0.000000000000000     
   0.5192776175761180       -0.7500000000000000        0.2500000000000000      
    0.000000000000000     
   0.5192776175761180       -0.2500000000000000        -1.000000000000000      
  -0.2500000000000000     
   0.5192776175781048        0.2500000000000000         0.000000000000000      
  -0.7500000000000000     
   0.5192776175781048         0.000000000000000       -0.2500000000000000      
   0.7500000000000000     
   0.5131473794530315         0.000000000000000       -0.7500000000000000      
  -0.7500000000000000     
   0.5192776175781048        0.7500000000000000        0.7500000000000000      
    1.000000000000000     
   0.5192776175781048        0.2500000000000000       -0.7500000000000000      
    0.000000000000000     
   0.5131473794530315       -0.7500000000000000       -0.7500000000000000      
    0.000000000000000     
   0.5131473794530315        0.7500000000000000         0.000000000000000      
   0.7500000000000000     
   0.5131473794530315       -0.7500000000000000         0.000000000000000      
  -0.7500000000000000     
   0.5131473794530315         0.000000000000000        0.7500000000000000      
   0.7500000000000000     
   0.5131473794530315        0.7500000000000000        0.7500000000000000      
    0.000000000000000     
   0.5192776175770669         0.000000000000000        0.2500000000000000      
  -0.7500000000000000     
   0.5192776175730905       -0.2500000000000000        0.7500000000000000      
    0.000000000000000     
   0.5192776175730905       -0.7500000000000000       -0.7500000000000000      
   -1.000000000000000     
   0.5192776175770669        0.2500000000000000        0.2500000000000000      
    1.000000000000000     
   0.5192776175770669       -0.2500000000000000         0.000000000000000      
   0.7500000000000000     
   0.5192776175761180       -0.2500000000000000       -0.2500000000000000      
   -1.000000000000000     
   0.5352304107968248        -1.000000000000000       -0.7500000000000000      
  -0.2500000000000000     
   0.5352304107968248         1.000000000000000        0.7500000000000000      
   0.2500000000000000     
   0.5352304107968248       -0.7500000000000000        -1.000000000000000      
  -0.2500000000000000     
   0.5352304107968248        0.7500000000000000         1.000000000000000      
   0.2500000000000000     
   0.5352304107988680         1.000000000000000        0.2500000000000000      
   0.7500000000000000     
   0.5352304107988680        -1.000000000000000       -0.2500000000000000      
  -0.7500000000000000     
   0.5352304107988680        0.2500000000000000         1.000000000000000      
   0.7500000000000000     
   0.5352304107988680       -0.2500000000000000        -1.000000000000000      
  -0.7500000000000000     
   0.5352304107968248        0.7500000000000000        0.5000000000000000      
  -0.2500000000000000     
   0.5352304107968248        0.5000000000000000        0.7500000000000000      
  -0.2500000000000000     
   0.5352304107968248       -0.5000000000000000       -0.7500000000000000      
   0.2500000000000000     
   0.5352304107968248        0.2500000000000000       -0.7500000000000000      
  -0.5000000000000000     
   0.5352304107968248       -0.7500000000000000       -0.5000000000000000      
   0.2500000000000000     
   0.5352304107968248       -0.2500000000000000        0.7500000000000000      
   0.5000000000000000     
   0.5352304107968248       -0.2500000000000000       -0.7500000000000000      
   -1.000000000000000     
   0.5352304107968248        0.2500000000000000        0.7500000000000000      
    1.000000000000000     
   0.5352304107988680       -0.2500000000000000        0.5000000000000000      
   0.7500000000000000     
   0.5352304107988680        0.5000000000000000       -0.2500000000000000      
   0.7500000000000000     
   0.5352304107988680       -0.5000000000000000        0.2500000000000000      
  -0.7500000000000000     
   0.5352304107988680       -0.7500000000000000        0.2500000000000000      
  -0.5000000000000000     
   0.5352304107988680        0.2500000000000000       -0.5000000000000000      
  -0.7500000000000000     
   0.5352304107988680        0.7500000000000000       -0.2500000000000000      
   0.5000000000000000     
   0.5352304107988680        0.7500000000000000        0.2500000000000000      
    1.000000000000000     
   0.5352304107988680       -0.7500000000000000       -0.2500000000000000      
   -1.000000000000000     
   0.5616262111399104        -1.000000000000000        -1.000000000000000      
  -0.7500000000000000     
   0.5616262111399104        -1.000000000000000         0.000000000000000      
  -0.2500000000000000     
   0.5616262111399104        0.2500000000000000         1.000000000000000      
    0.000000000000000     
   0.5616262111399104       -0.2500000000000000       -0.2500000000000000      
   0.7500000000000000     
   0.5616262111399104         1.000000000000000        0.2500000000000000      
    0.000000000000000     
   0.5616262111354323         0.000000000000000         1.000000000000000      
   0.2500000000000000     
   0.5616262111399104       -0.2500000000000000         0.000000000000000      
   -1.000000000000000     
   0.5616262111399104        0.2500000000000000       -0.7500000000000000      
   0.2500000000000000     
   0.5616262111399104         1.000000000000000        0.7500000000000000      
    1.000000000000000     
   0.5616262111354323         0.000000000000000        -1.000000000000000      
  -0.2500000000000000     
   0.5616262111354323       -0.7500000000000000        -1.000000000000000      
   -1.000000000000000     
   0.5616262111354323        0.7500000000000000       -0.2500000000000000      
  -0.2500000000000000     
   0.5616262111354323         0.000000000000000        0.2500000000000000      
    1.000000000000000     
   0.5616262111368062         1.000000000000000         0.000000000000000      
   0.2500000000000000     
   0.5616262111354323        0.7500000000000000         1.000000000000000      
    1.000000000000000     
   0.5616262111354323       -0.7500000000000000        0.2500000000000000      
   0.2500000000000000     
   0.5616262111354323         0.000000000000000       -0.2500000000000000      
   -1.000000000000000     
   0.5616262111368062         1.000000000000000         1.000000000000000      
   0.7500000000000000     
   0.5616262111368062        0.2500000000000000         0.000000000000000      
    1.000000000000000     
   0.5616262111368062       -0.2500000000000000        0.7500000000000000      
  -0.2500000000000000     
   0.5616262111368062        -1.000000000000000       -0.7500000000000000      
   -1.000000000000000     
   0.5616262111368062       -0.2500000000000000        -1.000000000000000      
    0.000000000000000     
   0.5616262111368062        0.2500000000000000        0.2500000000000000      
  -0.7500000000000000     
   0.5616262111368062        -1.000000000000000       -0.2500000000000000      
    0.000000000000000     
   0.5634003489740546        -1.000000000000000        -1.000000000000000      
  -0.5000000000000000     
   0.5634003489725953        -1.000000000000000         0.000000000000000      
  -0.5000000000000000     
   0.5634003489740546        0.5000000000000000         1.000000000000000      
    0.000000000000000     
   0.5634003489740546       -0.5000000000000000       -0.5000000000000000      
   0.5000000000000000     
   0.5634003489740546         1.000000000000000        0.5000000000000000      
    0.000000000000000     
   0.5634003489661198         0.000000000000000        -1.000000000000000      
  -0.5000000000000000     
   0.5634003489725953       -0.5000000000000000         0.000000000000000      
   -1.000000000000000     
   0.5634003489725953        0.5000000000000000       -0.5000000000000000      
   0.5000000000000000     
   0.5634003489725953         1.000000000000000        0.5000000000000000      
    1.000000000000000     
   0.5634003489701465         0.000000000000000         1.000000000000000      
   0.5000000000000000     
   0.5634003489661198        0.5000000000000000         1.000000000000000      
    1.000000000000000     
   0.5634003489661198       -0.5000000000000000        0.5000000000000000      
   0.5000000000000000     
   0.5634003489661198         0.000000000000000       -0.5000000000000000      
   -1.000000000000000     
   0.5634003489736543         1.000000000000000         0.000000000000000      
   0.5000000000000000     
   0.5634003489701465       -0.5000000000000000        -1.000000000000000      
   -1.000000000000000     
   0.5634003489701465        0.5000000000000000       -0.5000000000000000      
  -0.5000000000000000     
   0.5634003489701465         0.000000000000000        0.5000000000000000      
    1.000000000000000     
   0.5634003489722234         1.000000000000000         1.000000000000000      
   0.5000000000000000     
   0.5634003489736543        0.5000000000000000         0.000000000000000      
    1.000000000000000     
   0.5634003489736543       -0.5000000000000000        0.5000000000000000      
  -0.5000000000000000     
   0.5634003489736543        -1.000000000000000       -0.5000000000000000      
   -1.000000000000000     
   0.5634003489722234       -0.5000000000000000        -1.000000000000000      
    0.000000000000000     
   0.5634003489722234        0.5000000000000000        0.5000000000000000      
  -0.5000000000000000     
   0.5634003489722234        -1.000000000000000       -0.5000000000000000      
    0.000000000000000     
   0.6013883053651468         0.000000000000000        -1.000000000000000      
    0.000000000000000     
   0.6098169151419321        -1.000000000000000         0.000000000000000      
    0.000000000000000     
   0.6012780139898739        -1.000000000000000        -1.000000000000000      
   -1.000000000000000     
   0.6100571681998437         1.000000000000000         0.000000000000000      
    0.000000000000000     
   0.6012780139859528         0.000000000000000         1.000000000000000      
    0.000000000000000     
   0.6012780139964039         0.000000000000000         0.000000000000000      
    1.000000000000000     
   0.6013883053789494         0.000000000000000         0.000000000000000      
   -1.000000000000000     
   0.6013883053710715         1.000000000000000         1.000000000000000      
    1.000000000000000     
   0.6131195871266745        -1.250000000000000       -0.5000000000000000      
  -0.5000000000000000     
   0.6131195871266745         1.250000000000000        0.5000000000000000      
   0.5000000000000000     
   0.6008097683256165        -1.000000000000000         0.000000000000000      
  -0.7500000000000000     
   0.6008097683256165        -1.000000000000000        -1.000000000000000      
  -0.2500000000000000     
   0.6008097683256165       -0.7500000000000000         0.000000000000000      
   -1.000000000000000     
   0.6008097683256165        0.7500000000000000       -0.2500000000000000      
   0.7500000000000000     
   0.6008097683256165         1.000000000000000        0.2500000000000000      
    1.000000000000000     
   0.6008097683231256         0.000000000000000        -1.000000000000000      
  -0.7500000000000000     
   0.6008097683256165        0.7500000000000000         1.000000000000000      
    0.000000000000000     
   0.6008097683256165       -0.7500000000000000       -0.7500000000000000      
   0.2500000000000000     
   0.6008097683256165         1.000000000000000        0.7500000000000000      
    0.000000000000000     
   0.6008097683231256         0.000000000000000         1.000000000000000      
   0.7500000000000000     
   0.6008097683231256        0.2500000000000000         1.000000000000000      
    1.000000000000000     
   0.6008097683231256       -0.2500000000000000        0.7500000000000000      
   0.7500000000000000     
   0.6008097683231256         0.000000000000000       -0.7500000000000000      
   -1.000000000000000     
   0.6008097683258770         1.000000000000000         1.000000000000000      
   0.2500000000000000     
   0.6008097683231256       -0.2500000000000000        -1.000000000000000      
   -1.000000000000000     
   0.6008097683231256        0.2500000000000000       -0.7500000000000000      
  -0.7500000000000000     
   0.6008097683231256         0.000000000000000        0.7500000000000000      
    1.000000000000000     
   0.6008097683258770         1.000000000000000         0.000000000000000      
   0.7500000000000000     
   0.6008097683258770       -0.7500000000000000        -1.000000000000000      
    0.000000000000000     
   0.6008097683258770        0.7500000000000000        0.7500000000000000      
  -0.2500000000000000     
   0.6008097683258770        -1.000000000000000       -0.7500000000000000      
    0.000000000000000     
   0.6008097683258770        0.7500000000000000         0.000000000000000      
    1.000000000000000     
   0.6008097683258770       -0.7500000000000000        0.2500000000000000      
  -0.7500000000000000     
   0.6008097683258770        -1.000000000000000       -0.2500000000000000      
   -1.000000000000000     
   0.6131195871266745         0.000000000000000       -0.7500000000000000      
   0.5000000000000000     
   0.6131195871266745         0.000000000000000        0.7500000000000000      
  -0.5000000000000000     
   0.6131195871266745         1.250000000000000        0.7500000000000000      
   0.7500000000000000     
   0.6131195871266745         0.000000000000000        0.5000000000000000      
  -0.7500000000000000     
   0.6131195871266745        -1.250000000000000       -0.7500000000000000      
  -0.7500000000000000     
   0.6131195871266745         0.000000000000000       -0.5000000000000000      
   0.7500000000000000     
   0.6131195871266745       -0.7500000000000000       -0.7500000000000000      
   -1.250000000000000     
   0.6131195871266745       -0.7500000000000000        -1.250000000000000      
  -0.7500000000000000     
   0.6131195871266745       -0.5000000000000000         0.000000000000000      
   0.7500000000000000     
   0.6131195871266745        0.7500000000000000         0.000000000000000      
  -0.5000000000000000     
   0.6131195871266745        0.5000000000000000         0.000000000000000      
  -0.7500000000000000     
   0.6131195871266745        0.5000000000000000        0.5000000000000000      
    1.250000000000000     
   0.6131195871266745        0.7500000000000000       -0.5000000000000000      
    0.000000000000000     
   0.6131195871266745       -0.5000000000000000        0.7500000000000000      
    0.000000000000000     
   0.6131195871266745       -0.7500000000000000        0.5000000000000000      
    0.000000000000000     
   0.6131195871266745       -0.7500000000000000         0.000000000000000      
   0.5000000000000000     
   0.6131195871266745        0.7500000000000000         1.250000000000000      
   0.7500000000000000     
   0.6131195871266745       -0.5000000000000000       -0.5000000000000000      
   -1.250000000000000     
   0.6131195871266745        0.5000000000000000       -0.7500000000000000      
    0.000000000000000     
   0.6131195871266745        0.7500000000000000        0.7500000000000000      
    1.250000000000000     
   0.6131195871266745        0.5000000000000000         1.250000000000000      
   0.5000000000000000     
   0.6131195871266745       -0.5000000000000000        -1.250000000000000      
  -0.5000000000000000     
   0.6129121167865982         1.250000000000000        0.5000000000000000      
   0.7500000000000000     
   0.6129121167865982        -1.250000000000000       -0.5000000000000000      
  -0.7500000000000000     
   0.6129121167925705        0.7500000000000000       -0.5000000000000000      
   0.2500000000000000     
   0.6129121168011856       -0.7500000000000000        0.5000000000000000      
  -0.2500000000000000     
   0.6129121168011856        0.5000000000000000       -0.7500000000000000      
  -0.2500000000000000     
   0.6129121167827444       -0.2500000000000000        0.5000000000000000      
  -0.7500000000000000     
   0.6129121167827444        0.2500000000000000       -0.5000000000000000      
   0.7500000000000000     
   0.6129121168011856       -0.5000000000000000        0.7500000000000000      
   0.2500000000000000     
   0.6129121167827444        0.5000000000000000       -0.2500000000000000      
  -0.7500000000000000     
   0.6129121167865982       -0.5000000000000000        0.2500000000000000      
   0.7500000000000000     
   0.6129121167925705       -0.7500000000000000       -0.2500000000000000      
   0.5000000000000000     
   0.6129121167925705       -0.7500000000000000       -0.5000000000000000      
   -1.250000000000000     
   0.6129121167925705        0.5000000000000000        0.7500000000000000      
    1.250000000000000     
   0.6129121167925705       -0.5000000000000000       -0.7500000000000000      
   -1.250000000000000     
   0.6129121167925705        0.7500000000000000         1.250000000000000      
   0.5000000000000000     
   0.6129121168011856        0.7500000000000000        0.2500000000000000      
  -0.5000000000000000     
   0.6129121168011856       -0.7500000000000000        -1.250000000000000      
  -0.5000000000000000     
   0.6129121168011856        0.7500000000000000        0.5000000000000000      
    1.250000000000000     
   0.6129121167827444        0.2500000000000000        0.7500000000000000      
  -0.5000000000000000     
   0.6129121167827444        0.5000000000000000         1.250000000000000      
   0.7500000000000000     
   0.6129121167827444       -0.2500000000000000       -0.7500000000000000      
   0.5000000000000000     
   0.6129121167865982        -1.250000000000000       -0.7500000000000000      
  -0.5000000000000000     
   0.6129121167865982         1.250000000000000        0.7500000000000000      
   0.5000000000000000     
   0.6129121167865982       -0.5000000000000000        -1.250000000000000      
  -0.7500000000000000     
   0.6340764031730373        -1.250000000000000       -0.2500000000000000      
  -0.5000000000000000     
   0.6340764031840962         1.250000000000000        0.2500000000000000      
   0.5000000000000000     
   0.6340764031777415        -1.250000000000000       -0.5000000000000000      
  -0.2500000000000000     
   0.6340764031777415        0.5000000000000000         1.250000000000000      
   0.2500000000000000     
   0.6340764031777415        -1.000000000000000        -1.250000000000000      
  -0.7500000000000000     
   0.6340764031777415         1.250000000000000         1.000000000000000      
   0.7500000000000000     
   0.6340764031843317         1.000000000000000         1.250000000000000      
   0.7500000000000000     
   0.6340764031843317       -0.5000000000000000        -1.250000000000000      
  -0.2500000000000000     
   0.6340764031843317         1.250000000000000        0.5000000000000000      
   0.2500000000000000     
   0.6340764031843317        -1.250000000000000        -1.000000000000000      
  -0.7500000000000000     
   0.6340764031730373        -1.000000000000000       -0.7500000000000000      
   -1.250000000000000     
   0.6340764031730373       -0.2500000000000000       -0.5000000000000000      
   -1.250000000000000     
   0.6340764031730373        0.5000000000000000        0.2500000000000000      
    1.250000000000000     
   0.6340764031730373         1.000000000000000       -0.2500000000000000      
   0.2500000000000000     
   0.6340764031730373        0.2500000000000000       -0.7500000000000000      
   0.5000000000000000     
   0.6340764031730373        0.2500000000000000        -1.000000000000000      
  -0.2500000000000000     
   0.6340764031730373        0.7500000000000000         1.000000000000000      
    1.250000000000000     
   0.6340764031840962        -1.000000000000000        0.2500000000000000      
  -0.2500000000000000     
   0.6340764031730373       -0.2500000000000000        0.2500000000000000      
   -1.000000000000000     
   0.6340764031730373         1.250000000000000        0.7500000000000000      
    1.000000000000000     
   0.6340764031840962       -0.5000000000000000       -0.2500000000000000      
   -1.250000000000000     
   0.6340764031840962         1.000000000000000        0.7500000000000000      
    1.250000000000000     
   0.6340764031840962        0.2500000000000000        0.5000000000000000      
    1.250000000000000     
   0.6340764031840962       -0.7500000000000000        -1.000000000000000      
   -1.250000000000000     
   0.6340764031840962       -0.2500000000000000         1.000000000000000      
   0.2500000000000000     
   0.6340764031777415         1.000000000000000        0.2500000000000000      
  -0.2500000000000000     
   0.6340764031840962       -0.2500000000000000        0.7500000000000000      
  -0.5000000000000000     
   0.6340764031840962        -1.250000000000000       -0.7500000000000000      
   -1.000000000000000     
   0.6340764031840962        0.2500000000000000       -0.2500000000000000      
    1.000000000000000     
   0.6340764031777415       -0.5000000000000000       -0.2500000000000000      
   0.7500000000000000     
   0.6340764031777415       -0.7500000000000000        0.2500000000000000      
   0.5000000000000000     
   0.6340764031777415        0.2500000000000000        0.5000000000000000      
  -0.7500000000000000     
   0.6340764031777415       -0.2500000000000000        -1.000000000000000      
   0.2500000000000000     
   0.6340764031777415       -0.2500000000000000        -1.250000000000000      
  -0.5000000000000000     
   0.6340764031777415        0.7500000000000000         1.250000000000000      
    1.000000000000000     
   0.6340764031777415        0.2500000000000000       -0.2500000000000000      
   -1.000000000000000     
   0.6340764031843317       -0.2500000000000000       -0.5000000000000000      
   0.7500000000000000     
   0.6340764031843317        0.5000000000000000        0.2500000000000000      
  -0.7500000000000000     
   0.6340764031843317        -1.000000000000000       -0.2500000000000000      
   0.2500000000000000     
   0.6340764031843317        0.2500000000000000         1.250000000000000      
   0.5000000000000000     
   0.6340764031843317        0.2500000000000000         1.000000000000000      
  -0.2500000000000000     
   0.6340764031843317        0.7500000000000000       -0.2500000000000000      
  -0.5000000000000000     
   0.6340764031843317       -0.2500000000000000        0.2500000000000000      
    1.000000000000000     
   0.6340764031843317       -0.7500000000000000        -1.250000000000000      
   -1.000000000000000     
   0.6340764031730373       -0.5000000000000000        0.7500000000000000      
  -0.2500000000000000     
   0.6340764031730373       -0.7500000000000000        0.5000000000000000      
   0.2500000000000000     
   0.6340764031840962        0.7500000000000000       -0.5000000000000000      
  -0.2500000000000000     
   0.6340764031840962        0.5000000000000000       -0.7500000000000000      
   0.2500000000000000     
   0.6564130302882605         1.000000000000000         1.250000000000000      
    1.000000000000000     
   0.6564130302729531         1.250000000000000         1.000000000000000      
    1.000000000000000     
   0.6564130302729531        -1.250000000000000       -0.2500000000000000      
  -0.2500000000000000     
   0.6564130302729531        -1.250000000000000        -1.000000000000000      
   -1.000000000000000     
   0.6564130302729531         1.250000000000000        0.2500000000000000      
   0.2500000000000000     
   0.6564130302812088        -1.000000000000000        -1.250000000000000      
   -1.000000000000000     
   0.6433033419465595       -0.7500000000000000       -0.2500000000000000      
   -1.250000000000000     
   0.6433033419465595        0.7500000000000000         1.250000000000000      
   0.2500000000000000     
   0.6433033419465595         1.000000000000000        0.5000000000000000      
  -0.2500000000000000     
   0.6433033419465595         1.250000000000000        0.2500000000000000      
   0.7500000000000000     
   0.6433033419465595        0.2500000000000000        0.7500000000000000      
    1.250000000000000     
   0.6433033419465595       -0.5000000000000000        -1.000000000000000      
   0.2500000000000000     
   0.6433033419465595        -1.250000000000000       -0.5000000000000000      
   -1.000000000000000     
   0.6433033419465595        0.5000000000000000       -0.2500000000000000      
    1.000000000000000     
   0.6433033419465595        0.2500000000000000       -0.5000000000000000      
   -1.000000000000000     
   0.6433033419465595         1.250000000000000         1.000000000000000      
   0.5000000000000000     
   0.6433033419465595        -1.250000000000000       -0.7500000000000000      
  -0.2500000000000000     
   0.6433033419465595       -0.2500000000000000        -1.250000000000000      
  -0.7500000000000000     
   0.6433033419467439       -0.7500000000000000        -1.250000000000000      
  -0.2500000000000000     
   0.6433033419467439        -1.000000000000000       -0.5000000000000000      
   0.2500000000000000     
   0.6433033419467439        0.7500000000000000        0.2500000000000000      
    1.250000000000000     
   0.6433033419467439        0.2500000000000000         1.250000000000000      
   0.7500000000000000     
   0.6433033419467439         1.250000000000000        0.7500000000000000      
   0.2500000000000000     
   0.6433033419467439        0.5000000000000000         1.000000000000000      
  -0.2500000000000000     
   0.6433033419467439        -1.250000000000000        -1.000000000000000      
  -0.5000000000000000     
   0.6433033419467439       -0.2500000000000000        0.5000000000000000      
    1.000000000000000     
   0.6433033419467439         1.250000000000000        0.5000000000000000      
    1.000000000000000     
   0.6433033419467439       -0.2500000000000000       -0.7500000000000000      
   -1.250000000000000     
   0.6433033419467439       -0.5000000000000000        0.2500000000000000      
   -1.000000000000000     
   0.6433033419467439        -1.250000000000000       -0.2500000000000000      
  -0.7500000000000000     
   0.6564130302882605        -1.000000000000000        -1.000000000000000      
   -1.250000000000000     
   0.6564130302812088         1.000000000000000         1.000000000000000      
    1.250000000000000     
   0.6433033419465595        -1.000000000000000        0.2500000000000000      
  -0.5000000000000000     
   0.6433033419465595        -1.000000000000000        -1.250000000000000      
  -0.5000000000000000     
   0.6433033419465595        0.7500000000000000       -0.5000000000000000      
   0.5000000000000000     
   0.6433033419465595         1.000000000000000        0.5000000000000000      
    1.250000000000000     
   0.6433033419465595        0.5000000000000000       -0.7500000000000000      
  -0.5000000000000000     
   0.6433033419465595       -0.7500000000000000       -0.5000000000000000      
   0.5000000000000000     
   0.6433033419465595       -0.5000000000000000        -1.000000000000000      
   -1.250000000000000     
   0.6433033419465595       -0.2500000000000000         1.000000000000000      
   0.5000000000000000     
   0.6433033419465595       -0.5000000000000000        0.5000000000000000      
  -0.7500000000000000     
   0.6433033419465595        0.5000000000000000        0.7500000000000000      
  -0.5000000000000000     
   0.6433033419467439         1.000000000000000         1.250000000000000      
   0.5000000000000000     
   0.6433033419465595       -0.5000000000000000        0.5000000000000000      
   0.7500000000000000     
   0.6433033419467439         1.000000000000000       -0.2500000000000000      
   0.5000000000000000     
   0.6433033419467439        0.7500000000000000        0.5000000000000000      
  -0.5000000000000000     
   0.6433033419467439       -0.5000000000000000       -0.7500000000000000      
   0.5000000000000000     
   0.6433033419467439       -0.7500000000000000        0.5000000000000000      
  -0.5000000000000000     
   0.6433033419467439        -1.000000000000000       -0.5000000000000000      
   -1.250000000000000     
   0.6433033419467439        0.5000000000000000         1.000000000000000      
    1.250000000000000     
   0.6433033419467439        0.5000000000000000       -0.5000000000000000      
  -0.7500000000000000     
   0.6433033419467439        0.2500000000000000        -1.000000000000000      
  -0.5000000000000000     
   0.6433033419467439       -0.5000000000000000        0.7500000000000000      
   0.5000000000000000     
   0.6433033419467439        0.5000000000000000       -0.5000000000000000      
   0.7500000000000000     
   0.6564130302882605        -1.000000000000000         0.000000000000000      
   0.2500000000000000     
   0.6564130302882605        0.2500000000000000         0.000000000000000      
   -1.000000000000000     
   0.6564130302882605       -0.2500000000000000        -1.250000000000000      
  -0.2500000000000000     
   0.6564130302729531         0.000000000000000        -1.000000000000000      
   0.2500000000000000     
   0.6564130302882605       -0.2500000000000000         1.000000000000000      
    0.000000000000000     
   0.6564130302882605        0.2500000000000000        0.2500000000000000      
    1.250000000000000     
   0.6564130302882605         1.000000000000000       -0.2500000000000000      
    0.000000000000000     
   0.6564130302729531         0.000000000000000         1.000000000000000      
  -0.2500000000000000     
   0.6564130302729531         0.000000000000000        0.2500000000000000      
   -1.000000000000000     
   0.6564130302729531         0.000000000000000       -0.2500000000000000      
    1.000000000000000     
   0.6564130302812088         1.000000000000000         0.000000000000000      
  -0.2500000000000000     
   0.6564130302812088        0.2500000000000000        -1.000000000000000      
    0.000000000000000     
   0.6564130302812088       -0.2500000000000000       -0.2500000000000000      
   -1.250000000000000     
   0.6564130302812088        -1.000000000000000        0.2500000000000000      
    0.000000000000000     
   0.6564130302812088       -0.2500000000000000         0.000000000000000      
    1.000000000000000     
   0.6564130302812088        0.2500000000000000         1.250000000000000      
   0.2500000000000000     
   0.6433033419465595        0.5000000000000000         1.250000000000000      
    1.000000000000000     
   0.6433033419467439       -0.5000000000000000        -1.250000000000000      
   -1.000000000000000     
   0.6630067621812455         0.000000000000000        -1.000000000000000      
   -1.000000000000000     
   0.6628334899620019        -1.000000000000000         0.000000000000000      
   -1.000000000000000     
   0.6628334899658713        -1.000000000000000        -1.000000000000000      
    0.000000000000000     
   0.6630067621703831         1.000000000000000         1.000000000000000      
    0.000000000000000     
   0.6630067621698855         1.000000000000000         0.000000000000000      
    1.000000000000000     
   0.6628334899728292         0.000000000000000         1.000000000000000      
    1.000000000000000     
   0.6835907464795573        0.7500000000000000       -0.5000000000000000      
  -0.5000000000000000     
   0.6835907464795573        0.5000000000000000       -0.7500000000000000      
   0.5000000000000000     
   0.6835907464795573       -0.7500000000000000        0.5000000000000000      
   0.5000000000000000     
   0.6835907464795573       -0.5000000000000000        0.7500000000000000      
  -0.5000000000000000     
   0.6835907464795573         0.000000000000000         1.250000000000000      
   0.5000000000000000     
   0.6835907464795573         0.000000000000000        -1.250000000000000      
  -0.5000000000000000     
   0.6835907464795573       -0.7500000000000000        -1.250000000000000      
   -1.250000000000000     
   0.6835907464795573        0.7500000000000000         1.250000000000000      
    1.250000000000000     
   0.6835907464795573         1.250000000000000         1.250000000000000      
   0.7500000000000000     
   0.6835907464795573         1.250000000000000        0.7500000000000000      
    1.250000000000000     
   0.6835907464795573        -1.250000000000000         0.000000000000000      
  -0.5000000000000000     
   0.6835907464795573        0.5000000000000000        0.5000000000000000      
  -0.7500000000000000     
   0.6835907464795573        -1.250000000000000       -0.5000000000000000      
    0.000000000000000     
   0.6835907464795573         1.250000000000000        0.5000000000000000      
    0.000000000000000     
   0.6835907464795573         1.250000000000000         0.000000000000000      
   0.5000000000000000     
   0.6835907464795573        -1.250000000000000       -0.7500000000000000      
   -1.250000000000000     
   0.6835907464795573       -0.5000000000000000       -0.5000000000000000      
   0.7500000000000000     
   0.6835907464795573        -1.250000000000000        -1.250000000000000      
  -0.7500000000000000     
   0.6835907464795573         0.000000000000000        0.5000000000000000      
    1.250000000000000     
   0.6835907464795573         0.000000000000000       -0.5000000000000000      
   -1.250000000000000     
   0.6835907464795573       -0.5000000000000000         0.000000000000000      
   -1.250000000000000     
   0.6835907464795573        0.5000000000000000         0.000000000000000      
    1.250000000000000     
   0.6835907464795573       -0.5000000000000000        -1.250000000000000      
    0.000000000000000     
   0.6835907464795573        0.5000000000000000         1.250000000000000      
    0.000000000000000     
   0.6957280267568856         1.250000000000000        0.2500000000000000      
    0.000000000000000     
   0.6957280267568856         1.250000000000000         0.000000000000000      
   0.2500000000000000     
   0.6957280267568856         0.000000000000000        -1.250000000000000      
  -0.2500000000000000     
   0.6957280267594794         0.000000000000000         1.250000000000000      
   0.2500000000000000     
   0.6957280267601269        -1.250000000000000       -0.2500000000000000      
    0.000000000000000     
   0.6957280267594794        -1.250000000000000         0.000000000000000      
  -0.2500000000000000     
   0.6800273665569269         1.250000000000000         1.000000000000000      
   0.2500000000000000     
   0.6800273665569269        -1.000000000000000        -1.250000000000000      
  -0.2500000000000000     
   0.6800273665587644         1.250000000000000        0.2500000000000000      
    1.000000000000000     
   0.6957280267601269         1.250000000000000         1.000000000000000      
    1.250000000000000     
   0.6957280267601269        -1.000000000000000        -1.250000000000000      
   -1.250000000000000     
   0.6957280267594794         1.250000000000000         1.250000000000000      
    1.000000000000000     
   0.6800273665522071        0.2500000000000000         1.000000000000000      
    1.250000000000000     
   0.6800273665522071        -1.000000000000000       -0.2500000000000000      
   -1.250000000000000     
   0.6800273665522071         1.000000000000000        0.2500000000000000      
    1.250000000000000     
   0.6800273665590594         1.000000000000000         1.250000000000000      
   0.2500000000000000     
   0.6800273665522071        -1.250000000000000       -0.2500000000000000      
   -1.000000000000000     
   0.6800273665522071       -0.2500000000000000        -1.000000000000000      
   -1.250000000000000     
   0.6800273665590594        0.2500000000000000         1.250000000000000      
    1.000000000000000     
   0.6800273665590594        -1.250000000000000        -1.000000000000000      
  -0.2500000000000000     
   0.6957280267563615         1.000000000000000         1.250000000000000      
    1.250000000000000     
   0.6800273665590594       -0.2500000000000000        -1.250000000000000      
   -1.000000000000000     
   0.6957280267563615        -1.250000000000000        -1.250000000000000      
   -1.000000000000000     
   0.6957280267563615        -1.250000000000000        -1.000000000000000      
   -1.250000000000000     
   0.6800273665569269        -1.000000000000000       -0.7500000000000000      
   0.2500000000000000     
   0.6800273665569269        0.2500000000000000       -0.7500000000000000      
   -1.000000000000000     
   0.6800273665569269        0.7500000000000000         1.000000000000000      
  -0.2500000000000000     
   0.6800273665587644        0.2500000000000000        -1.000000000000000      
  -0.7500000000000000     
   0.6800273665587644         1.000000000000000       -0.2500000000000000      
   0.7500000000000000     
   0.6800273665587644        -1.000000000000000        0.2500000000000000      
  -0.7500000000000000     
   0.6800273665569269       -0.2500000000000000        0.7500000000000000      
    1.000000000000000     
   0.6957280267568856        -1.000000000000000        0.2500000000000000      
   0.2500000000000000     
   0.6800273665587644        0.7500000000000000       -0.2500000000000000      
    1.000000000000000     
   0.6800273665587644       -0.2500000000000000         1.000000000000000      
   0.7500000000000000     
   0.6957280267568856       -0.2500000000000000         1.000000000000000      
  -0.2500000000000000     
   0.6957280267601269         0.000000000000000        0.2500000000000000      
    1.250000000000000     
   0.6957280267568856       -0.2500000000000000       -0.2500000000000000      
    1.000000000000000     
   0.6957280267601269        0.2500000000000000        0.2500000000000000      
   -1.000000000000000     
   0.6957280267601269       -0.2500000000000000         0.000000000000000      
   -1.250000000000000     
   0.6957280267594794        0.2500000000000000        -1.000000000000000      
   0.2500000000000000     
   0.6957280267594794         1.000000000000000       -0.2500000000000000      
  -0.2500000000000000     
   0.6957280267594794       -0.2500000000000000        -1.250000000000000      
    0.000000000000000     
   0.6800273665522071       -0.7500000000000000        0.2500000000000000      
   -1.000000000000000     
   0.6800273665590594       -0.7500000000000000        -1.000000000000000      
   0.2500000000000000     
   0.6800273665590594         1.000000000000000        0.7500000000000000      
  -0.2500000000000000     
   0.6957280267563615        0.2500000000000000         0.000000000000000      
    1.250000000000000     
   0.6957280267563615         0.000000000000000       -0.2500000000000000      
   -1.250000000000000     
   0.6957280267563615        0.2500000000000000         1.250000000000000      
    0.000000000000000     
