# BSE absorption — eigenvector route
# polarization: b2
# V_cell = 270.107000 bohr^3,  N_k = 64
# eta = 0.0500 eV,  n_spin = 1,  n_spinor = 2
# n_eigenvectors = 200
 # Column 1: omega
 # Column 2: eps2(omega)
 # Column 3: eps1(omega)
 # Column 4: JDOS(omega)
     0.000000000     0.084167211     1.000000000     0.203172255
     0.010006671     0.084677082     1.000000000     0.204472693
     0.020013342     0.085191618     1.000000000     0.205786050
     0.030020013     0.085710877     1.000000000     0.207112502
     0.040026684     0.086234918     1.000000000     0.208452227
     0.050033356     0.086763798     1.000000000     0.209805408
     0.060040027     0.087297579     1.000000000     0.211172230
     0.070046698     0.087836321     1.000000000     0.212552883
     0.080053369     0.088380087     1.000000000     0.213947558
     0.090060040     0.088928938     1.000000000     0.215356451
     0.100066711     0.089482940     1.000000000     0.216779761
     0.110073382     0.090042156     1.000000000     0.218217690
     0.120080053     0.090606653     1.000000000     0.219670444
     0.130086724     0.091176499     1.000000000     0.221138234
     0.140093396     0.091751760     1.000000000     0.222621274
     0.150100067     0.092332506     1.000000000     0.224119780
     0.160106738     0.092918808     1.000000000     0.225633975
     0.170113409     0.093510736     1.000000000     0.227164084
     0.180120080     0.094108364     1.000000000     0.228710338
     0.190126751     0.094711765     1.000000000     0.230272970
     0.200133422     0.095321014     1.000000000     0.231852219
     0.210140093     0.095936187     1.000000000     0.233448327
     0.220146765     0.096557362     1.000000000     0.235061543
     0.230153436     0.097184617     1.000000000     0.236692118
     0.240160107     0.097818033     1.000000000     0.238340310
     0.250166778     0.098457690     1.000000000     0.240006380
     0.260173449     0.099103672     1.000000000     0.241690595
     0.270180120     0.099756062     1.000000000     0.243393227
     0.280186791     0.100414946     1.000000000     0.245114552
     0.290193462     0.101080410     1.000000000     0.246854855
     0.300200133     0.101752544     1.000000000     0.248614422
     0.310206805     0.102431437     1.000000000     0.250393547
     0.320213476     0.103117180     1.000000000     0.252192529
     0.330220147     0.103809867     1.000000000     0.254011674
     0.340226818     0.104509591     1.000000000     0.255851293
     0.350233489     0.105216450     1.000000000     0.257711703
     0.360240160     0.105930540     1.000000000     0.259593228
     0.370246831     0.106651962     1.000000000     0.261496199
     0.380253502     0.107380816     1.000000000     0.263420951
     0.390260173     0.108117206     1.000000000     0.265367830
     0.400266845     0.108861237     1.000000000     0.267337184
     0.410273516     0.109613014     1.000000000     0.269329372
     0.420280187     0.110372648     1.000000000     0.271344760
     0.430286858     0.111140247     1.000000000     0.273383719
     0.440293529     0.111915925     1.000000000     0.275446630
     0.450300200     0.112699795     1.000000000     0.277533881
     0.460306871     0.113491975     1.000000000     0.279645868
     0.470313542     0.114292582     1.000000000     0.281782996
     0.480320213     0.115101738     1.000000000     0.283945678
     0.490326885     0.115919566     1.000000000     0.286134335
     0.500333556     0.116746190     1.000000000     0.288349398
     0.510340227     0.117581737     1.000000000     0.290591307
     0.520346898     0.118426338     1.000000000     0.292860512
     0.530353569     0.119280125     1.000000000     0.295157471
     0.540360240     0.120143231     1.000000000     0.297482654
     0.550366911     0.121015794     1.000000000     0.299836538
     0.560373582     0.121897954     1.000000000     0.302219615
     0.570380254     0.122789852     1.000000000     0.304632384
     0.580386925     0.123691634     1.000000000     0.307075357
     0.590393596     0.124603447     1.000000000     0.309549056
     0.600400267     0.125525440     1.000000000     0.312054016
     0.610406938     0.126457768     1.000000000     0.314590783
     0.620413609     0.127400586     1.000000000     0.317159916
     0.630420280     0.128354053     1.000000000     0.319761986
     0.640426951     0.129318332     1.000000000     0.322397577
     0.650433622     0.130293587     1.000000000     0.325067286
     0.660440294     0.131279987     1.000000000     0.327771726
     0.670446965     0.132277703     1.000000000     0.330511522
     0.680453636     0.133286910     1.000000000     0.333287313
     0.690460307     0.134307787     1.000000000     0.336099755
     0.700466978     0.135340516     1.000000000     0.338949518
     0.710473649     0.136385282     1.000000000     0.341837287
     0.720480320     0.137442273     1.000000000     0.344763766
     0.730486991     0.138511684     1.000000000     0.347729673
     0.740493662     0.139593710     1.000000000     0.350735744
     0.750500334     0.140688553     1.000000000     0.353782734
     0.760507005     0.141796417     1.000000000     0.356871415
     0.770513676     0.142917511     1.000000000     0.360002578
     0.780520347     0.144052047     1.000000000     0.363177033
     0.790527018     0.145200244     1.000000000     0.366395612
     0.800533689     0.146362323     1.000000000     0.369659164
     0.810540360     0.147538510     1.000000000     0.372968562
     0.820547031     0.148729037     1.000000000     0.376324700
     0.830553702     0.149934140     1.000000000     0.379728495
     0.840560374     0.151154059     1.000000000     0.383180886
     0.850567045     0.152389040     1.000000000     0.386682837
     0.860573716     0.153639334     1.000000000     0.390235337
     0.870580387     0.154905197     1.000000000     0.393839399
     0.880587058     0.156186892     1.000000000     0.397496063
     0.890593729     0.157484684     1.000000000     0.401206396
     0.900600400     0.158798848     1.000000000     0.404971494
     0.910607071     0.160129662     1.000000000     0.408792481
     0.920613742     0.161477411     1.000000000     0.412670510
     0.930620414     0.162842385     1.000000000     0.416606767
     0.940627085     0.164224883     1.000000000     0.420602468
     0.950633756     0.165625208     1.000000000     0.424658862
     0.960640427     0.167043670     1.000000000     0.428777232
     0.970647098     0.168480588     1.000000000     0.432958897
     0.980653769     0.169936285     1.000000000     0.437205213
     0.990660440     0.171411093     1.000000000     0.441517570
     1.000667111     0.172905351     1.000000000     0.445897400
     1.010673783     0.174419406     1.000000000     0.450346175
     1.020680454     0.175953612     1.000000000     0.454865407
     1.030687125     0.177508333     1.000000000     0.459456651
     1.040693796     0.179083938     1.000000000     0.464121508
     1.050700467     0.180680807     1.000000000     0.468861625
     1.060707138     0.182299328     1.000000000     0.473678695
     1.070713809     0.183939898     1.000000000     0.478574461
     1.080720480     0.185602925     1.000000000     0.483550718
     1.090727151     0.187288822     1.000000000     0.488609313
     1.100733823     0.188998016     1.000000000     0.493752149
     1.110740494     0.190730943     1.000000000     0.498981186
     1.120747165     0.192488049     1.000000000     0.504298441
     1.130753836     0.194269790     1.000000000     0.509705996
     1.140760507     0.196076633     1.000000000     0.515205992
     1.150767178     0.197909058     1.000000000     0.520800640
     1.160773849     0.199767555     1.000000000     0.526492217
     1.170780520     0.201652626     1.000000000     0.532283072
     1.180787191     0.203564786     1.000000000     0.538175629
     1.190793863     0.205504563     1.000000000     0.544172387
     1.200800534     0.207472496     1.000000000     0.550275926
     1.210807205     0.209469140     1.000000000     0.556488907
     1.220813876     0.211495062     1.000000000     0.562814079
     1.230820547     0.213550844     1.000000000     0.569254281
     1.240827218     0.215637082     1.000000000     0.575812443
     1.250833889     0.217754389     1.000000000     0.582491595
     1.260840560     0.219903392     1.000000000     0.589294865
     1.270847231     0.222084734     1.000000000     0.596225488
     1.280853903     0.224299076     1.000000000     0.603286809
     1.290860574     0.226547095     1.000000000     0.610482286
     1.300867245     0.228829485     1.000000000     0.617815496
     1.310873916     0.231146961     1.000000000     0.625290141
     1.320880587     0.233500254     1.000000000     0.632910051
     1.330887258     0.235890116     1.000000000     0.640679193
     1.340893929     0.238317318     1.000000000     0.648601673
     1.350900600     0.240782653     1.000000000     0.656681745
     1.360907272     0.243286934     1.000000000     0.664923817
     1.370913943     0.245830999     1.000000000     0.673332456
     1.380920614     0.248415704     1.000000000     0.681912398
     1.390927285     0.251041933     1.000000000     0.690668554
     1.400933956     0.253710594     1.000000000     0.699606018
     1.410940627     0.256422616     1.000000000     0.708730078
     1.420947298     0.259178960     1.000000000     0.718046219
     1.430953969     0.261980611     1.000000000     0.727560140
     1.440960640     0.264828581     1.000000000     0.737277758
     1.450967312     0.267723913     1.000000000     0.747205223
     1.460973983     0.270667679     1.000000000     0.757348925
     1.470980654     0.273660981     1.000000000     0.767715510
     1.480987325     0.276704956     1.000000000     0.778311888
     1.490993996     0.279800772     1.000000000     0.789145251
     1.501000667     0.282949631     1.000000000     0.800223084
     1.511007338     0.286152772     1.000000000     0.811553180
     1.521014009     0.289411470     1.000000000     0.823143658
     1.531020680     0.292727040     1.000000000     0.835002978
     1.541027352     0.296100834     1.000000000     0.847139958
     1.551034023     0.299534249     1.000000000     0.859563794
     1.561040694     0.303028720     1.000000000     0.872284084
     1.571047365     0.306585731     1.000000000     0.885310840
     1.581054036     0.310206808     1.000000000     0.898654522
     1.591060707     0.313893529     1.000000000     0.912326054
     1.601067378     0.317647518     1.000000000     0.926336854
     1.611074049     0.321470452     1.000000000     0.940698859
     1.621080720     0.325364063     1.000000000     0.955424559
     1.631087392     0.329330136     1.000000000     0.970527025
     1.641094063     0.333370516     1.000000000     0.986019941
     1.651100734     0.337487107     1.000000000     1.001917646
     1.661107405     0.341681877     1.000000000     1.018235169
     1.671114076     0.345956857     1.000000000     1.034988269
     1.681120747     0.350314148     1.000000000     1.052193484
     1.691127418     0.354755921     1.000000000     1.069868174
     1.701134089     0.359284421     1.000000000     1.088030576
     1.711140761     0.363901968     1.000000000     1.106699857
     1.721147432     0.368610963     1.000000000     1.125896175
     1.731154103     0.373413890     1.000000000     1.145640740
     1.741160774     0.378313322     1.000000000     1.165955888
     1.751167445     0.383311919     1.000000000     1.186865149
     1.761174116     0.388412438     1.000000000     1.208393332
     1.771180787     0.393617733     1.000000000     1.230566611
     1.781187458     0.398930763     1.000000000     1.253412618
     1.791194129     0.404354594     1.000000000     1.276960545
     1.801200801     0.409892404     1.000000000     1.301241255
     1.811207472     0.415547488     1.000000000     1.326287403
     1.821214143     0.421323266     1.000000000     1.352133563
     1.831220814     0.427223285     1.000000000     1.378816374
     1.841227485     0.433251228     1.000000000     1.406374692
     1.851234156     0.439410918     1.000000000     1.434849760
     1.861240827     0.445706326     1.000000000     1.464285391
     1.871247498     0.452141579     1.000000000     1.494728172
     1.881254169     0.458720965     1.000000000     1.526227683
     1.891260841     0.465448942     1.000000000     1.558836741
     1.901267512     0.472330149     1.000000000     1.592611664
     1.911274183     0.479369410     1.000000000     1.627612567
     1.921280854     0.486571747     1.000000000     1.663903682
     1.931287525     0.493942389     1.000000000     1.701553717
     1.941294196     0.501486784     1.000000000     1.740636249
     1.951300867     0.509210606     1.000000000     1.781230160
     1.961307538     0.517119773     1.000000000     1.823420124
     1.971314209     0.525220454     1.000000000     1.867297140
     1.981320881     0.533519088     1.000000000     1.912959141
     1.991327552     0.542022393     1.000000000     1.960511655
     2.001334223     0.550737385     1.000000000     2.010068558
     2.011340894     0.559671394     1.000000000     2.061752913
     2.021347565     0.568832081     1.000000000     2.115697914
     2.031354236     0.578227455     1.000000000     2.172047946
     2.041360907     0.587865896     1.000000000     2.230959787
     2.051367578     0.597756174     1.000000000     2.292603960
     2.061374249     0.607907472     1.000000000     2.357166281
     2.071380921     0.618329413     1.000000000     2.424849603
     2.081387592     0.629032083     1.000000000     2.495875823
     2.091394263     0.640026060     1.000000000     2.570488165
     2.101400934     0.651322445     1.000000000     2.648953816
     2.111407605     0.662932892     1.000000000     2.731566950
     2.121414276     0.674869647     1.000000000     2.818652235
     2.131420947     0.687145581     1.000000000     2.910568893
     2.141427618     0.699774233     1.000000000     3.007715440
     2.151434290     0.712769852     1.000000000     3.110535219
     2.161440961     0.726147447     1.000000000     3.219522905
     2.171447632     0.739922831     1.000000000     3.335232179
     2.181454303     0.754112684     1.000000000     3.458284814
     2.191460974     0.768734607     1.000000000     3.589381505
     2.201467645     0.783807186     1.000000000     3.729314829
     2.211474316     0.799350065     1.000000000     3.878984838
     2.221480987     0.815384021     1.000000000     4.039417929
     2.231487658     0.831931043     1.000000000     4.211789827
     2.241494330     0.849014426     1.000000000     4.397453728
     2.251501001     0.866658866     1.000000000     4.597975012
     2.261507672     0.884890567     1.000000000     4.815174336
     2.271514343     0.903737358     1.000000000     5.051181543
     2.281521014     0.923228819     1.000000000     5.308503583
     2.291527685     0.943396425     1.000000000     5.590110800
     2.301534356     0.964273693     1.000000000     5.899547429
     2.311541027     0.985896355     1.000000000     6.241074323
     2.321547698     1.008302541     1.000000000     6.619854902
     2.331554370     1.031532984     1.000000000     7.042199570
     2.341561041     1.055631246     1.000000000     7.515889725
     2.351567712     1.080643965     1.000000000     8.050610850
     2.361574383     1.106621135     1.000000000     8.658535502
     2.371581054     1.133616408     1.000000000     9.355112234
     2.381587725     1.161687436     1.000000000    10.160135027
     2.391594396     1.190896253     1.000000000    11.099186458
     2.401601067     1.221309694     1.000000000    12.205554092
     2.411607738     1.252999870     1.000000000    13.522677252
     2.421614410     1.286044698     1.000000000    15.106995224
     2.431621081     1.320528496     1.000000000    17.030505113
     2.441627752     1.356542652     1.000000000    19.380885320
     2.451634423     1.394186379     1.000000000    22.253784127
     2.461641094     1.433567570     1.000000000    25.726085105
     2.471647765     1.474803763     1.000000000    29.794039481
     2.481654436     1.518023242     1.000000000    34.274953647
     2.491661107     1.563366290     1.000000000    38.742142008
     2.501667779     1.610986617     1.000000000    42.650434222
     2.511674450     1.661053000     1.000000000    45.655624399
     2.521681121     1.713751166     1.000000000    47.744348967
     2.531687792     1.769285962     1.000000000    49.003580120
     2.541694463     1.827883866     1.000000000    49.516778782
     2.551701134     1.889795897     1.000000000    49.544220666
     2.561707805     1.955301007     1.000000000    49.469772019
     2.571714476     2.024710041     1.000000000    49.441014511
     2.581721147     2.098370388     1.000000000    49.246205883
     2.591727819     2.176671453     1.000000000    48.666269708
     2.601734490     2.260051131     1.000000000    47.878623564
     2.611741161     2.349003495     1.000000000    47.409964420
     2.621747832     2.444087979     1.000000000    47.802595407
     2.631754503     2.545940375     1.000000000    49.435176611
     2.641761174     2.655286093     1.000000000    52.559516282
     2.651767845     2.772956229     1.000000000    57.397520455
     2.661774516     2.899907126     1.000000000    64.203034435
     2.671781187     3.037244347     1.000000000    73.260596357
     2.681787859     3.186252228     1.000000000    84.798255440
     2.691794530     3.348430537     1.000000000    98.789433580
     2.701801201     3.525540254     1.000000000   114.704401609
     2.711807872     3.719661155     1.000000000   131.494731921
     2.721814543     3.933264765     1.000000000   148.083383113
     2.731821214     4.169307485     1.000000000   163.820033999
     2.741827885     4.431350450     1.000000000   177.981029145
     2.751834556     4.723715017     1.000000000   188.998303748
     2.761841227     5.051686200     1.000000000   194.881595228
     2.771847899     5.421781068     1.000000000   194.504506702
     2.781854570     5.842105754     1.000000000   188.086829675
     2.791861241     6.322833985     1.000000000   176.320178304
     2.801867912     6.876852637     1.000000000   159.932270006
     2.811874583     7.520636328     1.000000000   140.508015360
     2.821881254     8.275432626     1.000000000   120.554985339
     2.831887925     9.168857023     1.000000000   102.296217309
     2.841894596    10.236995532     1.000000000    86.861672920
     2.851901268    11.527045080     1.000000000    74.432889514
     2.861907939    13.100265922     1.000000000    64.711643464
     2.871914610    15.034289255     1.000000000    57.264657831
     2.881921281    17.422029265     1.000000000    51.688530150
     2.891927952    20.360736673     1.000000000    47.666042646
     2.901934623    23.919308681     1.000000000    44.975337880
     2.911941294    28.071793820     1.000000000    43.484187861
     2.921947965    32.613144300     1.000000000    43.142775259
     2.931954636    37.144861141     1.000000000    43.978935123
     2.941961308    41.225413621     1.000000000    46.094205061
     2.951967979    44.560649240     1.000000000    49.652495808
     2.961974650    47.011603862     1.000000000    54.840928502
     2.971981321    48.564989134     1.000000000    61.760707983
     2.981987992    49.398466078     1.000000000    70.185187342
     2.991994663    49.728149830     1.000000000    79.167872161
     3.002001334    49.421316827     1.000000000    86.738869011
     3.012008005    47.945935217     1.000000000    90.333089914
     3.022014676    44.935074009     1.000000000    88.281237890
     3.032021348    40.719234660     1.000000000    81.132952304
     3.042028019    36.120865667     1.000000000    71.180480652
     3.052034690    31.878951925     1.000000000    60.804144259
     3.062041361    28.375626901     1.000000000    51.444718274
     3.072048032    25.701129088     1.000000000    43.614589777
     3.082054703    23.803211848     1.000000000    37.298414826
     3.092061374    22.590796210     1.000000000    32.278299100
     3.102068045    21.983354475     1.000000000    28.301001044
     3.112074716    21.929064805     1.000000000    25.141946767
     3.122081388    22.409472095     1.000000000    22.620867791
     3.132088059    23.438873616     1.000000000    20.599221734
     3.142094730    25.059580615     1.000000000    18.972591288
     3.152101401    27.327869453     1.000000000    17.662974439
     3.162108072    30.277532048     1.000000000    16.612426325
     3.172114743    33.841510200     1.000000000    15.778240493
     3.182121414    37.729315904     1.000000000    15.129466979
     3.192128085    41.345972503     1.000000000    14.644500746
     3.202134757    43.963592878     1.000000000    14.309515961
     3.212141428    45.207430244     1.000000000    14.117587662
     3.222148099    45.398414575     1.000000000    14.068403154
     3.232154770    45.324705029     1.000000000    14.168506086
     3.242161441    45.761074007     1.000000000    14.432012587
     3.252168112    47.200421877     1.000000000    14.881630285
     3.262174783    49.835705200     1.000000000    15.549446899
     3.272181454    53.642358190     1.000000000    16.476001132
     3.282188125    58.458867241     1.000000000    17.704007928
     3.292194797    64.012650599     1.000000000    19.259312815
     3.302201468    69.894112871     1.000000000    21.108485858
     3.312208139    75.570770219     1.000000000    23.092791244
     3.322214810    80.621575441     1.000000000    24.888301550
     3.332221481    85.195522343     1.000000000    26.109186392
     3.342228152    90.125953337     1.000000000    26.573358018
     3.352234823    96.356714993     1.000000000    26.446691089
     3.362241494   104.300561740     1.000000000    26.039577251
     3.372248165   113.748959737     1.000000000    25.521714723
     3.382254837   124.253629871     1.000000000    24.889893238
     3.392261508   135.492210843     1.000000000    24.146951465
     3.402268179   147.350478421     1.000000000    23.418254570
     3.412274850   159.759975105     1.000000000    22.886845295
     3.422281521   172.354196294     1.000000000    22.691193737
     3.432288192   184.311710357     1.000000000    22.901844244
     3.442294863   194.353222925     1.000000000    23.550943544
     3.452301534   200.424318305     1.000000000    24.665356770
     3.462308205   199.775378918     1.000000000    26.287885506
     3.472314877   190.379074910     1.000000000    28.489372942
     3.482321548   172.777512049     1.000000000    31.376119536
     3.492328219   150.265991169     1.000000000    35.093125533
     3.502334890   126.940791105     1.000000000    39.817160582
     3.512341561   105.694978592     1.000000000    45.722291839
     3.522348232    87.734388391     1.000000000    52.882359231
     3.532354903    73.124371997     1.000000000    61.063215310
     3.542361574    61.429768149     1.000000000    69.418704191
     3.552368245    52.098233848     1.000000000    76.357053188
     3.562374917    44.623133995     1.000000000    80.127755413
     3.572381588    38.590231588     1.000000000    80.110925432
     3.582388259    33.677012281     1.000000000    77.437466531
     3.592394930    29.637388716     1.000000000    74.089278099
     3.602401601    26.284699074     1.000000000    71.700493567
     3.612408272    23.477143233     1.000000000    71.186593561
     3.622414943    21.106416228     1.000000000    72.976766262
     3.632421614    19.089184818     1.000000000    77.328690955
     3.642428286    17.360803293     1.000000000    84.532272865
     3.652434957    15.870705438     1.000000000    95.006702615
     3.662441628    14.579023689     1.000000000   109.314688534
     3.672448299    13.454099639     1.000000000   128.067134139
     3.682454970    12.470642011     1.000000000   151.614305459
     3.692461641    11.608357435     1.000000000   179.361092557
     3.702468312    10.850929777     1.000000000   208.709755912
     3.712474983    10.185260093     1.000000000   234.437420001
     3.722481654     9.600905449     1.000000000   250.370348667
     3.732488326     9.089674136     1.000000000   253.594404937
     3.742494997     8.645349338     1.000000000   246.630999726
     3.752501668     8.263525074     1.000000000   234.097884493
     3.762508339     7.941548370     1.000000000   218.251026805
     3.772515010     7.678571300     1.000000000   198.718204336
     3.782521681     7.475726329     1.000000000   175.495898906
     3.792528352     7.336448184     1.000000000   150.623438884
     3.802535023     7.266972843     1.000000000   126.884166980
     3.812541694     7.277041237     1.000000000   106.112032631
     3.822548366     7.380799098     1.000000000    88.866316880
     3.832555037     7.597756769     1.000000000    74.917995781
     3.842561708     7.953313810     1.000000000    63.741443784
     3.852568379     8.477462717     1.000000000    54.783087308
     3.862575050     9.198360164     1.000000000    47.563915156
     3.872581721    10.124246254     1.000000000    41.700970308
     3.882588392    11.205335242     1.000000000    36.898361261
     3.892595063    12.279113976     1.000000000    32.930435848
     3.902601734    13.048638382     1.000000000    29.625519646
     3.912608406    13.191417844     1.000000000    26.852597719
     3.922615077    12.589229036     1.000000000    24.511102204
     3.932621748    11.432545623     1.000000000    22.523303472
     3.942628419    10.055858701     1.000000000    20.828706964
     3.952635090     8.723307277     1.000000000    19.379940042
     3.962641761     7.561527165     1.000000000    18.139729780
     3.972648432     6.598578518     1.000000000    17.078677221
     3.982655103     5.816537024     1.000000000    16.173615798
     3.992661775     5.183767211     1.000000000    15.406402869
     4.002668446     4.669109158     1.000000000    14.763037945
     4.012675117     4.246448566     1.000000000    14.233033841
     4.022681788     3.895277160     1.000000000    13.808991220
     4.032688459     3.599920686     1.000000000    13.486345724
     4.042695130     3.348508956     1.000000000    13.263272411
     4.052701801     3.132051477     1.000000000    13.140746243
     4.062708472     2.943703841     1.000000000    13.122771755
     4.072715143     2.778214587     1.000000000    13.216811119
     4.082721815     2.631517271     1.000000000    13.434459528
     4.092728486     2.500432021     1.000000000    13.792441360
     4.102735157     2.382447305     1.000000000    14.314030617
     4.112741828     2.275559749     1.000000000    15.031031296
     4.122748499     2.178155846     1.000000000    15.986474129
     4.132755170     2.088923949     1.000000000    17.238152915
     4.142761841     2.006788253     1.000000000    18.862921544
     4.152768512     1.930858862     1.000000000    20.961011672
     4.162775183     1.860393690     1.000000000    23.657837780
     4.172781855     1.794769143     1.000000000    27.096476296
     4.182788526     1.733457384     1.000000000    31.405376171
     4.192795197     1.676008547     1.000000000    36.614034799
     4.202801868     1.622036719     1.000000000    42.493276658
     4.212808539     1.571208811     1.000000000    48.377875226
     4.222815210     1.523235658     1.000000000    53.229945751
     4.232821881     1.477864851     1.000000000    56.221879916
     4.242828552     1.434874920     1.000000000    57.420783179
     4.252835223     1.394070599     1.000000000    57.602761464
     4.262841895     1.355278930     1.000000000    57.286282029
     4.272848566     1.318346050     1.000000000    56.135870347
     4.282855237     1.283134523     1.000000000    53.377502873
     4.292861908     1.249521110     1.000000000    48.773050960
     4.302868579     1.217394904     1.000000000    43.004891212
     4.312875250     1.186655748     1.000000000    37.104787907
     4.322881921     1.157212902     1.000000000    31.806742270
     4.332888592     1.128983907     1.000000000    27.403187508
     4.342895264     1.101893611     1.000000000    23.900722977
     4.352901935     1.075873334     1.000000000    21.188331041
     4.362908606     1.050860148     1.000000000    19.132840437
     4.372915277     1.026796258     1.000000000    17.618123563
     4.382921948     1.003628456     1.000000000    16.556307945
     4.392928619     0.981307653     1.000000000    15.888249243
     4.402935290     0.959788464     1.000000000    15.581204307
     4.412941961     0.939028847     1.000000000    15.626777691
     4.422948632     0.918989786     1.000000000    16.039983501
     4.432955304     0.899635005     1.000000000    16.858994227
     4.442961975     0.880930722     1.000000000    18.143610359
     4.452968646     0.862845428     1.000000000    19.967444710
     4.462975317     0.845349686     1.000000000    22.393105604
     4.472981988     0.828415956     1.000000000    25.413053509
     4.482988659     0.812018440     1.000000000    28.846578994
     4.492995330     0.796132937     1.000000000    32.245743421
     4.503002001     0.780736716     1.000000000    34.980782086
     4.513008672     0.765808402     1.000000000    36.610760881
     4.523015344     0.751327872     1.000000000    37.180728166
     4.533022015     0.737276160     1.000000000    36.968836373
     4.543028686     0.723635373     1.000000000    35.996012958
     4.553035357     0.710388612     1.000000000    34.001760038
     4.563042028     0.697519902     1.000000000    30.914970532
     4.573048699     0.685014127     1.000000000    27.137636481
     4.583055370     0.672856973     1.000000000    23.279985507
     4.593062041     0.661034870     1.000000000    19.787294438
     4.603068712     0.649534947     1.000000000    16.839625649
     4.613075384     0.638344984     1.000000000    14.438905301
     4.623082055     0.627453370     1.000000000    12.511259563
     4.633088726     0.616849067     1.000000000    10.966679038
     4.643095397     0.606521569     1.000000000     9.723670878
     4.653102068     0.596460877     1.000000000     8.715990775
     4.663108739     0.586657461     1.000000000     7.892214550
     4.673115410     0.577102238     1.000000000     7.213160937
     4.683122081     0.567786540     1.000000000     6.649135037
     4.693128753     0.558702097     1.000000000     6.177607588
     4.703135424     0.549841008     1.000000000     5.781419582
     4.713142095     0.541195722     1.000000000     5.447440988
     4.723148766     0.532759021     1.000000000     5.165584242
     4.733155437     0.524523998     1.000000000     4.928083758
     4.743162108     0.516484045     1.000000000     4.728971552
     4.753168779     0.508632830     1.000000000     4.563696960
     4.763175450     0.500964290     1.000000000     4.428852964
     4.773182121     0.493472611     1.000000000     4.321982736
     4.783188793     0.486152220     1.000000000     4.241448290
     4.793195464     0.478997767     1.000000000     4.186349375
     4.803202135     0.472004121     1.000000000     4.156485537
     4.813208806     0.465166351     1.000000000     4.152358351
     4.823215477     0.458479723     1.000000000     4.175214433
     4.833222148     0.451939686     1.000000000     4.227133665
     4.843228819     0.445541867     1.000000000     4.311171381
     4.853235490     0.439282057     1.000000000     4.431568640
     4.863242161     0.433156210     1.000000000     4.594051855
     4.873248833     0.427160429     1.000000000     4.806252497
     4.883255504     0.421290964     1.000000000     5.078290237
     4.893262175     0.415544202     1.000000000     5.423578720
     4.903268846     0.409916663     1.000000000     5.859930591
     4.913275517     0.404404992     1.000000000     6.411049816
     4.923282188     0.399005956     1.000000000     7.108481636
     4.933288859     0.393716435     1.000000000     7.993980796
     4.943295530     0.388533420     1.000000000     9.121897875
     4.953302201     0.383454009     1.000000000    10.560201067
     4.963308873     0.378475398     1.000000000    12.386391567
     4.973315544     0.373594881     1.000000000    14.669748621
     4.983322215     0.368809846     1.000000000    17.424392099
     4.993328886     0.364117765     1.000000000    20.517879873
     5.003335557     0.359516200     1.000000000    23.559058911
     5.013342228     0.355002791     1.000000000    25.894256315
     5.023348899     0.350575257     1.000000000    26.882832356
     5.033355570     0.346231394     1.000000000    26.320996496
     5.043362241     0.341969065     1.000000000    24.531625627
     5.053368913     0.337786208     1.000000000    22.025259659
     5.063375584     0.333680822     1.000000000    19.218015093
     5.073382255     0.329650974     1.000000000    16.419127966
     5.083388926     0.325694788     1.000000000    13.858866669
     5.093395597     0.321810452     1.000000000    11.663233647
     5.103402268     0.317996206     1.000000000     9.855871218
     5.113408939     0.314250346     1.000000000     8.398538490
     5.123415610     0.310571222     1.000000000     7.231100126
     5.133422282     0.306957232     1.000000000     6.294006403
     5.143428953     0.303406825     1.000000000     5.536768308
     5.153435624     0.299918494     1.000000000     4.919363059
     5.163442295     0.296490780     1.000000000     4.410986653
     5.173448966     0.293122264     1.000000000     3.988186341
     5.183455637     0.289811573     1.000000000     3.633125707
     5.193462308     0.286557370     1.000000000     3.332183676
     5.203468979     0.283358361     1.000000000     3.074886661
     5.213475650     0.280213287     1.000000000     2.853114765
     5.223482322     0.277120925     1.000000000     2.660517262
     5.233488993     0.274080089     1.000000000     2.492082686
     5.243495664     0.271089624     1.000000000     2.343821593
     5.253502335     0.268148411     1.000000000     2.212531091
     5.263509006     0.265255360     1.000000000     2.095618818
     5.273515677     0.262409410     1.000000000     1.990970305
     5.283522348     0.259609534     1.000000000     1.896848222
     5.293529019     0.256854729     1.000000000     1.811815217
     5.303535690     0.254144022     1.000000000     1.734674341
     5.313542362     0.251476465     1.000000000     1.664422697
     5.323549033     0.248851136     1.000000000     1.600215102
     5.333555704     0.246267139     1.000000000     1.541335390
     5.343562375     0.243723600     1.000000000     1.487173595
     5.353569046     0.241219670     1.000000000     1.437207688
     5.363575717     0.238754521     1.000000000     1.390988866
     5.373582388     0.236327349     1.000000000     1.348129634
     5.383589059     0.233937367     1.000000000     1.308294090
     5.393595730     0.231583814     1.000000000     1.271189968
     5.403602402     0.229265943     1.000000000     1.236562084
     5.413609073     0.226983030     1.000000000     1.204186913
     5.423615744     0.224734368     1.000000000     1.173868085
     5.433622415     0.222519269     1.000000000     1.145432619
     5.443629086     0.220337061     1.000000000     1.118727774
     5.453635757     0.218187090     1.000000000     1.093618396
     5.463642428     0.216068718     1.000000000     1.069984685
     5.473649099     0.213981322     1.000000000     1.047720299
     5.483655771     0.211924296     1.000000000     1.026730757
     5.493662442     0.209897048     1.000000000     1.006932069
     5.503669113     0.207899001     1.000000000     0.988249587
     5.513675784     0.205929592     1.000000000     0.970617016
     5.523682455     0.203988270     1.000000000     0.953975580
     5.533689126     0.202074500     1.000000000     0.938273320
     5.543695797     0.200187758     1.000000000     0.923464494
     5.553702468     0.198327533     1.000000000     0.909509090
     5.563709139     0.196493326     1.000000000     0.896372412
     5.573715811     0.194684650     1.000000000     0.884024759
     5.583722482     0.192901029     1.000000000     0.872441175
     5.593729153     0.191141999     1.000000000     0.861601264
     5.603735824     0.189407107     1.000000000     0.851489085
     5.613742495     0.187695908     1.000000000     0.842093103
     5.623749166     0.186007970     1.000000000     0.833406224
     5.633755837     0.184342871     1.000000000     0.825425895
     5.643762508     0.182700196     1.000000000     0.818154296
     5.653769179     0.181079541     1.000000000     0.811598613
     5.663775851     0.179480512     1.000000000     0.805771429
     5.673782522     0.177902723     1.000000000     0.800691234
     5.683789193     0.176345796     1.000000000     0.796383091
     5.693795864     0.174809363     1.000000000     0.792879472
     5.703802535     0.173293062     1.000000000     0.790221341
     5.713809206     0.171796542     1.000000000     0.788459501
     5.723815877     0.170319456     1.000000000     0.787656317
     5.733822548     0.168861467     1.000000000     0.787887887
     5.743829219     0.167422246     1.000000000     0.789246827
     5.753835891     0.166001469     1.000000000     0.791845829
     5.763842562     0.164598821     1.000000000     0.795822261
     5.773849233     0.163213991     1.000000000     0.801344162
     5.783855904     0.161846678     1.000000000     0.808618093
     5.793862575     0.160496585     1.000000000     0.817899532
     5.803869246     0.159163423     1.000000000     0.829506744
     5.813875917     0.157846907     1.000000000     0.843839384
     5.823882588     0.156546760     1.000000000     0.861403622
     5.833889260     0.155262710     1.000000000     0.882846059
     5.843895931     0.153994490     1.000000000     0.908999249
     5.853902602     0.152741840     1.000000000     0.940941584
     5.863909273     0.151504504     1.000000000     0.980072384
     5.873915944     0.150282233     1.000000000     1.028195696
     5.883922615     0.149074780     1.000000000     1.087585007
     5.893929286     0.147881907     1.000000000     1.160946857
     5.903935957     0.146703377     1.000000000     1.251080201
     5.913942628     0.145538961     1.000000000     1.359811479
     5.923949300     0.144388432     1.000000000     1.485593981
     5.933955971     0.143251569     1.000000000     1.619710263
     5.943962642     0.142128156     1.000000000     1.743848029
     5.953969313     0.141017980     1.000000000     1.835941449
     5.963975984     0.139920833     1.000000000     1.886283753
     5.973982655     0.138836510     1.000000000     1.908281004
     5.983989326     0.137764811     1.000000000     1.929475051
     5.993995997     0.136705539     1.000000000     1.975511335
     6.004002668     0.135658504     1.000000000     2.063875983
     6.014009340     0.134623515     1.000000000     2.206560752
     6.024016011     0.133600387     1.000000000     2.414599125
     6.034022682     0.132588939     1.000000000     2.701183927
     6.044029353     0.131588994     1.000000000     3.082773537
     6.054036024     0.130600375     1.000000000     3.577423702
     6.064042695     0.129622913     1.000000000     4.197780813
     6.074049366     0.128656438     1.000000000     4.933966509
     6.084056037     0.127700786     1.000000000     5.723307348
     6.094062708     0.126755796     1.000000000     6.421389524
     6.104069380     0.125821307     1.000000000     6.825774939
     6.114076051     0.124897165     1.000000000     6.794836407
     6.124082722     0.123983217     1.000000000     6.369220089
     6.134089393     0.123079312     1.000000000     5.738467074
     6.144096064     0.122185303     1.000000000     5.099485096
     6.154102735     0.121301046     1.000000000     4.570898615
     6.164109406     0.120426398     1.000000000     4.193686833
     6.174116077     0.119561220     1.000000000     3.957583217
     6.184122748     0.118705375     1.000000000     3.816447121
     6.194129420     0.117858729     1.000000000     3.696307425
     6.204136091     0.117021150     1.000000000     3.519363115
     6.214142762     0.116192508     1.000000000     3.248134622
     6.224149433     0.115372676     1.000000000     2.906404374
     6.234156104     0.114561529     1.000000000     2.548663090
     6.244162775     0.113758944     1.000000000     2.218816287
     6.254169446     0.112964800     1.000000000     1.936501618
     6.264176117     0.112178980     1.000000000     1.703832598
     6.274182789     0.111401366     1.000000000     1.515000847
     6.284189460     0.110631844     1.000000000     1.362168195
     6.294196131     0.109870302     1.000000000     1.238006090
     6.304202802     0.109116630     1.000000000     1.136457582
     6.314209473     0.108370718     1.000000000     1.052768849
     6.324216144     0.107632461     1.000000000     0.983288419
     6.334222815     0.106901753     1.000000000     0.925231777
     6.344229486     0.106178491     1.000000000     0.876476335
     6.354236157     0.105462575     1.000000000     0.835400189
     6.364242829     0.104753904     1.000000000     0.800760846
     6.374249500     0.104052381     1.000000000     0.771605919
     6.384256171     0.103357910     1.000000000     0.747208100
     6.394262842     0.102670395     1.000000000     0.727018276
     6.404269513     0.101989745     1.000000000     0.710632182
     6.414276184     0.101315867     1.000000000     0.697767337
     6.424282855     0.100648672     1.000000000     0.688248001
     6.434289526     0.099988071     1.000000000     0.681996630
     6.444296197     0.099333978     1.000000000     0.679030863
     6.454302869     0.098686306     1.000000000     0.679465794
     6.464309540     0.098044972     1.000000000     0.683522729
     6.474316211     0.097409893     1.000000000     0.691548148
     6.484322882     0.096780987     1.000000000     0.704046652
     6.494329553     0.096158175     1.000000000     0.721725864
     6.504336224     0.095541377     1.000000000     0.745549776
     6.514342895     0.094930517     1.000000000     0.776809094
     6.524349566     0.094325518     1.000000000     0.817224263
     6.534356237     0.093726305     1.000000000     0.869091683
     6.544362909     0.093132804     1.000000000     0.935478890
     6.554369580     0.092544942     1.000000000     1.020467966
     6.564376251     0.091962649     1.000000000     1.129420020
     6.574382922     0.091385853     1.000000000     1.269154117
     6.584389593     0.090814486     1.000000000     1.447733637
     6.594396264     0.090248479     1.000000000     1.673114029
     6.604402935     0.089687766     1.000000000     1.949153753
     6.614409606     0.089132279     1.000000000     2.266957433
     6.624416278     0.088581955     1.000000000     2.591865681
     6.634422949     0.088036729     1.000000000     2.856360391
     6.644429620     0.087496539     1.000000000     2.980537892
     6.654436291     0.086961321     1.000000000     2.921385229
     6.664442962     0.086431016     1.000000000     2.702899324
     6.674449633     0.085905563     1.000000000     2.393703032
     6.684456304     0.085384902     1.000000000     2.064241862
     6.694462975     0.084868977     1.000000000     1.760982748
     6.704469646     0.084357728     1.000000000     1.503626253
     6.714476318     0.083851100     1.000000000     1.294249935
     6.724482989     0.083349036     1.000000000     1.126997531
     6.734489660     0.082851483     1.000000000     0.993965535
     6.744496331     0.082358386     1.000000000     0.887780932
     6.754503002     0.081869691     1.000000000     0.802381976
     6.764509673     0.081385347     1.000000000     0.733046240
     6.774516344     0.080905302     1.000000000     0.676177318
     6.784523015     0.080429504     1.000000000     0.629056368
     6.794529686     0.079957904     1.000000000     0.589626456
     6.804536358     0.079490452     1.000000000     0.556323521
     6.814543029     0.079027100     1.000000000     0.527949524
     6.824549700     0.078567800     1.000000000     0.503579004
     6.834556371     0.078112504     1.000000000     0.482490685
     6.844563042     0.077661166     1.000000000     0.464117379
     6.854569713     0.077213740     1.000000000     0.448009154
     6.864576384     0.076770181     1.000000000     0.433806071
     6.874583055     0.076330444     1.000000000     0.421217864
     6.884589726     0.075894486     1.000000000     0.410008663
     6.894596398     0.075462263     1.000000000     0.399985428
     6.904603069     0.075033732     1.000000000     0.390989109
     6.914609740     0.074608851     1.000000000     0.382887838
     6.924616411     0.074187579     1.000000000     0.375571657
     6.934623082     0.073769875     1.000000000     0.368948381
     6.944629753     0.073355699     1.000000000     0.362940354
     6.954636424     0.072945011     1.000000000     0.357481869
     6.964643095     0.072537771     1.000000000     0.352517117
     6.974649767     0.072133942     1.000000000     0.347998534
     6.984656438     0.071733485     1.000000000     0.343885474
     6.994663109     0.071336362     1.000000000     0.340143126
     7.004669780     0.070942538     1.000000000     0.336741637
     7.014676451     0.070551974     1.000000000     0.333655392
     7.024683122     0.070164635     1.000000000     0.330862423
     7.034689793     0.069780485     1.000000000     0.328343925
     7.044696464     0.069399491     1.000000000     0.326083856
     7.054703135     0.069021616     1.000000000     0.324068607
     7.064709807     0.068646827     1.000000000     0.322286733
     7.074716478     0.068275090     1.000000000     0.320728731
     7.084723149     0.067906373     1.000000000     0.319386863
     7.094729820     0.067540642     1.000000000     0.318255013
     7.104736491     0.067177866     1.000000000     0.317328574
     7.114743162     0.066818012     1.000000000     0.316604374
     7.124749833     0.066461048     1.000000000     0.316080610
     7.134756504     0.066106945     1.000000000     0.315756828
     7.144763175     0.065755672     1.000000000     0.315633913
     7.154769847     0.065407198     1.000000000     0.315714108
     7.164776518     0.065061493     1.000000000     0.316001061
     7.174783189     0.064718529     1.000000000     0.316499903
     7.184789860     0.064378276     1.000000000     0.317217347
     7.194796531     0.064040706     1.000000000     0.318161837
     7.204803202     0.063705791     1.000000000     0.319343737
     7.214809873     0.063373502     1.000000000     0.320775566
     7.224816544     0.063043813     1.000000000     0.322472307
     7.234823215     0.062716696     1.000000000     0.324451797
     7.244829887     0.062392124     1.000000000     0.326735215
     7.254836558     0.062070071     1.000000000     0.329347712
     7.264843229     0.061750511     1.000000000     0.332319206
     7.274849900     0.061433419     1.000000000     0.335685417
     7.284856571     0.061118768     1.000000000     0.339489202
     7.294863242     0.060806534     1.000000000     0.343782296
     7.304869913     0.060496692     1.000000000     0.348627618
     7.314876584     0.060189218     1.000000000     0.354102330
     7.324883256     0.059884087     1.000000000     0.360301929
     7.334889927     0.059581276     1.000000000     0.367345768
     7.344896598     0.059280761     1.000000000     0.375384486
     7.354903269     0.058982519     1.000000000     0.384609994
     7.364909940     0.058686527     1.000000000     0.395268617
     7.374916611     0.058392762     1.000000000     0.407677718
     7.384923282     0.058101203     1.000000000     0.422244743
     7.394929953     0.057811826     1.000000000     0.439483903
     7.404936624     0.057524611     1.000000000     0.460016235
     7.414943296     0.057239536     1.000000000     0.484516602
     7.424949967     0.056956579     1.000000000     0.513525093
     7.434956638     0.056675719     1.000000000     0.546978621
     7.444963309     0.056396937     1.000000000     0.583359137
     7.454969980     0.056120210     1.000000000     0.618835284
     7.464976651     0.055845520     1.000000000     0.647836272
     7.474983322     0.055572846     1.000000000     0.666387809
     7.484989993     0.055302168     1.000000000     0.675768019
     7.494996664     0.055033467     1.000000000     0.681819844
     7.505003336     0.054766723     1.000000000     0.690929187
     7.515010007     0.054501919     1.000000000     0.707489884
     7.525016678     0.054239034     1.000000000     0.734001070
     7.535023349     0.053978051     1.000000000     0.772127155
     7.545030020     0.053718950     1.000000000     0.823594328
     7.555036691     0.053461714     1.000000000     0.890753767
     7.565043362     0.053206326     1.000000000     0.976948404
     7.575050033     0.052952767     1.000000000     1.086784102
     7.585056704     0.052701019     1.000000000     1.226269618
     7.595063376     0.052451066     1.000000000     1.402560273
     7.605070047     0.052202891     1.000000000     1.622615704
     7.615076718     0.051956476     1.000000000     1.889421518
     7.625083389     0.051711806     1.000000000     2.194124300
     7.635090060     0.051468863     1.000000000     2.505008633
     7.645096731     0.051227631     1.000000000     2.763254387
     7.655103402     0.050988095     1.000000000     2.903300164
     7.665110073     0.050750238     1.000000000     2.894827822
     7.675116744     0.050514045     1.000000000     2.762743582
     7.685123416     0.050279500     1.000000000     2.559219251
     7.695130087     0.050046587     1.000000000     2.326792756
     7.705136758     0.049815293     1.000000000     2.091552525
     7.715143429     0.049585601     1.000000000     1.872750008
     7.725150100     0.049357497     1.000000000     1.684867806
     7.735156771     0.049130967     1.000000000     1.534710678
     7.745163442     0.048905995     1.000000000     1.422084755
     7.755170113     0.048682568     1.000000000     1.343156681
     7.765176785     0.048460671     1.000000000     1.293285881
     7.775183456     0.048240291     1.000000000     1.268472076
     7.785190127     0.048021413     1.000000000     1.265861566
     7.795196798     0.047804025     1.000000000     1.283831944
     7.805203469     0.047588112     1.000000000     1.321952840
     7.815210140     0.047373661     1.000000000     1.380950522
     7.825216811     0.047160658     1.000000000     1.462710274
     7.835223482     0.046949092     1.000000000     1.570285477
     7.845230153     0.046738949     1.000000000     1.707794475
     7.855236825     0.046530216     1.000000000     1.879926972
     7.865243496     0.046322881     1.000000000     2.090560083
     7.875250167     0.046116930     1.000000000     2.340030812
     7.885256838     0.045912353     1.000000000     2.622060542
     7.895263509     0.045709136     1.000000000     2.925134329
     7.905270180     0.045507268     1.000000000     3.244100051
     7.915276851     0.045306736     1.000000000     3.595166144
     7.925283522     0.045107530     1.000000000     4.015468460
     7.935290193     0.044909636     1.000000000     4.545862990
     7.945296865     0.044713044     1.000000000     5.213767039
     7.955303536     0.044517742     1.000000000     6.021139492
     7.965310207     0.044323720     1.000000000     6.926866434
     7.975316878     0.044130965     1.000000000     7.815184462
     7.985323549     0.043939466     1.000000000     8.481018111
     7.995330220     0.043749214     1.000000000     8.709194704
     8.005336891     0.043560197     1.000000000     8.438833943
     8.015343562     0.043372403     1.000000000     7.827320926
     8.025350233     0.043185824     1.000000000     7.123731198
     8.035356905     0.043000448     1.000000000     6.521422295
     8.045363576     0.042816265     1.000000000     6.119682046
     8.055370247     0.042633265     1.000000000     5.955590062
     8.065376918     0.042451437     1.000000000     6.041191018
     8.075383589     0.042270772     1.000000000     6.383190811
     8.085390260     0.042091260     1.000000000     6.984038517
     8.095396931     0.041912891     1.000000000     7.823782964
     8.105403602     0.041735655     1.000000000     8.820706769
     8.115410274     0.041559542     1.000000000     9.785465557
     8.125416945     0.041384543     1.000000000    10.428506153
     8.135423616     0.041210650     1.000000000    10.488397655
     8.145430287     0.041037851     1.000000000     9.907902184
     8.155436958     0.040866139     1.000000000     8.863761031
     8.165443629     0.040695504     1.000000000     7.628318136
     8.175450300     0.040525938     1.000000000     6.424003981
     8.185456971     0.040357430     1.000000000     5.369063292
     8.195463642     0.040189973     1.000000000     4.496857735
     8.205470314     0.040023557     1.000000000     3.795521449
     8.215476985     0.039858175     1.000000000     3.237240163
     8.225483656     0.039693817     1.000000000     2.792910034
     8.235490327     0.039530475     1.000000000     2.437509301
     8.245496998     0.039368141     1.000000000     2.151156247
     8.255503669     0.039206806     1.000000000     1.918586162
     8.265510340     0.039046463     1.000000000     1.728238253
     8.275517011     0.038887102     1.000000000     1.571386693
     8.285523682     0.038728716     1.000000000     1.441435284
     8.295530354     0.038571298     1.000000000     1.333380898
     8.305537025     0.038414839     1.000000000     1.243417381
     8.315543696     0.038259331     1.000000000     1.168647540
     8.325550367     0.038104767     1.000000000     1.106875777
     8.335557038     0.037951139     1.000000000     1.056460540
     8.345563709     0.037798440     1.000000000     1.016211693
     8.355570380     0.037646661     1.000000000     0.985322650
     8.365577051     0.037495797     1.000000000     0.963330900
     8.375583722     0.037345838     1.000000000     0.950103565
     8.385590394     0.037196779     1.000000000     0.945847297
     8.395597065     0.037048612     1.000000000     0.951144288
     8.405603736     0.036901329     1.000000000     0.967018653
     8.415610407     0.036754924     1.000000000     0.995039667
     8.425617078     0.036609390     1.000000000     1.037469421
     8.435623749     0.036464720     1.000000000     1.097459279
     8.445630420     0.036320907     1.000000000     1.179284023
     8.455637091     0.036177944     1.000000000     1.288554655
     8.465643763     0.036035824     1.000000000     1.432225771
     8.475650434     0.035894542     1.000000000     1.617928349
     8.485657105     0.035754090     1.000000000     1.851630452
     8.495663776     0.035614462     1.000000000     2.132063664
     8.505670447     0.035475651     1.000000000     2.441119646
     8.515677118     0.035337651     1.000000000     2.734458335
     8.525683789     0.035200456     1.000000000     2.944830987
     8.535690460     0.035064060     1.000000000     3.007921739
     8.545697131     0.034928456     1.000000000     2.899142333
     8.555703803     0.034793638     1.000000000     2.652320450
     8.565710474     0.034659600     1.000000000     2.338776195
     8.575717145     0.034526336     1.000000000     2.024943818
     8.585723816     0.034393840     1.000000000     1.748630672
     8.595730487     0.034262107     1.000000000     1.521799768
     8.605737158     0.034131129     1.000000000     1.342376934
     8.615743829     0.034000903     1.000000000     1.203250897
     8.625750500     0.033871421     1.000000000     1.096754697
     8.635757171     0.033742679     1.000000000     1.016316875
     8.645763843     0.033614670     1.000000000     0.956819590
     8.655770514     0.033487389     1.000000000     0.914487120
     8.665777185     0.033360830     1.000000000     0.886659356
     8.675783856     0.033234989     1.000000000     0.871580476
     8.685790527     0.033109859     1.000000000     0.868241222
     8.695797198     0.032985435     1.000000000     0.876280675
     8.705803869     0.032861712     1.000000000     0.895944939
     8.715810540     0.032738685     1.000000000     0.928100580
     8.725817211     0.032616348     1.000000000     0.974304247
     8.735823883     0.032494697     1.000000000     1.036933777
     8.745830554     0.032373726     1.000000000     1.119387988
     8.755837225     0.032253429     1.000000000     1.226357066
     8.765843896     0.032133803     1.000000000     1.364140139
     8.775850567     0.032014842     1.000000000     1.540910150
     8.785857238     0.031896542     1.000000000     1.766631526
     8.795863909     0.031778896     1.000000000     2.051910247
     8.805870580     0.031661901     1.000000000     2.404338928
     8.815877252     0.031545552     1.000000000     2.820434301
     8.825883923     0.031429843     1.000000000     3.273517870
     8.835890594     0.031314771     1.000000000     3.706498123
     8.845897265     0.031200330     1.000000000     4.046093194
     8.855903936     0.031086516     1.000000000     4.235737023
     8.865910607     0.030973325     1.000000000     4.254481890
     8.875917278     0.030860752     1.000000000     4.114742770
     8.885923949     0.030748791     1.000000000     3.858722434
     8.895930620     0.030637440     1.000000000     3.541298451
     8.905937292     0.030526693     1.000000000     3.199148601
     8.915943963     0.030416546     1.000000000     2.844981897
     8.925950634     0.030306995     1.000000000     2.489896130
     8.935957305     0.030198036     1.000000000     2.154615977
     8.945963976     0.030089663     1.000000000     1.858845824
     8.955970647     0.029981874     1.000000000     1.611382070
     8.965977318     0.029874663     1.000000000     1.410934073
     8.975983989     0.029768028     1.000000000     1.251217278
     8.985990660     0.029661962     1.000000000     1.124838008
     8.995997332     0.029556464     1.000000000     1.025112195
     9.006004003     0.029451527     1.000000000     0.946604411
     9.016010674     0.029347149     1.000000000     0.885109210
     9.026017345     0.029243326     1.000000000     0.837455697
     9.036024016     0.029140053     1.000000000     0.801292837
     9.046030687     0.029037327     1.000000000     0.774907574
     9.056037358     0.028935144     1.000000000     0.757085900
     9.066044029     0.028833500     1.000000000     0.747013155
     9.076050700     0.028732391     1.000000000     0.744206789
     9.086057372     0.028631814     1.000000000     0.748475680
     9.096064043     0.028531764     1.000000000     0.759901918
     9.106070714     0.028432238     1.000000000     0.778843118
     9.116077385     0.028333233     1.000000000     0.805955366
     9.126084056     0.028234745     1.000000000     0.842239110
     9.136090727     0.028136769     1.000000000     0.889112781
     9.146097398     0.028039304     1.000000000     0.948521847
     9.156104069     0.027942344     1.000000000     1.023094493
     9.166110740     0.027845887     1.000000000     1.116358900
     9.176117412     0.027749929     1.000000000     1.233039676
     9.186124083     0.027654467     1.000000000     1.379448042
     9.196130754     0.027559497     1.000000000     1.563959622
     9.206137425     0.027465016     1.000000000     1.797504332
     9.216144096     0.027371021     1.000000000     2.093803077
     9.226150767     0.027277508     1.000000000     2.468629305
     9.236157438     0.027184473     1.000000000     2.936436213
     9.246164109     0.027091915     1.000000000     3.501302981
     9.256170781     0.026999828     1.000000000     4.138890821
     9.266177452     0.026908211     1.000000000     4.772352517
     9.276184123     0.026817060     1.000000000     5.263884301
     9.286190794     0.026726372     1.000000000     5.459759795
     9.296197465     0.026636143     1.000000000     5.289207503
     9.306204136     0.026546371     1.000000000     4.825751395
     9.316210807     0.026457053     1.000000000     4.229730841
     9.326217478     0.026368185     1.000000000     3.642957607
     9.336224149     0.026279764     1.000000000     3.141844923
     9.346230821     0.026191788     1.000000000     2.749894485
     9.356237492     0.026104254     1.000000000     2.464304194
     9.366244163     0.026017158     1.000000000     2.274269535
     9.376250834     0.025930497     1.000000000     2.169752151
     9.386257505     0.025844270     1.000000000     2.144714388
     9.396264176     0.025758472     1.000000000     2.197685500
     9.406270847     0.025673101     1.000000000     2.330601741
     9.416277518     0.025588154     1.000000000     2.545173373
     9.426284189     0.025503628     1.000000000     2.834543357
     9.436290861     0.025419521     1.000000000     3.168159027
     9.446297532     0.025335830     1.000000000     3.475005620
     9.456304203     0.025252552     1.000000000     3.648820057
     9.466310874     0.025169684     1.000000000     3.602397657
     9.476317545     0.025087224     1.000000000     3.336878650
     9.486324216     0.025005169     1.000000000     2.939491439
     9.496330887     0.024923516     1.000000000     2.512801980
     9.506337558     0.024842262     1.000000000     2.122425434
     9.516344229     0.024761406     1.000000000     1.793332673
     9.526350901     0.024680944     1.000000000     1.526570452
     9.536357572     0.024600874     1.000000000     1.313679127
     9.546364243     0.024521194     1.000000000     1.144257425
     9.556370914     0.024441900     1.000000000     1.008920353
     9.566377585     0.024362991     1.000000000     0.900070851
     9.576384256     0.024284464     1.000000000     0.811835424
     9.586390927     0.024206316     1.000000000     0.739759003
     9.596397598     0.024128545     1.000000000     0.680483014
     9.606404270     0.024051148     1.000000000     0.631474937
     9.616410941     0.023974124     1.000000000     0.590819592
     9.626417612     0.023897469     1.000000000     0.557064039
     9.636424283     0.023821182     1.000000000     0.529104368
     9.646430954     0.023745260     1.000000000     0.506103829
     9.656437625     0.023669700     1.000000000     0.487434063
     9.666444296     0.023594501     1.000000000     0.472633389
     9.676450967     0.023519660     1.000000000     0.461377890
     9.686457638     0.023445175     1.000000000     0.453462412
     9.696464310     0.023371044     1.000000000     0.448789622
     9.706470981     0.023297264     1.000000000     0.447366119
     9.716477652     0.023223833     1.000000000     0.449305306
     9.726484323     0.023150749     1.000000000     0.454837384
     9.736490994     0.023078009     1.000000000     0.464327575
     9.746497665     0.023005612     1.000000000     0.478304551
     9.756504336     0.022933556     1.000000000     0.497502090
     9.766511007     0.022861838     1.000000000     0.522918411
     9.776517678     0.022790456     1.000000000     0.555899280
     9.786524350     0.022719409     1.000000000     0.598252800
     9.796531021     0.022648693     1.000000000     0.652404697
     9.806537692     0.022578307     1.000000000     0.721600355
     9.816544363     0.022508249     1.000000000     0.810146260
     9.826551034     0.022438517     1.000000000     0.923640423
     9.836557705     0.022369109     1.000000000     1.069025328
     9.846564376     0.022300022     1.000000000     1.254019393
     9.856571047     0.022231256     1.000000000     1.484915189
     9.866577718     0.022162807     1.000000000     1.760913774
     9.876584390     0.022094674     1.000000000     2.063231075
     9.886591061     0.022026855     1.000000000     2.342183495
     9.896597732     0.021959348     1.000000000     2.519180256
     9.906604403     0.021892152     1.000000000     2.525599373
     9.916611074     0.021825263     1.000000000     2.357356582
     9.926617745     0.021758681     1.000000000     2.078605390
     9.936624416     0.021692403     1.000000000     1.769359273
     9.946631087     0.021626428     1.000000000     1.482827292
     9.956637759     0.021560754     1.000000000     1.240400814
     9.966644430     0.021495378     1.000000000     1.044100785
     9.976651101     0.021430300     1.000000000     0.887989022
     9.986657772     0.021365517     1.000000000     0.764313931
     9.996664443     0.021301028     1.000000000     0.665969722
    10.006671114     0.021236830     1.000000000     0.587172625
    10.016677785     0.021172923     1.000000000     0.523443653
    10.026684456     0.021109304     1.000000000     0.471384754
    10.036691127     0.021045971     1.000000000     0.428433828
    10.046697799     0.020982923     1.000000000     0.392656485
    10.056704470     0.020920158     1.000000000     0.362584410
    10.066711141     0.020857675     1.000000000     0.337094713
    10.076717812     0.020795471     1.000000000     0.315321351
    10.086724483     0.020733546     1.000000000     0.296590427
    10.096731154     0.020671896     1.000000000     0.280372893
    10.106737825     0.020610522     1.000000000     0.266249815
    10.116744496     0.020549421     1.000000000     0.253886696
    10.126751167     0.020488591     1.000000000     0.243014369
    10.136757839     0.020428031     1.000000000     0.233414647
    10.146764510     0.020367740     1.000000000     0.224909473
    10.156771181     0.020307715     1.000000000     0.217352647
    10.166777852     0.020247955     1.000000000     0.210623461
    10.176784523     0.020188459     1.000000000     0.204621781
    10.186791194     0.020129225     1.000000000     0.199264210
    10.196797865     0.020070252     1.000000000     0.194481072
    10.206804536     0.020011537     1.000000000     0.190214038
    10.216811207     0.019953080     1.000000000     0.186414222
    10.226817879     0.019894879     1.000000000     0.183040653
    10.236824550     0.019836933     1.000000000     0.180059003
    10.246831221     0.019779239     1.000000000     0.177440546
    10.256837892     0.019721797     1.000000000     0.175161421
    10.266844563     0.019664605     1.000000000     0.173202284
    10.276851234     0.019607662     1.000000000     0.171548230
    10.286857905     0.019550965     1.000000000     0.170188474
    10.296864576     0.019494515     1.000000000     0.169115753
    10.306871247     0.019438309     1.000000000     0.168325871
    10.316877919     0.019382345     1.000000000     0.167817583
    10.326884590     0.019326624     1.000000000     0.167592690
    10.336891261     0.019271142     1.000000000     0.167656204
    10.346897932     0.019215899     1.000000000     0.168016572
    10.356904603     0.019160893     1.000000000     0.168685973
    10.366911274     0.019106124     1.000000000     0.169680719
    10.376917945     0.019051589     1.000000000     0.171021791
    10.386924616     0.018997288     1.000000000     0.172735542
    10.396931288     0.018943218     1.000000000     0.174854609
    10.406937959     0.018889379     1.000000000     0.177419104
    10.416944630     0.018835770     1.000000000     0.180478141
    10.426951301     0.018782388     1.000000000     0.184091835
    10.436957972     0.018729234     1.000000000     0.188333894
    10.446964643     0.018676304     1.000000000     0.193295025
    10.456971314     0.018623599     1.000000000     0.199087427
    10.466977985     0.018571117     1.000000000     0.205850779
    10.476984656     0.018518857     1.000000000     0.213760254
    10.486991328     0.018466817     1.000000000     0.223037345
    10.496997999     0.018414997     1.000000000     0.233964546
    10.507004670     0.018363394     1.000000000     0.246905316
    10.517011341     0.018312008     1.000000000     0.262331146
    10.527018012     0.018260837     1.000000000     0.280857731
    10.537024683     0.018209881     1.000000000     0.303291743
    10.547031354     0.018159138     1.000000000     0.330686716
    10.557038025     0.018108607     1.000000000     0.364397173
    10.567044696     0.018058287     1.000000000     0.406094817
    10.577051368     0.018008176     1.000000000     0.457650116
    10.587058039     0.017958274     1.000000000     0.520659261
    10.597064710     0.017908579     1.000000000     0.595220496
    10.607071381     0.017859091     1.000000000     0.677587601
    10.617078052     0.017809807     1.000000000     0.757429652
    10.627084723     0.017760727     1.000000000     0.818403357
    10.637091394     0.017711850     1.000000000     0.846712801
    10.647098065     0.017663174     1.000000000     0.842844821
    10.657104736     0.017614699     1.000000000     0.822165633
    10.667111408     0.017566423     1.000000000     0.803656447
    10.677118079     0.017518346     1.000000000     0.800996931
    10.687124750     0.017470466     1.000000000     0.821729082
    10.697131421     0.017422782     1.000000000     0.870000779
    10.707138092     0.017375293     1.000000000     0.948759733
    10.717144763     0.017327998     1.000000000     1.060063531
    10.727151434     0.017280896     1.000000000     1.203045629
    10.737158105     0.017233986     1.000000000     1.369300238
    10.747164777     0.017187267     1.000000000     1.537815979
    10.757171448     0.017140738     1.000000000     1.677545937
    10.767178119     0.017094398     1.000000000     1.765988970
    10.777184790     0.017048245     1.000000000     1.811164563
    10.787191461     0.017002279     1.000000000     1.848767554
    10.797198132     0.016956499     1.000000000     1.916739793
    10.807204803     0.016910904     1.000000000     2.034028647
    10.817211474     0.016865492     1.000000000     2.190918839
    10.827218145     0.016820264     1.000000000     2.345301549
    10.837224817     0.016775217     1.000000000     2.431735788
    10.847231488     0.016730351     1.000000000     2.394544082
    10.857238159     0.016685664     1.000000000     2.225775840
    10.867244830     0.016641157     1.000000000     1.968226645
    10.877251501     0.016596828     1.000000000     1.682264565
    10.887258172     0.016552675     1.000000000     1.413317324
    10.897264843     0.016508699     1.000000000     1.182571180
    10.907271514     0.016464898     1.000000000     0.993813463
    10.917278185     0.016421271     1.000000000     0.842643813
    10.927284857     0.016377817     1.000000000     0.722307132
    10.937291528     0.016334536     1.000000000     0.626304957
    10.947298199     0.016291426     1.000000000     0.549230045
    10.957304870     0.016248487     1.000000000     0.486847460
    10.967311541     0.016205717     1.000000000     0.435925836
    10.977318212     0.016163116     1.000000000     0.394023649
    10.987324883     0.016120683     1.000000000     0.359299772
    10.997331554     0.016078417     1.000000000     0.330364159
    11.007338225     0.016036317     1.000000000     0.306166114
    11.017344897     0.015994382     1.000000000     0.285913029
    11.027351568     0.015952612     1.000000000     0.269012529
    11.037358239     0.015911005     1.000000000     0.255032450
    11.047364910     0.015869561     1.000000000     0.243674638
    11.057371581     0.015828279     1.000000000     0.234759906
    11.067378252     0.015787157     1.000000000     0.228222371
    11.077384923     0.015746196     1.000000000     0.224111672
    11.087391594     0.015705394     1.000000000     0.222600347
    11.097398266     0.015664750     1.000000000     0.223989159
    11.107404937     0.015624265     1.000000000     0.228690967
    11.117411608     0.015583936     1.000000000     0.237145896
    11.127418279     0.015543763     1.000000000     0.249569377
    11.137424950     0.015503745     1.000000000     0.265384259
    11.147431621     0.015463882     1.000000000     0.282297108
    11.157438292     0.015424172     1.000000000     0.295616483
    11.167444963     0.015384615     1.000000000     0.299445340
    11.177451634     0.015345211     1.000000000     0.290463440
    11.187458306     0.015305957     1.000000000     0.270780248
    11.197464977     0.015266854     1.000000000     0.246017881
    11.207471648     0.015227901     1.000000000     0.221275649
    11.217478319     0.015189097     1.000000000     0.199287687
    11.227484990     0.015150441     1.000000000     0.180842655
    11.237491661     0.015111932     1.000000000     0.165740369
    11.247498332     0.015073571     1.000000000     0.153445906
    11.257505003     0.015035355     1.000000000     0.143396224
    11.267511674     0.014997284     1.000000000     0.135107460
    11.277518346     0.014959358     1.000000000     0.128195108
    11.287525017     0.014921576     1.000000000     0.122363477
    11.297531688     0.014883936     1.000000000     0.117387851
    11.307538359     0.014846439     1.000000000     0.113097663
    11.317545030     0.014809084     1.000000000     0.109362867
    11.327551701     0.014771870     1.000000000     0.106083581
    11.337558372     0.014734795     1.000000000     0.103182411
    11.347565043     0.014697860     1.000000000     0.100598828
    11.357571714     0.014661064     1.000000000     0.098285053
    11.367578386     0.014624406     1.000000000     0.096203039
    11.377585057     0.014587886     1.000000000     0.094322249
    11.387591728     0.014551502     1.000000000     0.092618001
    11.397598399     0.014515254     1.000000000     0.091070242
    11.407605070     0.014479142     1.000000000     0.089662615
    11.417611741     0.014443164     1.000000000     0.088381770
    11.427618412     0.014407320     1.000000000     0.087216838
    11.437625083     0.014371609     1.000000000     0.086159038
    11.447631755     0.014336032     1.000000000     0.085201397
    11.457638426     0.014300586     1.000000000     0.084338552
    11.467645097     0.014265271     1.000000000     0.083566628
    11.477651768     0.014230088     1.000000000     0.082883195
    11.487658439     0.014195034     1.000000000     0.082287295
    11.497665110     0.014160110     1.000000000     0.081779556
    11.507671781     0.014125315     1.000000000     0.081362403
    11.517678452     0.014090647     1.000000000     0.081040385
    11.527685123     0.014056108     1.000000000     0.080820633
    11.537691795     0.014021695     1.000000000     0.080713438
    11.547698466     0.013987408     1.000000000     0.080732821
    11.557705137     0.013953248     1.000000000     0.080896731
    11.567711808     0.013919212     1.000000000     0.081225846
    11.577718479     0.013885301     1.000000000     0.081738603
    11.587725150     0.013851513     1.000000000     0.082438117
    11.597731821     0.013817849     1.000000000     0.083286405
    11.607738492     0.013784307     1.000000000     0.084172244
    11.617745163     0.013750888     1.000000000     0.084911561
    11.627751835     0.013717590     1.000000000     0.085336434
    11.637758506     0.013684412     1.000000000     0.085431766
    11.647765177     0.013651355     1.000000000     0.085356848
    11.657771848     0.013618418     1.000000000     0.085321859
    11.667778519     0.013585600     1.000000000     0.085477547
    11.677785190     0.013552901     1.000000000     0.085897969
    11.687791861     0.013520319     1.000000000     0.086610580
    11.697798532     0.013487855     1.000000000     0.087625800
    11.707805203     0.013455507     1.000000000     0.088953870
    11.717811875     0.013423276     1.000000000     0.090612541
    11.727818546     0.013391161     1.000000000     0.092630484
    11.737825217     0.013359161     1.000000000     0.095049323
    11.747831888     0.013327275     1.000000000     0.097925749
    11.757838559     0.013295504     1.000000000     0.101334418
    11.767845230     0.013263846     1.000000000     0.105372107
    11.777851901     0.013232301     1.000000000     0.110163593
    11.787858572     0.013200869     1.000000000     0.115869871
    11.797865243     0.013169548     1.000000000     0.122699523
    11.807871915     0.013138339     1.000000000     0.130924380
    11.817878586     0.013107241     1.000000000     0.140900917
    11.827885257     0.013076253     1.000000000     0.153099071
    11.837891928     0.013045375     1.000000000     0.168139755
    11.847898599     0.013014606     1.000000000     0.186840222
    11.857905270     0.012983946     1.000000000     0.210259299
    11.867911941     0.012953394     1.000000000     0.239715306
    11.877918612     0.012922950     1.000000000     0.276703165
    11.887925284     0.012892613     1.000000000     0.322542375
    11.897931955     0.012862383     1.000000000     0.377449816
    11.907938626     0.012832259     1.000000000     0.438735651
    11.917945297     0.012802241     1.000000000     0.498616959
    11.927951968     0.012772329     1.000000000     0.544362452
    11.937958639     0.012742521     1.000000000     0.564448852
    11.947965310     0.012712817     1.000000000     0.557817544
    11.957971981     0.012683217     1.000000000     0.535399245
    11.967978652     0.012653720     1.000000000     0.511449572
    11.977985324     0.012624327     1.000000000     0.494749929
    11.987991995     0.012595035     1.000000000     0.485581638
    11.997998666     0.012565846     1.000000000     0.476937618
    12.008005337     0.012536758     1.000000000     0.459202485
    12.018012008     0.012507770     1.000000000     0.427458219
    12.028018679     0.012478884     1.000000000     0.385217470
    12.038025350     0.012450097     1.000000000     0.340463964
    12.048032021     0.012421410     1.000000000     0.299776821
    12.058038692     0.012392822     1.000000000     0.266286611
    12.068045364     0.012364332     1.000000000     0.240608400
    12.078052035     0.012335941     1.000000000     0.222211062
    12.088058706     0.012307647     1.000000000     0.210210152
    12.098065377     0.012279451     1.000000000     0.203565260
    12.108072048     0.012251351     1.000000000     0.200852248
    12.118078719     0.012223348     1.000000000     0.199861040
    12.128085390     0.012195441     1.000000000     0.197620637
    12.138092061     0.012167630     1.000000000     0.191579032
    12.148098732     0.012139913     1.000000000     0.181302397
    12.158105404     0.012112291     1.000000000     0.168595358
    12.168112075     0.012084763     1.000000000     0.155841241
    12.178118746     0.012057329     1.000000000     0.144631735
    12.188125417     0.012029989     1.000000000     0.135590214
    12.198132088     0.012002741     1.000000000     0.128758310
    12.208138759     0.011975586     1.000000000     0.123956384
    12.218145430     0.011948523     1.000000000     0.120980473
    12.228152101     0.011921552     1.000000000     0.119684884
    12.238158773     0.011894671     1.000000000     0.120010961
    12.248165444     0.011867882     1.000000000     0.121996864
    12.258172115     0.011841183     1.000000000     0.125783507
    12.268178786     0.011814575     1.000000000     0.131620914
    12.278185457     0.011788055     1.000000000     0.139873234
    12.288192128     0.011761625     1.000000000     0.151019303
    12.298198799     0.011735284     1.000000000     0.165650660
    12.308205470     0.011709032     1.000000000     0.184458602
    12.318212141     0.011682867     1.000000000     0.208104326
    12.328218813     0.011656790     1.000000000     0.236691699
    12.338225484     0.011630800     1.000000000     0.268584165
    12.348232155     0.011604897     1.000000000     0.298885323
    12.358238826     0.011579081     1.000000000     0.319296806
    12.368245497     0.011553351     1.000000000     0.321876118
    12.378252168     0.011527706     1.000000000     0.305166158
    12.388258839     0.011502147     1.000000000     0.275516497
    12.398265510     0.011476672     1.000000000     0.241758525
    12.408272181     0.011451283     1.000000000     0.210124388
    12.418278853     0.011425977     1.000000000     0.183290922
    12.428285524     0.011400755     1.000000000     0.161652416
    12.438292195     0.011375617     1.000000000     0.144624448
    12.448298866     0.011350562     1.000000000     0.131376564
    12.458305537     0.011325589     1.000000000     0.121135640
    12.468312208     0.011300699     1.000000000     0.113275399
    12.478318879     0.011275891     1.000000000     0.107321001
    12.488325550     0.011251165     1.000000000     0.102927678
    12.498332221     0.011226520     1.000000000     0.099856404
    12.508338893     0.011201955     1.000000000     0.097954229
    12.518345564     0.011177472     1.000000000     0.097141060
    12.528352235     0.011153068     1.000000000     0.097402861
    12.538358906     0.011128744     1.000000000     0.098790818
    12.548365577     0.011104500     1.000000000     0.101425981
    12.558372248     0.011080335     1.000000000     0.105508337
    12.568378919     0.011056249     1.000000000     0.111327151
    12.578385590     0.011032242     1.000000000     0.119263375
    12.588392262     0.011008312     1.000000000     0.129760447
    12.598398933     0.010984460     1.000000000     0.143211201
    12.608405604     0.010960686     1.000000000     0.159671665
    12.618412275     0.010936989     1.000000000     0.178332043
    12.628418946     0.010913369     1.000000000     0.196929724
    12.638425617     0.010889825     1.000000000     0.211816074
    12.648432288     0.010866357     1.000000000     0.219297284
    12.658438959     0.010842966     1.000000000     0.217378865
    12.668445630     0.010819649     1.000000000     0.206573958
    12.678452302     0.010796408     1.000000000     0.189724778
    12.688458973     0.010773242     1.000000000     0.170742971
    12.698465644     0.010750150     1.000000000     0.152815867
    12.708472315     0.010727132     1.000000000     0.137574933
    12.718478986     0.010704188     1.000000000     0.125406764
    12.728485657     0.010681318     1.000000000     0.116072394
    12.738492328     0.010658521     1.000000000     0.109138870
    12.748498999     0.010635797     1.000000000     0.104183386
    12.758505670     0.010613146     1.000000000     0.100863657
    12.768512342     0.010590566     1.000000000     0.098929827
    12.778519013     0.010568059     1.000000000     0.098216739
    12.788525684     0.010545624     1.000000000     0.098632941
    12.798532355     0.010523260     1.000000000     0.100152409
    12.808539026     0.010500967     1.000000000     0.102810896
    12.818545697     0.010478745     1.000000000     0.106707530
    12.828552368     0.010456593     1.000000000     0.112012173
    12.838559039     0.010434512     1.000000000     0.118979323
    12.848565710     0.010412500     1.000000000     0.127969731
    12.858572382     0.010390558     1.000000000     0.139480944
    12.868579053     0.010368686     1.000000000     0.154186891
    12.878585724     0.010346882     1.000000000     0.172982207
    12.888592395     0.010325147     1.000000000     0.197014168
    12.898599066     0.010303481     1.000000000     0.227652467
    12.908605737     0.010281883     1.000000000     0.266274508
    12.918612408     0.010260352     1.000000000     0.313615416
    12.928619079     0.010238889     1.000000000     0.368323026
    12.938625751     0.010217494     1.000000000     0.424691904
    12.948632422     0.010196165     1.000000000     0.471182332
    12.958639093     0.010174903     1.000000000     0.493560734
    12.968645764     0.010153708     1.000000000     0.483685213
    12.978652435     0.010132579     1.000000000     0.445784841
    12.988659106     0.010111516     1.000000000     0.392664822
    12.998665777     0.010090518     1.000000000     0.337116475
    13.008672448     0.010069586     1.000000000     0.286999500
    13.018679119     0.010048719     1.000000000     0.245271023
    13.028685791     0.010027917     1.000000000     0.211986937
    13.038692462     0.010007179     1.000000000     0.186036066
    13.048699133     0.009986505     1.000000000     0.166083227
    13.058705804     0.009965896     1.000000000     0.150950529
    13.068712475     0.009945350     1.000000000     0.139722607
    13.078719146     0.009924868     1.000000000     0.131745361
    13.088725817     0.009904449     1.000000000     0.126595736
    13.098732488     0.009884093     1.000000000     0.124052310
    13.108739159     0.009863800     1.000000000     0.124074849
    13.118745831     0.009843569     1.000000000     0.126789680
    13.128752502     0.009823400     1.000000000     0.132465927
    13.138759173     0.009803294     1.000000000     0.141445389
    13.148765844     0.009783249     1.000000000     0.153947087
    13.158772515     0.009763265     1.000000000     0.169617337
    13.168779186     0.009743343     1.000000000     0.186746432
    13.178785857     0.009723482     1.000000000     0.201529751
    13.188792528     0.009703681     1.000000000     0.208694826
    13.198799199     0.009683941     1.000000000     0.204556740
    13.208805871     0.009664260     1.000000000     0.190088432
    13.218812542     0.009644640     1.000000000     0.170009604
    13.228819213     0.009625080     1.000000000     0.149169168
    13.238825884     0.009605579     1.000000000     0.130415373
    13.248832555     0.009586137     1.000000000     0.114713193
    13.258839226     0.009566755     1.000000000     0.101997088
    13.268845897     0.009547431     1.000000000     0.091820595
    13.278852568     0.009528165     1.000000000     0.083678459
    13.288859239     0.009508958     1.000000000     0.077126299
    13.298865911     0.009489809     1.000000000     0.071808060
    13.308872582     0.009470717     1.000000000     0.067449512
    13.318879253     0.009451684     1.000000000     0.063842717
    13.328885924     0.009432707     1.000000000     0.060830588
    13.338892595     0.009413788     1.000000000     0.058294170
    13.348899266     0.009394925     1.000000000     0.056142893
    13.358905937     0.009376120     1.000000000     0.054307333
    13.368912608     0.009357370     1.000000000     0.052733920
    13.378919280     0.009338677     1.000000000     0.051381070
    13.388925951     0.009320040     1.000000000     0.050216371
    13.398932622     0.009301459     1.000000000     0.049214517
    13.408939293     0.009282933     1.000000000     0.048355806
    13.418945964     0.009264462     1.000000000     0.047625036
    13.428952635     0.009246047     1.000000000     0.047010707
    13.438959306     0.009227686     1.000000000     0.046504452
    13.448965977     0.009209380     1.000000000     0.046100653
    13.458972648     0.009191129     1.000000000     0.045796211
    13.468979320     0.009172931     1.000000000     0.045590438
    13.478985991     0.009154788     1.000000000     0.045485087
    13.488992662     0.009136699     1.000000000     0.045484507
    13.498999333     0.009118663     1.000000000     0.045595940
    13.509006004     0.009100680     1.000000000     0.045829993
    13.519012675     0.009082751     1.000000000     0.046201333
    13.529019346     0.009064874     1.000000000     0.046729657
    13.539026017     0.009047051     1.000000000     0.047441052
    13.549032688     0.009029280     1.000000000     0.048369865
    13.559039360     0.009011561     1.000000000     0.049561294
    13.569046031     0.008993894     1.000000000     0.051074950
    13.579052702     0.008976279     1.000000000     0.052989756
    13.589059373     0.008958716     1.000000000     0.055410608
    13.599066044     0.008941205     1.000000000     0.058477207
    13.609072715     0.008923745     1.000000000     0.062375193
    13.619079386     0.008906335     1.000000000     0.067348472
    13.629086057     0.008888977     1.000000000     0.073708230
    13.639092728     0.008871670     1.000000000     0.081825326
    13.649099400     0.008854413     1.000000000     0.092073040
    13.659106071     0.008837206     1.000000000     0.104651328
    13.669112742     0.008820050     1.000000000     0.119189722
    13.679119413     0.008802943     1.000000000     0.134107071
    13.689126084     0.008785886     1.000000000     0.146159099
    13.699132755     0.008768879     1.000000000     0.151312478
    13.709139426     0.008751921     1.000000000     0.147385545
    13.719146097     0.008735012     1.000000000     0.135953103
    13.729152769     0.008718152     1.000000000     0.120942021
    13.739159440     0.008701341     1.000000000     0.105856157
    13.749166111     0.008684579     1.000000000     0.092556604
    13.759172782     0.008667865     1.000000000     0.081575817
    13.769179453     0.008651199     1.000000000     0.072777010
    13.779186124     0.008634581     1.000000000     0.065798989
    13.789192795     0.008618011     1.000000000     0.060263174
    13.799199466     0.008601489     1.000000000     0.055845498
    13.809206137     0.008585014     1.000000000     0.052289561
    13.819212809     0.008568586     1.000000000     0.049399194
    13.829219480     0.008552206     1.000000000     0.047026205
    13.839226151     0.008535873     1.000000000     0.045058893
    13.849232822     0.008519586     1.000000000     0.043412767
    13.859239493     0.008503346     1.000000000     0.042023509
    13.869246164     0.008487152     1.000000000     0.040841763
    13.879252835     0.008471005     1.000000000     0.039829331
    13.889259506     0.008454903     1.000000000     0.038956388
    13.899266177     0.008438848     1.000000000     0.038199447
    13.909272849     0.008422838     1.000000000     0.037539858
    13.919279520     0.008406874     1.000000000     0.036962697
    13.929286191     0.008390955     1.000000000     0.036455934
    13.939292862     0.008375081     1.000000000     0.036009810
    13.949299533     0.008359252     1.000000000     0.035616356
    13.959306204     0.008343469     1.000000000     0.035269037
    13.969312875     0.008327729     1.000000000     0.034962462
    13.979319546     0.008312035     1.000000000     0.034692165
    13.989326217     0.008296384     1.000000000     0.034454421
    13.999332889     0.008280778     1.000000000     0.034246107
    14.009339560     0.008265216     1.000000000     0.034064599
    14.019346231     0.008249698     1.000000000     0.033907727
    14.029352902     0.008234223     1.000000000     0.033773753
    14.039359573     0.008218792     1.000000000     0.033661307
    14.049366244     0.008203404     1.000000000     0.033569298
    14.059372915     0.008188060     1.000000000     0.033496852
    14.069379586     0.008172758     1.000000000     0.033443280
    14.079386258     0.008157499     1.000000000     0.033408072
    14.089392929     0.008142283     1.000000000     0.033390889
    14.099399600     0.008127110     1.000000000     0.033391557
    14.109406271     0.008111979     1.000000000     0.033410059
    14.119412942     0.008096890     1.000000000     0.033446532
    14.129419613     0.008081843     1.000000000     0.033501267
    14.139426284     0.008066838     1.000000000     0.033574707
    14.149432955     0.008051875     1.000000000     0.033667456
    14.159439626     0.008036954     1.000000000     0.033780282
    14.169446298     0.008022074     1.000000000     0.033914136
    14.179452969     0.008007235     1.000000000     0.034070158
    14.189459640     0.007992438     1.000000000     0.034249704
    14.199466311     0.007977681     1.000000000     0.034454367
    14.209472982     0.007962965     1.000000000     0.034686012
    14.219479653     0.007948290     1.000000000     0.034946808
    14.229486324     0.007933656     1.000000000     0.035239280
    14.239492995     0.007919062     1.000000000     0.035566367
    14.249499666     0.007904508     1.000000000     0.035931491
    14.259506338     0.007889994     1.000000000     0.036338648
    14.269513009     0.007875520     1.000000000     0.036792521
    14.279519680     0.007861086     1.000000000     0.037298615
    14.289526351     0.007846692     1.000000000     0.037863437
    14.299533022     0.007832337     1.000000000     0.038494721
    14.309539693     0.007818021     1.000000000     0.039201712
    14.319546364     0.007803745     1.000000000     0.039995545
    14.329553035     0.007789508     1.000000000     0.040889726
    14.339559706     0.007775310     1.000000000     0.041900774
    14.349566378     0.007761150     1.000000000     0.043049078
    14.359573049     0.007747030     1.000000000     0.044360025
    14.369579720     0.007732947     1.000000000     0.045865539
    14.379586391     0.007718903     1.000000000     0.047606139
    14.389593062     0.007704898     1.000000000     0.049633708
    14.399599733     0.007690930     1.000000000     0.052015143
    14.409606404     0.007677001     1.000000000     0.054836987
    14.419613075     0.007663109     1.000000000     0.058210751
    14.429619746     0.007649255     1.000000000     0.062277579
    14.439626418     0.007635438     1.000000000     0.067208159
    14.449633089     0.007621659     1.000000000     0.073187915
    14.459639760     0.007607917     1.000000000     0.080368273
    14.469646431     0.007594212     1.000000000     0.088761170
    14.479653102     0.007580545     1.000000000     0.098091766
    14.489659773     0.007566914     1.000000000     0.107741292
    14.499666444     0.007553320     1.000000000     0.116958431
    14.509673115     0.007539762     1.000000000     0.125149413
    14.519679787     0.007526241     1.000000000     0.131772112
    14.529686458     0.007512756     1.000000000     0.136193885
    14.539693129     0.007499308     1.000000000     0.138311123
    14.549699800     0.007485896     1.000000000     0.139239714
    14.559706471     0.007472519     1.000000000     0.140895707
    14.569713142     0.007459179     1.000000000     0.145053198
    14.579719813     0.007445874     1.000000000     0.152967521
    14.589726484     0.007432605     1.000000000     0.165551494
    14.599733155     0.007419371     1.000000000     0.183633306
    14.609739827     0.007406172     1.000000000     0.208027337
    14.619746498     0.007393009     1.000000000     0.239292669
    14.629753169     0.007379881     1.000000000     0.277078585
    14.639759840     0.007366787     1.000000000     0.319181044
    14.649766511     0.007353729     1.000000000     0.361126794
    14.659773182     0.007340705     1.000000000     0.397409267
    14.669779853     0.007327716     1.000000000     0.423661100
    14.679786524     0.007314761     1.000000000     0.437376383
    14.689793195     0.007301841     1.000000000     0.436961843
    14.699799867     0.007288955     1.000000000     0.420958868
    14.709806538     0.007276103     1.000000000     0.389461766
    14.719813209     0.007263284     1.000000000     0.346711397
    14.729819880     0.007250500     1.000000000     0.300150102
    14.739826551     0.007237750     1.000000000     0.256373673
    14.749833222     0.007225033     1.000000000     0.218820289
    14.759839893     0.007212349     1.000000000     0.188231791
    14.769846564     0.007199699     1.000000000     0.163968453
    14.779853235     0.007187082     1.000000000     0.144959278
    14.789859907     0.007174499     1.000000000     0.130154774
    14.799866578     0.007161948     1.000000000     0.118680740
    14.809873249     0.007149430     1.000000000     0.109859978
    14.819879920     0.007136945     1.000000000     0.103188744
    14.829886591     0.007124493     1.000000000     0.098304368
    14.839893262     0.007112074     1.000000000     0.094956921
    14.849899933     0.007099686     1.000000000     0.092988290
    14.859906604     0.007087332     1.000000000     0.092318865
    14.869913276     0.007075009     1.000000000     0.092941213
    14.879919947     0.007062718     1.000000000     0.094920280
    14.889926618     0.007050460     1.000000000     0.098399915
    14.899933289     0.007038233     1.000000000     0.103615513
    14.909939960     0.007026038     1.000000000     0.110911603
    14.919946631     0.007013875     1.000000000     0.120759497
    14.929953302     0.007001744     1.000000000     0.133760107
    14.939959973     0.006989644     1.000000000     0.150592785
    14.949966644     0.006977575     1.000000000     0.171822295
    14.959973316     0.006965537     1.000000000     0.197408549
    14.969979987     0.006953531     1.000000000     0.225783900
    14.979986658     0.006941556     1.000000000     0.252821628
    14.989993329     0.006929611     1.000000000     0.272186277
    15.000000000     0.006917697     1.000000000     0.278781463
