  0.000000000  0.000000000  0.000000000      82       0
       1       1  -23.954291071   -0.000000000
       1       2  -23.954291071    0.000000000
       1       3  -22.867637659    0.000000000
       1       4  -22.867637659    0.000000000
       1       5  -22.455508481    0.000000000
       1       6  -22.455508481    0.000000000
       1       7  -22.633235210    0.000000000
       1       8  -22.633235210    0.000000000
       1       9  -13.584839231    0.000000000
       1      10  -13.584839231    0.000000000
       1      11  -13.852588331   -0.000000000
       1      12  -13.852588330    0.000000000
       1      13  -12.923141643    0.000000000
       1      14  -12.923141643    0.000000000
       1      15  -15.709006471    0.000000000
       1      16  -15.709006471    0.000000000
       1      17  -15.579733800    0.000000000
       1      18  -15.579733799    0.000000000
       1      19  -12.600096641    0.000000000
       1      20  -12.600096641    0.000000000
       1      21  -16.078849185    0.000000000
       1      22  -16.078849185    0.000000000
       1      23  -16.043041813    0.000000000
       1      24  -16.043041814    0.000000000
       1      25  -15.544970656    0.000000000
       1      26  -15.544970656    0.000000000
       1      27  -15.674007775    0.000000000
       1      28  -15.674007775    0.000000000
       1      29  -15.636979649    0.000000000
       1      30  -15.636979649    0.000000000
       1      31  -15.572624344    0.000000000
       1      32  -15.572624344    0.000000000
       1      33  -15.557824666    0.000000000
       1      34  -15.557824666    0.000000000
       1      35  -11.418196912   -0.000000000
       1      36  -11.418196912    0.000000000
       1      37  -11.409824512    0.000000000
       1      38  -11.409824512    0.000000000
       1      39   -8.363776892    0.000000000
       1      40   -8.363776893    0.000000000
       1      41   -6.337947039    0.000000000
       1      42   -6.337947039    0.000000000
       1      43  -12.181959916    0.000000000
       1      44  -12.181959918    0.000000000
       1      45  -12.171143837    0.000000000
       1      46  -12.171143836    0.000000000
       1      47  -12.476894229    0.000000000
       1      48  -12.476894229    0.000000000
       1      49  -12.493280747    0.000000000
       1      50  -12.493280752    0.000000000
       1      51  -12.190529929    0.000000000
       1      52  -12.190529929   -0.000000000
       1      53  -12.979476770    0.000000000
       1      54  -12.979476770    0.000000000
       1      55  -12.983272738    0.000000000
       1      56  -12.983272732    0.000000000
       1      57   -9.630187146    0.000000000
       1      58   -9.630187145    0.000000000
       1      59  -13.808519396    0.000000000
       1      60  -13.808519397    0.000000000
       1      61  -13.828564848    0.000000000
       1      62  -13.828564848    0.000000000
       1      63   -7.328654517    0.000000000
       1      64   -7.328654517   -0.000000000
       1      65   -6.614982654    0.000000000
       1      66   -6.614982653    0.000000000
       1      67   -6.736905520    0.000000000
       1      68   -6.736905519    0.000000000
       1      69   -8.606292247    0.000000000
       1      70   -8.606292239   -0.000000000
       1      71   -5.703141391    0.000000000
       1      72   -5.703141392    0.000000000
       1      73  -10.047787274    0.000000000
       1      74  -10.047787314    0.000000000
       1      75   -9.886516448    0.000000000
       1      76   -9.886516487    0.000000000
       1      77   -7.818808710    0.000000000
       1      78   -7.818808707    0.000000000
       1      79   -7.804672000    0.000000000
       1      80   -7.804672161    0.000000000
       1      81   -7.801699530    0.000000000
       1      82   -7.801699504    0.000000000
  0.000000000  0.333333333  0.000000000      82       0
       1       1  -23.991735785   -0.000000000
       1       2  -23.991735785   -0.000000000
       1       3  -22.802525743    0.000000000
       1       4  -22.802525743    0.000000000
       1       5  -22.374535821    0.000000000
       1       6  -22.374535821    0.000000000
       1       7  -22.517615785    0.000000000
       1       8  -22.517615784    0.000000000
       1       9  -14.107503549   -0.000000000
       1      10  -14.107503549   -0.000000000
       1      11  -14.191092641   -0.000000000
       1      12  -14.191092641    0.000000000
       1      13  -13.493778876   -0.000000000
       1      14  -13.493778876    0.000000000
       1      15  -13.496948962   -0.000000000
       1      16  -13.496948962   -0.000000000
       1      17  -13.295200525    0.000000000
       1      18  -13.295200525    0.000000000
       1      19  -15.330321846    0.000000000
       1      20  -15.330321848    0.000000000
       1      21  -13.476403647    0.000000000
       1      22  -13.476403647    0.000000000
       1      23  -14.784583760   -0.000000000
       1      24  -14.784583759    0.000000000
       1      25  -15.181556044    0.000000000
       1      26  -15.181556044    0.000000000
       1      27  -17.102069525    0.000000000
       1      28  -17.102069525    0.000000000
       1      29  -16.482044661    0.000000000
       1      30  -16.482044662    0.000000000
       1      31  -15.858669522    0.000000000
       1      32  -15.858669522    0.000000000
       1      33  -16.607133176    0.000000000
       1      34  -16.607133177    0.000000000
       1      35  -11.840425531    0.000000000
       1      36  -11.840425531    0.000000000
       1      37  -10.872245025    0.000000000
       1      38  -10.872245024    0.000000000
       1      39  -11.840138303    0.000000000
       1      40  -11.840138303   -0.000000000
       1      41  -10.091026672   -0.000000000
       1      42  -10.091026673    0.000000000
       1      43  -11.829737778    0.000000000
       1      44  -11.829737779    0.000000000
       1      45  -12.876730149    0.000000000
       1      46  -12.876730149    0.000000000
       1      47   -9.369256685    0.000000000
       1      48   -9.369256685   -0.000000000
       1      49  -11.041718892    0.000000000
       1      50  -11.041718890   -0.000000000
       1      51  -11.902006753    0.000000000
       1      52  -11.902006754    0.000000000
       1      53   -9.503553388    0.000000000
       1      54   -9.503553388    0.000000000
       1      55  -12.773976368    0.000000000
       1      56  -12.773976369    0.000000000
       1      57  -11.518217852    0.000000000
       1      58  -11.518217854    0.000000000
       1      59  -13.726855759    0.000000000
       1      60  -13.726855763    0.000000000
       1      61   -7.064203433    0.000000000
       1      62   -7.064203432   -0.000000000
       1      63   -6.947726274    0.000000000
       1      64   -6.947726282    0.000000000
       1      65   -7.596007456    0.000000000
       1      66   -7.596007463    0.000000000
       1      67   -8.615561990    0.000000000
       1      68   -8.615561979    0.000000000
       1      69  -10.074755488    0.000000000
       1      70  -10.074755520    0.000000000
       1      71  -10.153395572    0.000000000
       1      72  -10.153395599    0.000000000
       1      73   -6.725065629    0.000000000
       1      74   -6.725065627    0.000000000
       1      75   -5.169110474    0.000000000
       1      76   -5.169110477    0.000000000
       1      77   -9.564273486    0.000000000
       1      78   -9.564273307    0.000000000
       1      79  -10.160413002    0.000000000
       1      80  -10.160412906    0.000000000
       1      81   -7.742042575    0.000000000
       1      82   -7.742042224    0.000000000
  0.000000000  0.666666667  0.000000000      82       0
       1       1  -23.991735785    0.000000000
       1       2  -23.991735785    0.000000000
       1       3  -22.802525743   -0.000000000
       1       4  -22.802525743    0.000000000
       1       5  -22.374535821    0.000000000
       1       6  -22.374535821    0.000000000
       1       7  -22.517615784    0.000000000
       1       8  -22.517615784    0.000000000
       1       9  -14.107503549    0.000000000
       1      10  -14.107503549   -0.000000000
       1      11  -14.191092641    0.000000000
       1      12  -14.191092641    0.000000000
       1      13  -13.493778876    0.000000000
       1      14  -13.493778876   -0.000000000
       1      15  -13.496948961    0.000000000
       1      16  -13.496948961    0.000000000
       1      17  -13.295200525    0.000000000
       1      18  -13.295200525    0.000000000
       1      19  -15.330321847    0.000000000
       1      20  -15.330321848    0.000000000
       1      21  -13.476403646   -0.000000000
       1      22  -13.476403646   -0.000000000
       1      23  -14.784583760   -0.000000000
       1      24  -14.784583759    0.000000000
       1      25  -15.181556044    0.000000000
       1      26  -15.181556044    0.000000000
       1      27  -17.102069524    0.000000000
       1      28  -17.102069525    0.000000000
       1      29  -16.482044662    0.000000000
       1      30  -16.482044660    0.000000000
       1      31  -15.858669522    0.000000000
       1      32  -15.858669522    0.000000000
       1      33  -16.607133176    0.000000000
       1      34  -16.607133176    0.000000000
       1      35  -11.840425531    0.000000000
       1      36  -11.840425532    0.000000000
       1      37  -10.872245024   -0.000000000
       1      38  -10.872245026    0.000000000
       1      39  -11.840138303    0.000000000
       1      40  -11.840138304   -0.000000000
       1      41  -10.091026672    0.000000000
       1      42  -10.091026672    0.000000000
       1      43  -11.829737778    0.000000000
       1      44  -11.829737778   -0.000000000
       1      45  -12.876730148    0.000000000
       1      46  -12.876730148    0.000000000
       1      47   -9.369256685    0.000000000
       1      48   -9.369256686    0.000000000
       1      49  -11.041718891    0.000000000
       1      50  -11.041718889    0.000000000
       1      51  -11.902006751    0.000000000
       1      52  -11.902006755    0.000000000
       1      53   -9.503553387    0.000000000
       1      54   -9.503553388    0.000000000
       1      55  -12.773976370    0.000000000
       1      56  -12.773976368    0.000000000
       1      57  -11.518217853    0.000000000
       1      58  -11.518217852    0.000000000
       1      59  -13.726855756    0.000000000
       1      60  -13.726855758    0.000000000
       1      61   -7.064203437    0.000000000
       1      62   -7.064203437    0.000000000
       1      63   -6.947726278    0.000000000
       1      64   -6.947726276    0.000000000
       1      65   -7.596007454   -0.000000000
       1      66   -7.596007458    0.000000000
       1      67   -8.615561998    0.000000000
       1      68   -8.615561996    0.000000000
       1      69  -10.074755518   -0.000000000
       1      70  -10.074755476    0.000000000
       1      71  -10.153395565    0.000000000
       1      72  -10.153395511    0.000000000
       1      73   -6.725065684    0.000000000
       1      74   -6.725065650    0.000000000
       1      75   -5.169110480   -0.000000000
       1      76   -5.169110499    0.000000000
       1      77   -9.564273304    0.000000000
       1      78   -9.564273295    0.000000000
       1      79  -10.160412949   -0.000000000
       1      80  -10.160412910    0.000000000
       1      81   -7.742042214    0.000000000
       1      82   -7.742042307    0.000000000
  0.333333333  0.000000000  0.000000000      82       0
       1       1  -23.991735785    0.000000000
       1       2  -23.991735785    0.000000000
       1       3  -22.802525743    0.000000000
       1       4  -22.802525743    0.000000000
       1       5  -22.374535821    0.000000000
       1       6  -22.374535821    0.000000000
       1       7  -22.517615784    0.000000000
       1       8  -22.517615784    0.000000000
       1       9  -14.107503549   -0.000000000
       1      10  -14.107503549    0.000000000
       1      11  -14.191092641    0.000000000
       1      12  -14.191092641    0.000000000
       1      13  -13.493778877    0.000000000
       1      14  -13.493778876    0.000000000
       1      15  -13.496948962    0.000000000
       1      16  -13.496948961    0.000000000
       1      17  -13.295200525    0.000000000
       1      18  -13.295200525    0.000000000
       1      19  -15.330321848    0.000000000
       1      20  -15.330321847    0.000000000
       1      21  -13.476403647    0.000000000
       1      22  -13.476403647   -0.000000000
       1      23  -14.784583759    0.000000000
       1      24  -14.784583759    0.000000000
       1      25  -15.181556044    0.000000000
       1      26  -15.181556044    0.000000000
       1      27  -17.102069525    0.000000000
       1      28  -17.102069524    0.000000000
       1      29  -16.482044661    0.000000000
       1      30  -16.482044660    0.000000000
       1      31  -15.858669522    0.000000000
       1      32  -15.858669522    0.000000000
       1      33  -16.607133176    0.000000000
       1      34  -16.607133176    0.000000000
       1      35  -11.840425531    0.000000000
       1      36  -11.840425532    0.000000000
       1      37  -10.872245025    0.000000000
       1      38  -10.872245025    0.000000000
       1      39  -11.840138303    0.000000000
       1      40  -11.840138304    0.000000000
       1      41  -10.091026673    0.000000000
       1      42  -10.091026671    0.000000000
       1      43  -11.829737779    0.000000000
       1      44  -11.829737778    0.000000000
       1      45  -12.876730150    0.000000000
       1      46  -12.876730148    0.000000000
       1      47   -9.369256684   -0.000000000
       1      48   -9.369256686    0.000000000
       1      49  -11.041718891   -0.000000000
       1      50  -11.041718891   -0.000000000
       1      51  -11.902006753    0.000000000
       1      52  -11.902006752    0.000000000
       1      53   -9.503553389    0.000000000
       1      54   -9.503553387    0.000000000
       1      55  -12.773976369    0.000000000
       1      56  -12.773976367    0.000000000
       1      57  -11.518217856    0.000000000
       1      58  -11.518217852    0.000000000
       1      59  -13.726855762    0.000000000
       1      60  -13.726855753    0.000000000
       1      61   -7.064203429    0.000000000
       1      62   -7.064203435    0.000000000
       1      63   -6.947726284    0.000000000
       1      64   -6.947726280    0.000000000
       1      65   -7.596007457    0.000000000
       1      66   -7.596007462    0.000000000
       1      67   -8.615561997    0.000000000
       1      68   -8.615561991    0.000000000
       1      69  -10.074755475    0.000000000
       1      70  -10.074755494    0.000000000
       1      71  -10.153395555    0.000000000
       1      72  -10.153395544    0.000000000
       1      73   -6.725065645    0.000000000
       1      74   -6.725065656    0.000000000
       1      75   -5.169110503    0.000000000
       1      76   -5.169110483    0.000000000
       1      77   -9.564273428    0.000000000
       1      78   -9.564273454    0.000000000
       1      79  -10.160413031    0.000000000
       1      80  -10.160412511    0.000000000
       1      81   -7.742042017    0.000000000
       1      82   -7.742042564    0.000000000
  0.333333333  0.333333333  0.000000000      82       0
       1       1  -23.989062828    0.000000000
       1       2  -23.989066186    0.000000000
       1       3  -22.755909648    0.000000000
       1       4  -22.778036837    0.000000000
       1       5  -22.336367032    0.000000000
       1       6  -22.413920483    0.000000000
       1       7  -22.383885485    0.000000000
       1       8  -22.429268209    0.000000000
       1       9  -14.550344118   -0.000000000
       1      10  -14.481796489   -0.000000000
       1      11  -14.478937701   -0.000000000
       1      12  -14.592363451    0.000000000
       1      13  -13.689392594    0.000000000
       1      14  -13.722262498    0.000000000
       1      15  -13.161413130   -0.000000000
       1      16  -13.157443010   -0.000000000
       1      17  -12.514476681   -0.000000000
       1      18  -12.573493388   -0.000000000
       1      19  -14.036594007    0.000000000
       1      20  -14.129433728   -0.000000000
       1      21  -12.892875368    0.000000000
       1      22  -12.874817228    0.000000000
       1      23  -14.540337065    0.000000000
       1      24  -14.508750669    0.000000000
       1      25  -16.340817295    0.000000000
       1      26  -16.196205016    0.000000000
       1      27  -17.567602924    0.000000000
       1      28  -17.555407458    0.000000000
       1      29  -15.399597975    0.000000000
       1      30  -15.408114884    0.000000000
       1      31  -17.490352564    0.000000000
       1      32  -17.471155457    0.000000000
       1      33  -17.811192916    0.000000000
       1      34  -17.805921189    0.000000000
       1      35  -12.445413725    0.000000000
       1      36  -12.380132630    0.000000000
       1      37  -10.944485849    0.000000000
       1      38  -10.935256169    0.000000000
       1      39   -9.460227156    0.000000000
       1      40   -9.461634308    0.000000000
       1      41  -12.503211091    0.000000000
       1      42  -12.494039458    0.000000000
       1      43  -12.027306274    0.000000000
       1      44  -12.037061245    0.000000000
       1      45  -10.196958643    0.000000000
       1      46  -10.192717126    0.000000000
       1      47  -11.894217104    0.000000000
       1      48  -11.883833794    0.000000000
       1      49  -12.303039008    0.000000000
       1      50  -12.319118777   -0.000000000
       1      51  -12.751655187    0.000000000
       1      52  -12.751919641    0.000000000
       1      53   -9.815446833    0.000000000
       1      54   -9.815713878    0.000000000
       1      55   -9.043508609    0.000000000
       1      56   -9.042305803   -0.000000000
       1      57   -8.646470029    0.000000000
       1      58   -8.626879803    0.000000000
       1      59   -7.519875522    0.000000000
       1      60   -7.701275628   -0.000000000
       1      61  -10.035383169    0.000000000
       1      62   -7.252645959    0.000000000
       1      63   -8.834812527    0.000000000
       1      64  -11.735601891    0.000000000
       1      65   -8.782349877    0.000000000
       1      66   -8.782244968    0.000000000
       1      67   -8.435904471    0.000000000
       1      68   -8.451401586    0.000000000
       1      69   -9.525250005    0.000000000
       1      70   -9.515415871    0.000000000
       1      71   -8.383363234    0.000000000
       1      72   -8.380934138    0.000000000
       1      73  -10.932019337    0.000000000
       1      74  -10.936208784    0.000000000
       1      75  -11.571160681    0.000000000
       1      76  -11.432902800    0.000000000
       1      77  -11.666404998    0.000000000
       1      78  -11.754040749    0.000000000
       1      79   -7.844891802    0.000000000
       1      80   -7.761489142    0.000000000
       1      81   -4.281372779    0.000000000
       1      82   -4.255897944    0.000000000
  0.333333333  0.666666667  0.000000000      82       0
       1       1  -23.991735785    0.000000000
       1       2  -23.991735785    0.000000000
       1       3  -22.802525743    0.000000000
       1       4  -22.802525743    0.000000000
       1       5  -22.374535821    0.000000000
       1       6  -22.374535821    0.000000000
       1       7  -22.517615785    0.000000000
       1       8  -22.517615784    0.000000000
       1       9  -14.107503549    0.000000000
       1      10  -14.107503549   -0.000000000
       1      11  -14.191092641    0.000000000
       1      12  -14.191092641    0.000000000
       1      13  -13.493778876    0.000000000
       1      14  -13.493778876    0.000000000
       1      15  -13.496948962    0.000000000
       1      16  -13.496948962    0.000000000
       1      17  -13.295200525    0.000000000
       1      18  -13.295200525    0.000000000
       1      19  -15.330321848    0.000000000
       1      20  -15.330321848    0.000000000
       1      21  -13.476403646    0.000000000
       1      22  -13.476403647   -0.000000000
       1      23  -14.784583759    0.000000000
       1      24  -14.784583759   -0.000000000
       1      25  -15.181556044    0.000000000
       1      26  -15.181556044    0.000000000
       1      27  -17.102069524    0.000000000
       1      28  -17.102069526    0.000000000
       1      29  -16.482044661    0.000000000
       1      30  -16.482044661    0.000000000
       1      31  -15.858669522    0.000000000
       1      32  -15.858669522    0.000000000
       1      33  -16.607133177    0.000000000
       1      34  -16.607133176    0.000000000
       1      35  -11.840425532    0.000000000
       1      36  -11.840425531    0.000000000
       1      37  -10.872245024    0.000000000
       1      38  -10.872245026    0.000000000
       1      39  -11.840138302    0.000000000
       1      40  -11.840138302    0.000000000
       1      41  -10.091026672    0.000000000
       1      42  -10.091026672    0.000000000
       1      43  -11.829737779    0.000000000
       1      44  -11.829737779    0.000000000
       1      45  -12.876730146    0.000000000
       1      46  -12.876730148    0.000000000
       1      47   -9.369256686   -0.000000000
       1      48   -9.369256684    0.000000000
       1      49  -11.041718891    0.000000000
       1      50  -11.041718891    0.000000000
       1      51  -11.902006751   -0.000000000
       1      52  -11.902006754    0.000000000
       1      53   -9.503553388    0.000000000
       1      54   -9.503553387    0.000000000
       1      55  -12.773976369    0.000000000
       1      56  -12.773976366   -0.000000000
       1      57  -11.518217855    0.000000000
       1      58  -11.518217852   -0.000000000
       1      59  -13.726855756    0.000000000
       1      60  -13.726855764    0.000000000
       1      61   -7.064203434    0.000000000
       1      62   -7.064203434    0.000000000
       1      63   -6.947726285    0.000000000
       1      64   -6.947726276    0.000000000
       1      65   -7.596007458    0.000000000
       1      66   -7.596007455    0.000000000
       1      67   -8.615561992    0.000000000
       1      68   -8.615561999    0.000000000
       1      69  -10.074755452    0.000000000
       1      70  -10.074755467    0.000000000
       1      71  -10.153395573    0.000000000
       1      72  -10.153395599    0.000000000
       1      73   -6.725065665    0.000000000
       1      74   -6.725065681    0.000000000
       1      75   -5.169110532   -0.000000000
       1      76   -5.169110537   -0.000000000
       1      77   -9.564273489    0.000000000
       1      78   -9.564273678    0.000000000
       1      79  -10.160413121   -0.000000000
       1      80  -10.160412919    0.000000000
       1      81   -7.742042388    0.000000000
       1      82   -7.742042559    0.000000000
  0.666666667 -0.000000000  0.000000000      82       0
       1       1  -23.991735785    0.000000000
       1       2  -23.991735785    0.000000000
       1       3  -22.802525743    0.000000000
       1       4  -22.802525743    0.000000000
       1       5  -22.374535822    0.000000000
       1       6  -22.374535821    0.000000000
       1       7  -22.517615784    0.000000000
       1       8  -22.517615784    0.000000000
       1       9  -14.107503549    0.000000000
       1      10  -14.107503549    0.000000000
       1      11  -14.191092641    0.000000000
       1      12  -14.191092641    0.000000000
       1      13  -13.493778876    0.000000000
       1      14  -13.493778877    0.000000000
       1      15  -13.496948961    0.000000000
       1      16  -13.496948962    0.000000000
       1      17  -13.295200525    0.000000000
       1      18  -13.295200525    0.000000000
       1      19  -15.330321847    0.000000000
       1      20  -15.330321849    0.000000000
       1      21  -13.476403647    0.000000000
       1      22  -13.476403647    0.000000000
       1      23  -14.784583759    0.000000000
       1      24  -14.784583759    0.000000000
       1      25  -15.181556044    0.000000000
       1      26  -15.181556044    0.000000000
       1      27  -17.102069524    0.000000000
       1      28  -17.102069526    0.000000000
       1      29  -16.482044661    0.000000000
       1      30  -16.482044661    0.000000000
       1      31  -15.858669522    0.000000000
       1      32  -15.858669521    0.000000000
       1      33  -16.607133177    0.000000000
       1      34  -16.607133176    0.000000000
       1      35  -11.840425531    0.000000000
       1      36  -11.840425531    0.000000000
       1      37  -10.872245025    0.000000000
       1      38  -10.872245025    0.000000000
       1      39  -11.840138303    0.000000000
       1      40  -11.840138303    0.000000000
       1      41  -10.091026673    0.000000000
       1      42  -10.091026672    0.000000000
       1      43  -11.829737778    0.000000000
       1      44  -11.829737778    0.000000000
       1      45  -12.876730148    0.000000000
       1      46  -12.876730147    0.000000000
       1      47   -9.369256685    0.000000000
       1      48   -9.369256686    0.000000000
       1      49  -11.041718889    0.000000000
       1      50  -11.041718891    0.000000000
       1      51  -11.902006757    0.000000000
       1      52  -11.902006751    0.000000000
       1      53   -9.503553387    0.000000000
       1      54   -9.503553386    0.000000000
       1      55  -12.773976368    0.000000000
       1      56  -12.773976367    0.000000000
       1      57  -11.518217853    0.000000000
       1      58  -11.518217853    0.000000000
       1      59  -13.726855761    0.000000000
       1      60  -13.726855761    0.000000000
       1      61   -7.064203440    0.000000000
       1      62   -7.064203435    0.000000000
       1      63   -6.947726283    0.000000000
       1      64   -6.947726282    0.000000000
       1      65   -7.596007460    0.000000000
       1      66   -7.596007461    0.000000000
       1      67   -8.615561990    0.000000000
       1      68   -8.615561980    0.000000000
       1      69  -10.074755475    0.000000000
       1      70  -10.074755506    0.000000000
       1      71  -10.153395567    0.000000000
       1      72  -10.153395582    0.000000000
       1      73   -6.725065647    0.000000000
       1      74   -6.725065619    0.000000000
       1      75   -5.169110489    0.000000000
       1      76   -5.169110521    0.000000000
       1      77   -9.564273265    0.000000000
       1      78   -9.564273263    0.000000000
       1      79  -10.160412823    0.000000000
       1      80  -10.160412942    0.000000000
       1      81   -7.742042485    0.000000000
       1      82   -7.742042224    0.000000000
  0.666666667  0.333333333  0.000000000      82       0
       1       1  -23.991735785    0.000000000
       1       2  -23.991735785    0.000000000
       1       3  -22.802525743    0.000000000
       1       4  -22.802525743    0.000000000
       1       5  -22.374535821    0.000000000
       1       6  -22.374535821    0.000000000
       1       7  -22.517615784    0.000000000
       1       8  -22.517615785    0.000000000
       1       9  -14.107503549    0.000000000
       1      10  -14.107503549   -0.000000000
       1      11  -14.191092641    0.000000000
       1      12  -14.191092641    0.000000000
       1      13  -13.493778876    0.000000000
       1      14  -13.493778877    0.000000000
       1      15  -13.496948962    0.000000000
       1      16  -13.496948961    0.000000000
       1      17  -13.295200525    0.000000000
       1      18  -13.295200525    0.000000000
       1      19  -15.330321847    0.000000000
       1      20  -15.330321848    0.000000000
       1      21  -13.476403647    0.000000000
       1      22  -13.476403647    0.000000000
       1      23  -14.784583759    0.000000000
       1      24  -14.784583759    0.000000000
       1      25  -15.181556044    0.000000000
       1      26  -15.181556044    0.000000000
       1      27  -17.102069524    0.000000000
       1      28  -17.102069523    0.000000000
       1      29  -16.482044661    0.000000000
       1      30  -16.482044661    0.000000000
       1      31  -15.858669522    0.000000000
       1      32  -15.858669522    0.000000000
       1      33  -16.607133176    0.000000000
       1      34  -16.607133177    0.000000000
       1      35  -11.840425532    0.000000000
       1      36  -11.840425532    0.000000000
       1      37  -10.872245025    0.000000000
       1      38  -10.872245024    0.000000000
       1      39  -11.840138304    0.000000000
       1      40  -11.840138303   -0.000000000
       1      41  -10.091026672    0.000000000
       1      42  -10.091026673    0.000000000
       1      43  -11.829737779    0.000000000
       1      44  -11.829737778    0.000000000
       1      45  -12.876730149    0.000000000
       1      46  -12.876730148    0.000000000
       1      47   -9.369256685    0.000000000
       1      48   -9.369256685    0.000000000
       1      49  -11.041718891    0.000000000
       1      50  -11.041718892    0.000000000
       1      51  -11.902006755    0.000000000
       1      52  -11.902006755    0.000000000
       1      53   -9.503553389    0.000000000
       1      54   -9.503553387    0.000000000
       1      55  -12.773976367    0.000000000
       1      56  -12.773976367    0.000000000
       1      57  -11.518217853    0.000000000
       1      58  -11.518217854    0.000000000
       1      59  -13.726855763    0.000000000
       1      60  -13.726855761    0.000000000
       1      61   -7.064203430    0.000000000
       1      62   -7.064203433    0.000000000
       1      63   -6.947726281    0.000000000
       1      64   -6.947726282    0.000000000
       1      65   -7.596007466    0.000000000
       1      66   -7.596007450    0.000000000
       1      67   -8.615561990    0.000000000
       1      68   -8.615561984    0.000000000
       1      69  -10.074755497    0.000000000
       1      70  -10.074755514    0.000000000
       1      71  -10.153395555    0.000000000
       1      72  -10.153395539    0.000000000
       1      73   -6.725065654    0.000000000
       1      74   -6.725065690    0.000000000
       1      75   -5.169110450    0.000000000
       1      76   -5.169110498    0.000000000
       1      77   -9.564273442    0.000000000
       1      78   -9.564273365    0.000000000
       1      79  -10.160412981    0.000000000
       1      80  -10.160412919    0.000000000
       1      81   -7.742042288    0.000000000
       1      82   -7.742042255    0.000000000
  0.666666667  0.666666667  0.000000000      82       0
       1       1  -23.989062828    0.000000000
       1       2  -23.989066186    0.000000000
       1       3  -22.755909648    0.000000000
       1       4  -22.778036837    0.000000000
       1       5  -22.336367032    0.000000000
       1       6  -22.413920483    0.000000000
       1       7  -22.383885485    0.000000000
       1       8  -22.429268209    0.000000000
       1       9  -14.550344118    0.000000000
       1      10  -14.481796489    0.000000000
       1      11  -14.478937701    0.000000000
       1      12  -14.592363451   -0.000000000
       1      13  -13.689392594    0.000000000
       1      14  -13.722262498    0.000000000
       1      15  -13.161413129    0.000000000
       1      16  -13.157443010    0.000000000
       1      17  -12.514476681    0.000000000
       1      18  -12.573493388    0.000000000
       1      19  -14.036594007    0.000000000
       1      20  -14.129433728    0.000000000
       1      21  -12.892875368    0.000000000
       1      22  -12.874817228    0.000000000
       1      23  -14.540337066    0.000000000
       1      24  -14.508750669    0.000000000
       1      25  -16.340817295    0.000000000
       1      26  -16.196205016    0.000000000
       1      27  -17.567602924    0.000000000
       1      28  -17.555407458    0.000000000
       1      29  -15.399597975    0.000000000
       1      30  -15.408114884    0.000000000
       1      31  -17.490352565    0.000000000
       1      32  -17.471155457    0.000000000
       1      33  -17.811192916    0.000000000
       1      34  -17.805921189    0.000000000
       1      35  -12.445413725    0.000000000
       1      36  -12.380132630    0.000000000
       1      37  -10.944485849    0.000000000
       1      38  -10.935256169    0.000000000
       1      39   -9.460227156    0.000000000
       1      40   -9.461634308    0.000000000
       1      41  -12.503211091    0.000000000
       1      42  -12.494039457    0.000000000
       1      43  -12.027306274    0.000000000
       1      44  -12.037061245    0.000000000
       1      45  -10.196958643    0.000000000
       1      46  -10.192717126    0.000000000
       1      47  -11.894217104    0.000000000
       1      48  -11.883833794    0.000000000
       1      49  -12.303039008    0.000000000
       1      50  -12.319118777    0.000000000
       1      51  -12.751655187    0.000000000
       1      52  -12.751919641    0.000000000
       1      53   -9.815446833    0.000000000
       1      54   -9.815713878    0.000000000
       1      55   -9.043508609    0.000000000
       1      56   -9.042305803    0.000000000
       1      57   -8.646470029    0.000000000
       1      58   -8.626879803    0.000000000
       1      59   -7.519875522    0.000000000
       1      60   -7.701275628   -0.000000000
       1      61  -10.035383167    0.000000000
       1      62   -7.252645955    0.000000000
       1      63   -8.834812534    0.000000000
       1      64  -11.735601891    0.000000000
       1      65   -8.782349880    0.000000000
       1      66   -8.782244969   -0.000000000
       1      67   -8.435904467    0.000000000
       1      68   -8.451401584    0.000000000
       1      69   -9.525250013    0.000000000
       1      70   -9.515415869    0.000000000
       1      71   -8.383363242    0.000000000
       1      72   -8.380934140    0.000000000
       1      73  -10.932019337    0.000000000
       1      74  -10.936208786   -0.000000000
       1      75  -11.571160833    0.000000000
       1      76  -11.432902756    0.000000000
       1      77  -11.666405087    0.000000000
       1      78  -11.754040737    0.000000000
       1      79   -7.844891993    0.000000000
       1      80   -7.761489540    0.000000000
       1      81   -4.281379025    0.000000000
       1      82   -4.255899248    0.000000000
