# Generated by LORRAX 0.1.0 at 2026-07-03 02:36:56 UTC
  0.000000000  0.000000000  0.000000000      80
       1       1  -65.372250650 -102.082421411
       1       2  -65.372250650 -102.082421407
       1       3  -41.997237431  -64.498077895
       1       4  -41.997237431  -64.498077890
       1       5  -39.497232482  -61.090777642
       1       6  -39.497232482  -61.090777643
       1       7  -39.272874887  -61.345005854
       1       8  -39.272874887  -61.345005858
       1       9  -19.398603714  -35.927235258
       1      10  -19.398603714  -35.927235238
       1      11  -18.214279803  -32.151466492
       1      12  -18.214279803  -32.151466487
       1      13  -10.873767564  -22.607287020
       1      14  -10.873767564  -22.607286990
       1      15   -7.815639649  -23.121630869
       1      16   -7.815639649  -23.121630822
       1      17   -7.759785071  -22.912582723
       1      18   -7.759785071  -22.912582712
       1      19   -7.145275984  -16.281911259
       1      20   -7.145275984  -16.281911244
       1      21   -6.779802587  -22.881189890
       1      22   -6.779802587  -22.881189810
       1      23   -6.699109026  -22.675228410
       1      24   -6.699109026  -22.675228440
       1      25   -5.386093234  -18.807442137
       1      26   -5.386093234  -18.807441991
       1      27   -2.581487811   -0.654842199
       1      28   -2.581487811   -0.654842212
       1      29   -2.505729343   -0.946211026
       1      30   -2.505729343   -0.946211024
       1      31   -2.332526328   -4.422708022
       1      32   -2.332526328   -4.422708049
       1      33   -2.326587030   -4.371771003
       1      34   -2.326587030   -4.371770989
       1      35    1.113319908   -7.358325452
       1      36    1.113319908   -7.358325450
       1      37    3.714012323  -10.492099096
       1      38    3.714012323  -10.492099211
       1      39    3.951990397   23.857706354
       1      40    3.951990397   23.857706324
       1      41    4.776396763   38.516781102
       1      42    4.776396763   38.516781088
       1      43    5.486221256    4.775037282
       1      44    5.486221256    4.775037287
       1      45    5.562324306    4.707222636
       1      46    5.562324306    4.707222786
       1      47    7.461577707    4.786919973
       1      48    7.461577707    4.786920022
       1      49    7.478937363    4.798472741
       1      50    7.478937363    4.798472635
       1      51    7.640757380    7.774249867
       1      52    7.640757380    7.774250226
       1      53   10.750580450    8.967148596
       1      54   10.750580450    8.967147965
       1      55   10.765259508    8.868487445
       1      56   10.765259508    8.868487440
       1      57   10.847684897    8.944870209
       1      58   10.847684897    8.944870117
       1      59   11.103915070    1.868567692
       1      60   11.103915070    1.868567530
       1      61   11.110755596    2.025222759
       1      62   11.110755596    2.025222828
       1      63   11.238345708  114.732471119
       1      64   11.238345708  114.732471187
       1      65   14.009904542  145.758400977
       1      66   14.009904542  145.758400976
       1      67   14.263647988  125.042688524
       1      68   14.263647988  125.042688460
       1      69   14.654706654   98.396438222
       1      70   14.654706654   98.396437940
       1      71   16.051968622  200.013400865
       1      72   16.051968622  200.013401286
       1      73   18.076102017   24.655580186
       1      74   18.076102017   24.655577614
       1      75   18.251524896   26.077085362
       1      76   18.251524896   26.077085283
       1      77   20.596317296  131.212114484
       1      78   20.596317296  131.212114198
       1      79   20.815167480   31.509157560
       1      80   20.815167480   31.509158239
  0.000000000  0.333333333  0.000000000      80
       1       1  -65.392796913  -93.306719491
       1       2  -65.392796912  -93.307243524
       1       3  -42.080404841  -65.189897737
       1       4  -42.080404794  -65.652389968
       1       5  -39.576631612  -63.155879236
       1       6  -39.576631603  -63.253386733
       1       7  -39.426545466  -60.833118522
       1       8  -39.426545413  -61.408955756
       1       9  -18.084492576  -31.342226744
       1      10  -18.084492572  -31.348652995
       1      11  -17.638782496  -31.080236870
       1      12  -17.638782494  -31.062695393
       1      13  -10.524665088  -23.975437107
       1      14  -10.524665030  -23.955017470
       1      15   -9.566582491  -27.309870173
       1      16   -9.566582430  -27.314700700
       1      17   -9.176329601  -19.221302096
       1      18   -9.176329539  -19.134147876
       1      19   -8.120290072  -21.331478824
       1      20   -8.120289943  -21.398601561
       1      21   -7.044057673  -15.621679955
       1      22   -7.044057659  -15.681506892
       1      23   -6.595082040  -18.395529033
       1      24   -6.595079210  -18.426460614
       1      25   -6.289899548  -15.876714668
       1      26   -6.289896403  -15.947383002
       1      27   -3.056465365   -9.275155978
       1      28   -3.056463335   -7.404352698
       1      29   -2.954588545  -11.291154674
       1      30   -2.954586166   -9.499598090
       1      31   -1.863615496   -8.915769497
       1      32   -1.863614672   -9.141400404
       1      33   -1.263891981   -2.414028812
       1      34   -1.263891107   -2.586481297
       1      35    2.649880530   -3.314437777
       1      36    2.649880793   -3.311623906
       1      37    2.893228373    2.818261053
       1      38    2.893228431    2.809511091
       1      39    3.304597098    3.633992212
       1      40    3.304597753    3.451670006
       1      41    5.155270825   12.915004690
       1      42    5.155270870   12.812441471
       1      43    5.593535301    5.822446490
       1      44    5.593535947    5.891723884
       1      45    7.168539283    3.032509205
       1      46    7.168539577    2.504021957
       1      47    7.616673919   16.769687560
       1      48    7.616673920   16.763299849
       1      49    7.719675669    6.925231435
       1      50    7.719675819    6.449862824
       1      51    9.143822513    3.624726449
       1      52    9.143822543    3.652168708
       1      53    9.711198062   43.198624249
       1      54    9.711198665   43.659001235
       1      55   10.065539547    6.695355306
       1      56   10.065540148    7.459863116
       1      57   10.144712117   18.267435498
       1      58   10.144712331   18.438310360
       1      59   12.357122177    7.528064562
       1      60   12.357122213    7.569238019
       1      61   13.541740673   50.051774162
       1      62   13.541740700   50.015047339
       1      63   13.877064995   73.066866263
       1      64   13.877065355   73.233167587
       1      65   14.840728065  143.114314244
       1      66   14.840728212  143.005426347
       1      67   15.590638781  106.906765721
       1      68   15.590638861  106.968757493
       1      69   16.288988481   22.975334574
       1      70   16.288988792   23.181739028
       1      71   17.050898705   29.539782239
       1      72   17.050899102   29.879669164
       1      73   17.207929902  106.968524779
       1      74   17.207929914  106.932966540
       1      75   17.657339592  247.338623516
       1      76   17.657339675  247.422750679
       1      77   19.467537160   70.431804895
       1      78   19.467537168   70.609117489
       1      79   19.553065317   29.797608386
       1      80   19.553065495   29.781987068
  0.000000000  0.666666667  0.000000000      80
       1       1  -65.392796913  -93.306719491
       1       2  -65.392796912  -93.307243524
       1       3  -42.080404841  -65.189897737
       1       4  -42.080404794  -65.652389968
       1       5  -39.576631612  -63.155879236
       1       6  -39.576631603  -63.253386733
       1       7  -39.426545466  -60.833118522
       1       8  -39.426545413  -61.408955756
       1       9  -18.084492576  -31.342226744
       1      10  -18.084492572  -31.348652995
       1      11  -17.638782496  -31.080236870
       1      12  -17.638782494  -31.062695393
       1      13  -10.524665088  -23.975437107
       1      14  -10.524665030  -23.955017470
       1      15   -9.566582491  -27.309870173
       1      16   -9.566582430  -27.314700700
       1      17   -9.176329601  -19.221302096
       1      18   -9.176329539  -19.134147876
       1      19   -8.120290072  -21.331478824
       1      20   -8.120289943  -21.398601561
       1      21   -7.044057673  -15.621679955
       1      22   -7.044057659  -15.681506892
       1      23   -6.595082040  -18.395529033
       1      24   -6.595079210  -18.426460614
       1      25   -6.289899548  -15.876714668
       1      26   -6.289896403  -15.947383002
       1      27   -3.056465365   -9.275155978
       1      28   -3.056463335   -7.404352698
       1      29   -2.954588545  -11.291154674
       1      30   -2.954586166   -9.499598090
       1      31   -1.863615496   -8.915769497
       1      32   -1.863614672   -9.141400404
       1      33   -1.263891981   -2.414028812
       1      34   -1.263891107   -2.586481297
       1      35    2.649880530   -3.314437777
       1      36    2.649880793   -3.311623906
       1      37    2.893228373    2.818261053
       1      38    2.893228431    2.809511091
       1      39    3.304597098    3.633992212
       1      40    3.304597753    3.451670006
       1      41    5.155270825   12.915004690
       1      42    5.155270870   12.812441471
       1      43    5.593535301    5.822446490
       1      44    5.593535947    5.891723884
       1      45    7.168539283    3.032509205
       1      46    7.168539577    2.504021957
       1      47    7.616673919   16.769687560
       1      48    7.616673920   16.763299849
       1      49    7.719675669    6.925231435
       1      50    7.719675819    6.449862824
       1      51    9.143822513    3.624726449
       1      52    9.143822543    3.652168708
       1      53    9.711198062   43.198624249
       1      54    9.711198665   43.659001235
       1      55   10.065539547    6.695355306
       1      56   10.065540148    7.459863116
       1      57   10.144712117   18.267435498
       1      58   10.144712331   18.438310360
       1      59   12.357122177    7.528064562
       1      60   12.357122213    7.569238019
       1      61   13.541740673   50.051774162
       1      62   13.541740700   50.015047339
       1      63   13.877064995   73.066866263
       1      64   13.877065355   73.233167587
       1      65   14.840728065  143.114314244
       1      66   14.840728212  143.005426347
       1      67   15.590638781  106.906765721
       1      68   15.590638861  106.968757493
       1      69   16.288988481   22.975334574
       1      70   16.288988792   23.181739028
       1      71   17.050898705   29.539782239
       1      72   17.050899102   29.879669164
       1      73   17.207929902  106.968524779
       1      74   17.207929914  106.932966540
       1      75   17.657339592  247.338623516
       1      76   17.657339675  247.422750679
       1      77   19.467537160   70.431804895
       1      78   19.467537168   70.609117489
       1      79   19.553065317   29.797608386
       1      80   19.553065495   29.781987068
  0.333333333  0.000000000  0.000000000      80
       1       1  -65.392796983  -90.661395448
       1       2  -65.392796983  -90.660600473
       1       3  -42.080404596  -65.410582200
       1       4  -42.080404589  -65.323863680
       1       5  -39.576631932  -61.359952532
       1       6  -39.576631931  -61.344611184
       1       7  -39.426544335  -63.481619671
       1       8  -39.426544331  -63.392241141
       1       9  -18.084495007  -34.536439417
       1      10  -18.084494948  -34.540993224
       1      11  -17.638784728  -34.145396081
       1      12  -17.638784721  -34.137017589
       1      13  -10.524665333  -24.229326295
       1      14  -10.524665232  -24.303579813
       1      15   -9.566583225  -23.279527020
       1      16   -9.566583154  -23.317787711
       1      17   -9.176333920  -18.711474450
       1      18   -9.176333893  -18.565826714
       1      19   -8.120281964  -22.511478231
       1      20   -8.120281837  -22.607874979
       1      21   -7.044059266  -17.776440740
       1      22   -7.044059262  -17.712173093
       1      23   -6.595074235  -21.444279069
       1      24   -6.595072540  -21.903514710
       1      25   -6.289901186  -15.483130358
       1      26   -6.289899309  -16.073629806
       1      27   -3.056461982   -7.286565219
       1      28   -3.056460757   -5.276575322
       1      29   -2.954588662   -8.305714496
       1      30   -2.954587154   -6.366903881
       1      31   -1.863614531   -9.223298551
       1      32   -1.863613983   -9.587915216
       1      33   -1.263888686   -3.358662690
       1      34   -1.263888114   -3.665624205
       1      35    2.649880922   -2.270038347
       1      36    2.649881143   -2.334502383
       1      37    2.893230721    1.456662421
       1      38    2.893230795    1.442339148
       1      39    3.304595390    0.199389747
       1      40    3.304596067    0.202042730
       1      41    5.155270574   16.168975322
       1      42    5.155270609   16.121878709
       1      43    5.593532511    9.022874830
       1      44    5.593533119    9.174722085
       1      45    7.168549565    3.040364195
       1      46    7.168549754    2.734958876
       1      47    7.616668466   13.403493963
       1      48    7.616668468   13.356396059
       1      49    7.719667219    5.070590535
       1      50    7.719667659    5.176138683
       1      51    9.143829947    8.674727194
       1      52    9.143829950    8.641278580
       1      53    9.711196285   39.607714960
       1      54    9.711196334   39.471627764
       1      55   10.065542423    9.581679452
       1      56   10.065542639    9.497079275
       1      57   10.144708891   17.559353099
       1      58   10.144709007   17.628124711
       1      59   12.357126101   15.732091877
       1      60   12.357126114   15.788762120
       1      61   13.541739950   48.293145474
       1      62   13.541739979   48.266859232
       1      63   13.877062279   73.867287147
       1      64   13.877062615   73.902699291
       1      65   14.840723485  142.787256584
       1      66   14.840723576  142.599491134
       1      67   15.590634417  103.760671835
       1      68   15.590634478  103.833971674
       1      69   16.289001720   23.730965663
       1      70   16.289002011   23.949291515
       1      71   17.050896384   35.735147295
       1      72   17.050896658   35.758457414
       1      73   17.207927079  102.866544116
       1      74   17.207927089  102.857689132
       1      75   17.657339927  243.546711121
       1      76   17.657339998  243.552267509
       1      77   19.467530494   67.797217978
       1      78   19.467530693   67.904812944
       1      79   19.553051706   42.676766496
       1      80   19.553051813   42.596537432
  0.333333333  0.333333333  0.000000000      80
       1       1  -65.289460601  -93.185758182
       1       2  -65.289456426  -93.185362229
       1       3  -42.122162992  -65.101512679
       1       4  -42.099978807  -66.698502321
       1       5  -39.582216180  -62.518961098
       1       6  -39.538366792  -61.313406665
       1       7  -39.534505656  -65.321993062
       1       8  -39.522504588  -62.241190704
       1       9  -17.273676742  -30.818176975
       1      10  -17.230830142  -30.626234707
       1      11  -17.227364330  -30.651380429
       1      12  -17.210674242  -30.370751185
       1      13  -10.760538931  -30.785095651
       1      14  -10.751426329  -30.890813323
       1      15   -9.925139351  -24.276983261
       1      16   -9.889645786  -24.301533441
       1      17   -9.441757245  -23.087062995
       1      18   -9.382373632  -22.742552619
       1      19   -8.864992760  -20.548737205
       1      20   -8.839966629  -20.739172073
       1      21   -8.314098988  -21.582118131
       1      22   -8.264529403  -21.579925401
       1      23   -7.587981686  -20.671969108
       1      24   -7.566418002  -20.499789335
       1      25   -5.326194268  -15.173225588
       1      26   -5.193614852  -15.068069736
       1      27   -3.493546125  -11.043136823
       1      28   -3.489961036  -10.984535498
       1      29   -2.349114069    1.955446065
       1      30   -2.318860973    2.002555695
       1      31   -1.737564344   -1.209371759
       1      32   -1.607455336   -1.378549998
       1      33   -0.396867046   -2.828613415
       1      34   -0.320176305   -2.764829196
       1      35    2.059712032   -2.502628652
       1      36    2.197665084   -2.538440292
       1      37    2.544440807   -3.473827017
       1      38    2.547607106   -3.501417563
       1      39    4.779962663    1.727596083
       1      40    4.790013249    1.795446465
       1      41    5.792460325   -3.397786362
       1      42    5.847473279   -3.286886629
       1      43    6.356890398    7.990946875
       1      44    6.375933179    7.934469502
       1      45    7.147367869   12.840412492
       1      46    7.164536909   13.140345724
       1      47    7.271747365    8.709595633
       1      48    7.332087865    8.783516013
       1      49    7.688871028   10.905594110
       1      50    7.718729461   10.906932182
       1      51    7.723232773    9.084162962
       1      52    7.742219393    9.076901111
       1      53    9.005468350    4.136417380
       1      54    9.005475434    4.134525394
       1      55   10.575348098   27.793100811
       1      56   10.637023585   27.625229049
       1      57   11.728255675   55.253182483
       1      58   11.732588764   55.412955787
       1      59   12.950803429   31.853134373
       1      60   12.953290971   30.240354792
       1      61   13.273328535   49.391240830
       1      62   13.344625538   87.285423796
       1      63   13.372805507   67.616914541
       1      64   13.502358089   27.976561268
       1      65   14.091707030   36.861631190
       1      66   14.097491780   37.002725681
       1      67   14.882461472   83.681805581
       1      68   14.897876533   83.856347973
       1      69   15.456545234   72.874854477
       1      70   15.475576650   73.312676430
       1      71   17.724107883  127.788484227
       1      72   17.738870985  127.894773493
       1      73   19.265160623   29.685453654
       1      74   19.265335957   29.605992375
       1      75   20.119737855   51.427052957
       1      76   20.145669458   56.633092711
       1      77   20.189679030   24.976811063
       1      78   20.193329407   22.836906375
       1      79   20.210404070  128.489949209
       1      80   20.217786993  130.679732204
  0.333333333  0.666666667  0.000000000      80
       1       1  -65.392796896  -91.899346978
       1       2  -65.392796896  -91.898208968
       1       3  -42.080404936  -65.568675812
       1       4  -42.080404895  -65.789885886
       1       5  -39.576631042  -61.914802788
       1       6  -39.576631034  -61.952311596
       1       7  -39.426546492  -63.267857884
       1       8  -39.426546444  -63.486467489
       1       9  -18.084493192  -31.972888049
       1      10  -18.084493137  -31.994209732
       1      11  -17.638776586  -30.940464810
       1      12  -17.638776582  -30.939004662
       1      13  -10.524664909  -23.118373967
       1      14  -10.524664867  -23.094301892
       1      15   -9.566581500  -23.811408647
       1      16   -9.566581490  -23.830286288
       1      17   -9.176332243  -19.189218343
       1      18   -9.176332207  -18.986038762
       1      19   -8.120308006  -21.545334324
       1      20   -8.120308005  -21.657390306
       1      21   -7.044052392  -16.511426569
       1      22   -7.044052374  -16.546647541
       1      23   -6.595086633  -21.293652126
       1      24   -6.595085499  -20.510484427
       1      25   -6.289884401  -18.198016268
       1      26   -6.289883132  -17.192007847
       1      27   -3.056468159  -11.525872006
       1      28   -3.056467354   -9.417898436
       1      29   -2.954590298   -6.508423292
       1      30   -2.954589427   -4.330737465
       1      31   -1.863629923   -5.931998204
       1      32   -1.863629647   -6.029805120
       1      33   -1.263885362   -6.982069774
       1      34   -1.263885060   -7.040484566
       1      35    2.649881946   -6.495905668
       1      36    2.649881988   -6.445696520
       1      37    2.893229378   -1.352724291
       1      38    2.893229393   -1.360413349
       1      39    3.304593665    1.115725098
       1      40    3.304593688    1.079450536
       1      41    5.155265941   10.988201891
       1      42    5.155265951   10.981117572
       1      43    5.593546515    2.928601916
       1      44    5.593546554    2.950663709
       1      45    7.168536139    4.902016298
       1      46    7.168536244    5.004595367
       1      47    7.616676008   15.247081716
       1      48    7.616676009   15.226520363
       1      49    7.719675959    9.609604960
       1      50    7.719676249   10.263471520
       1      51    9.143820450    7.673793562
       1      52    9.143820483    7.595794474
       1      53    9.711211514   40.120800382
       1      54    9.711212067   40.810108859
       1      55   10.065533630   11.769739587
       1      56   10.065534016   12.567822075
       1      57   10.144726147   20.135902476
       1      58   10.144726245   20.316475223
       1      59   12.357127028    8.589519191
       1      60   12.357127051    8.557068652
       1      61   13.541744240   47.782779746
       1      62   13.541744241   47.793751722
       1      63   13.877057540   73.261731249
       1      64   13.877057564   73.447515264
       1      65   14.840740540  143.550011582
       1      66   14.840740595  143.528252115
       1      67   15.590642183  103.109043623
       1      68   15.590642202  103.008154294
       1      69   16.288971278   26.213404332
       1      70   16.288971298   25.655529073
       1      71   17.050887188   36.494976655
       1      72   17.050887312   37.617443731
       1      73   17.207930604  102.670530146
       1      74   17.207930606  102.636473509
       1      75   17.657339358  244.485942915
       1      76   17.657339370  244.647085156
       1      77   19.467550727   76.419789696
       1      78   19.467550917   75.658094684
       1      79   19.553071197   39.125707866
       1      80   19.553071268   38.594309204
  0.666666667 -0.000000000  0.000000000      80
       1       1  -65.392796983  -90.661395448
       1       2  -65.392796983  -90.660600473
       1       3  -42.080404596  -65.410582200
       1       4  -42.080404589  -65.323863680
       1       5  -39.576631932  -61.359952532
       1       6  -39.576631931  -61.344611184
       1       7  -39.426544335  -63.481619671
       1       8  -39.426544331  -63.392241141
       1       9  -18.084495007  -34.536439417
       1      10  -18.084494948  -34.540993224
       1      11  -17.638784728  -34.145396081
       1      12  -17.638784721  -34.137017589
       1      13  -10.524665333  -24.229326295
       1      14  -10.524665232  -24.303579813
       1      15   -9.566583225  -23.279527020
       1      16   -9.566583154  -23.317787711
       1      17   -9.176333920  -18.711474450
       1      18   -9.176333893  -18.565826714
       1      19   -8.120281964  -22.511478231
       1      20   -8.120281837  -22.607874979
       1      21   -7.044059266  -17.776440740
       1      22   -7.044059262  -17.712173093
       1      23   -6.595074235  -21.444279069
       1      24   -6.595072540  -21.903514710
       1      25   -6.289901186  -15.483130358
       1      26   -6.289899309  -16.073629806
       1      27   -3.056461982   -7.286565219
       1      28   -3.056460757   -5.276575322
       1      29   -2.954588662   -8.305714496
       1      30   -2.954587154   -6.366903881
       1      31   -1.863614531   -9.223298551
       1      32   -1.863613983   -9.587915216
       1      33   -1.263888686   -3.358662690
       1      34   -1.263888114   -3.665624205
       1      35    2.649880922   -2.270038347
       1      36    2.649881143   -2.334502383
       1      37    2.893230721    1.456662421
       1      38    2.893230795    1.442339148
       1      39    3.304595390    0.199389747
       1      40    3.304596067    0.202042730
       1      41    5.155270574   16.168975322
       1      42    5.155270609   16.121878709
       1      43    5.593532511    9.022874830
       1      44    5.593533119    9.174722085
       1      45    7.168549565    3.040364195
       1      46    7.168549754    2.734958876
       1      47    7.616668466   13.403493963
       1      48    7.616668468   13.356396059
       1      49    7.719667219    5.070590535
       1      50    7.719667659    5.176138683
       1      51    9.143829947    8.674727194
       1      52    9.143829950    8.641278580
       1      53    9.711196285   39.607714960
       1      54    9.711196334   39.471627764
       1      55   10.065542423    9.581679452
       1      56   10.065542639    9.497079275
       1      57   10.144708891   17.559353099
       1      58   10.144709007   17.628124711
       1      59   12.357126101   15.732091877
       1      60   12.357126114   15.788762120
       1      61   13.541739950   48.293145474
       1      62   13.541739979   48.266859232
       1      63   13.877062279   73.867287147
       1      64   13.877062615   73.902699291
       1      65   14.840723485  142.787256584
       1      66   14.840723576  142.599491134
       1      67   15.590634417  103.760671835
       1      68   15.590634478  103.833971674
       1      69   16.289001720   23.730965663
       1      70   16.289002011   23.949291515
       1      71   17.050896384   35.735147295
       1      72   17.050896658   35.758457414
       1      73   17.207927079  102.866544116
       1      74   17.207927089  102.857689132
       1      75   17.657339927  243.546711121
       1      76   17.657339998  243.552267509
       1      77   19.467530494   67.797217978
       1      78   19.467530693   67.904812944
       1      79   19.553051706   42.676766496
       1      80   19.553051813   42.596537432
  0.666666667  0.333333333  0.000000000      80
       1       1  -65.392796896  -91.899346978
       1       2  -65.392796896  -91.898208968
       1       3  -42.080404936  -65.568675812
       1       4  -42.080404895  -65.789885886
       1       5  -39.576631042  -61.914802788
       1       6  -39.576631034  -61.952311596
       1       7  -39.426546492  -63.267857884
       1       8  -39.426546444  -63.486467489
       1       9  -18.084493192  -31.972888049
       1      10  -18.084493137  -31.994209732
       1      11  -17.638776586  -30.940464810
       1      12  -17.638776582  -30.939004662
       1      13  -10.524664909  -23.118373967
       1      14  -10.524664867  -23.094301892
       1      15   -9.566581500  -23.811408647
       1      16   -9.566581490  -23.830286288
       1      17   -9.176332243  -19.189218343
       1      18   -9.176332207  -18.986038762
       1      19   -8.120308006  -21.545334324
       1      20   -8.120308005  -21.657390306
       1      21   -7.044052392  -16.511426569
       1      22   -7.044052374  -16.546647541
       1      23   -6.595086633  -21.293652126
       1      24   -6.595085499  -20.510484427
       1      25   -6.289884401  -18.198016268
       1      26   -6.289883132  -17.192007847
       1      27   -3.056468159  -11.525872006
       1      28   -3.056467354   -9.417898436
       1      29   -2.954590298   -6.508423292
       1      30   -2.954589427   -4.330737465
       1      31   -1.863629923   -5.931998204
       1      32   -1.863629647   -6.029805120
       1      33   -1.263885362   -6.982069774
       1      34   -1.263885060   -7.040484566
       1      35    2.649881946   -6.495905668
       1      36    2.649881988   -6.445696520
       1      37    2.893229378   -1.352724291
       1      38    2.893229393   -1.360413349
       1      39    3.304593665    1.115725098
       1      40    3.304593688    1.079450536
       1      41    5.155265941   10.988201891
       1      42    5.155265951   10.981117572
       1      43    5.593546515    2.928601916
       1      44    5.593546554    2.950663709
       1      45    7.168536139    4.902016298
       1      46    7.168536244    5.004595367
       1      47    7.616676008   15.247081716
       1      48    7.616676009   15.226520363
       1      49    7.719675959    9.609604960
       1      50    7.719676249   10.263471520
       1      51    9.143820450    7.673793562
       1      52    9.143820483    7.595794474
       1      53    9.711211514   40.120800382
       1      54    9.711212067   40.810108859
       1      55   10.065533630   11.769739587
       1      56   10.065534016   12.567822075
       1      57   10.144726147   20.135902476
       1      58   10.144726245   20.316475223
       1      59   12.357127028    8.589519191
       1      60   12.357127051    8.557068652
       1      61   13.541744240   47.782779746
       1      62   13.541744241   47.793751722
       1      63   13.877057540   73.261731249
       1      64   13.877057564   73.447515264
       1      65   14.840740540  143.550011582
       1      66   14.840740595  143.528252115
       1      67   15.590642183  103.109043623
       1      68   15.590642202  103.008154294
       1      69   16.288971278   26.213404332
       1      70   16.288971298   25.655529073
       1      71   17.050887188   36.494976655
       1      72   17.050887312   37.617443731
       1      73   17.207930604  102.670530146
       1      74   17.207930606  102.636473509
       1      75   17.657339358  244.485942915
       1      76   17.657339370  244.647085156
       1      77   19.467550727   76.419789696
       1      78   19.467550917   75.658094684
       1      79   19.553071197   39.125707866
       1      80   19.553071268   38.594309204
  0.666666667  0.666666667  0.000000000      80
       1       1  -65.289460601  -93.185758182
       1       2  -65.289456426  -93.185362229
       1       3  -42.122162992  -65.101512679
       1       4  -42.099978807  -66.698502321
       1       5  -39.582216180  -62.518961098
       1       6  -39.538366792  -61.313406665
       1       7  -39.534505656  -65.321993062
       1       8  -39.522504588  -62.241190704
       1       9  -17.273676742  -30.818176975
       1      10  -17.230830142  -30.626234707
       1      11  -17.227364330  -30.651380429
       1      12  -17.210674242  -30.370751185
       1      13  -10.760538931  -30.785095651
       1      14  -10.751426329  -30.890813323
       1      15   -9.925139351  -24.276983261
       1      16   -9.889645786  -24.301533441
       1      17   -9.441757245  -23.087062995
       1      18   -9.382373632  -22.742552619
       1      19   -8.864992760  -20.548737205
       1      20   -8.839966629  -20.739172073
       1      21   -8.314098988  -21.582118131
       1      22   -8.264529403  -21.579925401
       1      23   -7.587981686  -20.671969108
       1      24   -7.566418002  -20.499789335
       1      25   -5.326194268  -15.173225588
       1      26   -5.193614852  -15.068069736
       1      27   -3.493546125  -11.043136823
       1      28   -3.489961036  -10.984535498
       1      29   -2.349114069    1.955446065
       1      30   -2.318860973    2.002555695
       1      31   -1.737564344   -1.209371759
       1      32   -1.607455336   -1.378549998
       1      33   -0.396867046   -2.828613415
       1      34   -0.320176305   -2.764829196
       1      35    2.059712032   -2.502628652
       1      36    2.197665084   -2.538440292
       1      37    2.544440807   -3.473827017
       1      38    2.547607106   -3.501417563
       1      39    4.779962663    1.727596083
       1      40    4.790013249    1.795446465
       1      41    5.792460325   -3.397786362
       1      42    5.847473279   -3.286886629
       1      43    6.356890398    7.990946875
       1      44    6.375933179    7.934469502
       1      45    7.147367869   12.840412492
       1      46    7.164536909   13.140345724
       1      47    7.271747365    8.709595633
       1      48    7.332087865    8.783516013
       1      49    7.688871028   10.905594110
       1      50    7.718729461   10.906932182
       1      51    7.723232773    9.084162962
       1      52    7.742219393    9.076901111
       1      53    9.005468350    4.136417380
       1      54    9.005475434    4.134525394
       1      55   10.575348098   27.793100811
       1      56   10.637023585   27.625229049
       1      57   11.728255675   55.253182483
       1      58   11.732588764   55.412955787
       1      59   12.950803429   31.853134373
       1      60   12.953290971   30.240354792
       1      61   13.273328535   49.391240830
       1      62   13.344625538   87.285423796
       1      63   13.372805507   67.616914541
       1      64   13.502358089   27.976561268
       1      65   14.091707030   36.861631190
       1      66   14.097491780   37.002725681
       1      67   14.882461472   83.681805581
       1      68   14.897876533   83.856347973
       1      69   15.456545234   72.874854477
       1      70   15.475576650   73.312676430
       1      71   17.724107883  127.788484227
       1      72   17.738870985  127.894773493
       1      73   19.265160623   29.685453654
       1      74   19.265335957   29.605992375
       1      75   20.119737855   51.427052957
       1      76   20.145669458   56.633092711
       1      77   20.189679030   24.976811063
       1      78   20.193329407   22.836906375
       1      79   20.210404070  128.489949209
       1      80   20.217786993  130.679732204
