K_POINTS crystal
121
  0.0000000000  0.0000000000  0.0000000000  1.0
  0.0125000000  0.0000000000  0.0000000000  1.0
  0.0250000000  0.0000000000  0.0000000000  1.0
  0.0375000000  0.0000000000  0.0000000000  1.0
  0.0500000000  0.0000000000  0.0000000000  1.0
  0.0625000000  0.0000000000  0.0000000000  1.0
  0.0750000000  0.0000000000  0.0000000000  1.0
  0.0875000000  0.0000000000  0.0000000000  1.0
  0.1000000000  0.0000000000  0.0000000000  1.0
  0.1125000000  0.0000000000  0.0000000000  1.0
  0.1250000000  0.0000000000  0.0000000000  1.0
  0.1375000000  0.0000000000  0.0000000000  1.0
  0.1500000000  0.0000000000  0.0000000000  1.0
  0.1625000000  0.0000000000  0.0000000000  1.0
  0.1750000000  0.0000000000  0.0000000000  1.0
  0.1875000000  0.0000000000  0.0000000000  1.0
  0.2000000000  0.0000000000  0.0000000000  1.0
  0.2125000000  0.0000000000  0.0000000000  1.0
  0.2250000000  0.0000000000  0.0000000000  1.0
  0.2375000000  0.0000000000  0.0000000000  1.0
  0.2500000000  0.0000000000  0.0000000000  1.0
  0.2625000000  0.0000000000  0.0000000000  1.0
  0.2750000000  0.0000000000  0.0000000000  1.0
  0.2875000000  0.0000000000  0.0000000000  1.0
  0.3000000000  0.0000000000  0.0000000000  1.0
  0.3125000000  0.0000000000  0.0000000000  1.0
  0.3250000000  0.0000000000  0.0000000000  1.0
  0.3375000000  0.0000000000  0.0000000000  1.0
  0.3500000000  0.0000000000  0.0000000000  1.0
  0.3625000000  0.0000000000  0.0000000000  1.0
  0.3750000000  0.0000000000  0.0000000000  1.0
  0.3875000000  0.0000000000  0.0000000000  1.0
  0.4000000000  0.0000000000  0.0000000000  1.0
  0.4125000000  0.0000000000  0.0000000000  1.0
  0.4250000000  0.0000000000  0.0000000000  1.0
  0.4375000000  0.0000000000  0.0000000000  1.0
  0.4500000000  0.0000000000  0.0000000000  1.0
  0.4625000000  0.0000000000  0.0000000000  1.0
  0.4750000000  0.0000000000  0.0000000000  1.0
  0.4875000000  0.0000000000  0.0000000000  1.0
  0.5000000000  0.0000000000  0.0000000000  1.0
  0.4958333333  0.0083333333  0.0000000000  1.0
  0.4916666667  0.0166666667  0.0000000000  1.0
  0.4875000000  0.0250000000  0.0000000000  1.0
  0.4833333333  0.0333333333  0.0000000000  1.0
  0.4791666667  0.0416666667  0.0000000000  1.0
  0.4750000000  0.0500000000  0.0000000000  1.0
  0.4708333333  0.0583333333  0.0000000000  1.0
  0.4666666667  0.0666666667  0.0000000000  1.0
  0.4625000000  0.0750000000  0.0000000000  1.0
  0.4583333333  0.0833333333  0.0000000000  1.0
  0.4541666667  0.0916666667  0.0000000000  1.0
  0.4500000000  0.1000000000  0.0000000000  1.0
  0.4458333333  0.1083333333  0.0000000000  1.0
  0.4416666667  0.1166666667  0.0000000000  1.0
  0.4375000000  0.1250000000  0.0000000000  1.0
  0.4333333333  0.1333333333  0.0000000000  1.0
  0.4291666667  0.1416666667  0.0000000000  1.0
  0.4250000000  0.1500000000  0.0000000000  1.0
  0.4208333333  0.1583333333  0.0000000000  1.0
  0.4166666667  0.1666666667  0.0000000000  1.0
  0.4125000000  0.1750000000  0.0000000000  1.0
  0.4083333333  0.1833333333  0.0000000000  1.0
  0.4041666667  0.1916666667  0.0000000000  1.0
  0.4000000000  0.2000000000  0.0000000000  1.0
  0.3958333333  0.2083333333  0.0000000000  1.0
  0.3916666667  0.2166666667  0.0000000000  1.0
  0.3875000000  0.2250000000  0.0000000000  1.0
  0.3833333333  0.2333333333  0.0000000000  1.0
  0.3791666667  0.2416666667  0.0000000000  1.0
  0.3750000000  0.2500000000  0.0000000000  1.0
  0.3708333333  0.2583333333  0.0000000000  1.0
  0.3666666667  0.2666666667  0.0000000000  1.0
  0.3625000000  0.2750000000  0.0000000000  1.0
  0.3583333333  0.2833333333  0.0000000000  1.0
  0.3541666667  0.2916666667  0.0000000000  1.0
  0.3500000000  0.3000000000  0.0000000000  1.0
  0.3458333333  0.3083333333  0.0000000000  1.0
  0.3416666667  0.3166666667  0.0000000000  1.0
  0.3375000000  0.3250000000  0.0000000000  1.0
  0.3333333333  0.3333333333  0.0000000000  1.0
  0.3250000000  0.3250000000  0.0000000000  1.0
  0.3166666667  0.3166666667  0.0000000000  1.0
  0.3083333333  0.3083333333  0.0000000000  1.0
  0.3000000000  0.3000000000  0.0000000000  1.0
  0.2916666667  0.2916666667  0.0000000000  1.0
  0.2833333333  0.2833333333  0.0000000000  1.0
  0.2750000000  0.2750000000  0.0000000000  1.0
  0.2666666667  0.2666666667  0.0000000000  1.0
  0.2583333333  0.2583333333  0.0000000000  1.0
  0.2500000000  0.2500000000  0.0000000000  1.0
  0.2416666667  0.2416666667  0.0000000000  1.0
  0.2333333333  0.2333333333  0.0000000000  1.0
  0.2250000000  0.2250000000  0.0000000000  1.0
  0.2166666667  0.2166666667  0.0000000000  1.0
  0.2083333333  0.2083333333  0.0000000000  1.0
  0.2000000000  0.2000000000  0.0000000000  1.0
  0.1916666667  0.1916666667  0.0000000000  1.0
  0.1833333333  0.1833333333  0.0000000000  1.0
  0.1750000000  0.1750000000  0.0000000000  1.0
  0.1666666667  0.1666666667  0.0000000000  1.0
  0.1583333333  0.1583333333  0.0000000000  1.0
  0.1500000000  0.1500000000  0.0000000000  1.0
  0.1416666667  0.1416666667  0.0000000000  1.0
  0.1333333333  0.1333333333  0.0000000000  1.0
  0.1250000000  0.1250000000  0.0000000000  1.0
  0.1166666667  0.1166666667  0.0000000000  1.0
  0.1083333333  0.1083333333  0.0000000000  1.0
  0.1000000000  0.1000000000  0.0000000000  1.0
  0.0916666667  0.0916666667  0.0000000000  1.0
  0.0833333333  0.0833333333  0.0000000000  1.0
  0.0750000000  0.0750000000  0.0000000000  1.0
  0.0666666667  0.0666666667  0.0000000000  1.0
  0.0583333333  0.0583333333  0.0000000000  1.0
  0.0500000000  0.0500000000  0.0000000000  1.0
  0.0416666667  0.0416666667  0.0000000000  1.0
  0.0333333333  0.0333333333  0.0000000000  1.0
  0.0250000000  0.0250000000  0.0000000000  1.0
  0.0166666667  0.0166666667  0.0000000000  1.0
  0.0083333333  0.0083333333  0.0000000000  1.0
  0.0000000000  0.0000000000  0.0000000000  1.0
