# x y z (snapped to FFT grid (75, 75, 200), 600 unique)
# density: current
# weight: Gordon-decomposed Pauli current Σ_{n,k,i}(j^Gordon_{n,k,i}(r))²
# intended channels: γ̃^{1,2,3} (current) ISDF
0.280000 0.693333 0.995000
0.160000 0.760000 0.115000
0.226667 0.653333 0.005000
0.133333 0.333333 0.900000
0.280000 0.640000 0.000000
0.320000 0.666667 0.005000
0.306667 0.640000 0.000000
0.306667 0.680000 0.000000
0.280000 0.626667 0.995000
0.253333 0.640000 0.010000
0.293333 0.680000 0.975000
0.266667 0.586667 0.000000
0.320000 0.680000 0.980000
0.293333 0.613333 0.010000
0.320000 0.653333 0.990000
0.306667 0.680000 0.990000
0.306667 0.666667 0.010000
0.293333 0.666667 0.005000
0.280000 0.600000 0.990000
0.293333 0.640000 0.020000
0.280000 0.666667 0.005000
0.306667 0.666667 0.005000
0.053333 0.520000 0.905000
0.306667 0.626667 0.990000
0.266667 0.640000 0.985000
0.266667 0.640000 0.000000
0.146667 0.693333 0.065000
0.293333 0.666667 0.995000
0.293333 0.693333 0.985000
0.306667 0.640000 0.985000
0.253333 0.560000 0.010000
0.293333 0.706667 0.005000
0.293333 0.626667 0.000000
0.293333 0.640000 0.010000
0.293333 0.640000 0.000000
0.306667 0.653333 0.995000
0.293333 0.680000 0.015000
0.146667 0.640000 0.105000
0.053333 0.613333 0.035000
0.280000 0.626667 0.010000
0.253333 0.600000 0.015000
0.306667 0.653333 0.980000
0.266667 0.613333 0.005000
0.320000 0.653333 0.010000
0.253333 0.680000 0.000000
0.320000 0.680000 0.995000
0.293333 0.653333 0.990000
0.306667 0.640000 0.005000
0.040000 0.746667 0.135000
0.306667 0.666667 0.985000
0.293333 0.693333 0.010000
0.306667 0.653333 0.990000
0.280000 0.653333 0.985000
0.093333 0.453333 0.960000
0.093333 0.826667 0.100000
0.320000 0.653333 0.980000
0.280000 0.600000 0.010000
0.266667 0.680000 0.990000
0.306667 0.640000 0.015000
0.026667 0.213333 0.895000
0.293333 0.640000 0.015000
0.306667 0.653333 0.005000
0.306667 0.693333 0.015000
0.280000 0.640000 0.005000
0.280000 0.653333 0.000000
0.160000 0.440000 0.890000
0.293333 0.626667 0.010000
0.293333 0.613333 0.005000
0.280000 0.600000 0.975000
0.293333 0.680000 0.000000
0.293333 0.626667 0.985000
0.266667 0.666667 0.980000
0.266667 0.626667 0.995000
0.320000 0.666667 0.010000
0.226667 0.640000 0.990000
0.293333 0.653333 0.030000
0.280000 0.640000 0.015000
0.080000 0.280000 0.940000
0.306667 0.680000 0.010000
0.293333 0.666667 0.990000
0.320000 0.653333 0.995000
0.293333 0.640000 0.995000
0.320000 0.653333 0.020000
0.093333 0.480000 0.870000
0.306667 0.640000 0.965000
0.293333 0.640000 0.985000
0.160000 0.800000 0.070000
0.226667 0.613333 0.010000
0.080000 0.346667 0.865000
0.306667 0.626667 0.020000
0.040000 0.333333 0.970000
0.306667 0.640000 0.030000
0.293333 0.666667 0.015000
0.306667 0.626667 0.005000
0.320000 0.666667 0.985000
0.226667 0.613333 0.995000
0.320000 0.666667 0.990000
0.293333 0.653333 0.985000
0.280000 0.653333 0.010000
0.280000 0.613333 0.020000
0.413333 0.720000 0.995000
0.600000 0.840000 0.115000
0.426667 0.773333 0.005000
0.200000 0.866667 0.900000
0.360000 0.720000 0.000000
0.346667 0.680000 0.005000
0.333333 0.693333 0.000000
0.373333 0.693333 0.000000
0.346667 0.720000 0.995000
0.386667 0.746667 0.010000
0.386667 0.706667 0.975000
0.320000 0.733333 0.000000
0.360000 0.680000 0.980000
0.320000 0.706667 0.010000
0.333333 0.680000 0.990000
0.373333 0.693333 0.990000
0.360000 0.693333 0.010000
0.373333 0.706667 0.005000
0.320000 0.720000 0.990000
0.346667 0.706667 0.020000
0.386667 0.720000 0.005000
0.360000 0.693333 0.005000
0.466667 0.946667 0.905000
0.320000 0.693333 0.990000
0.373333 0.733333 0.985000
0.373333 0.733333 0.000000
0.546667 0.853333 0.065000
0.373333 0.706667 0.995000
0.400000 0.706667 0.985000
0.333333 0.693333 0.985000
0.306667 0.746667 0.010000
0.413333 0.706667 0.005000
0.333333 0.706667 0.000000
0.346667 0.706667 0.010000
0.346667 0.706667 0.000000
0.346667 0.693333 0.995000
0.386667 0.706667 0.015000
0.493333 0.853333 0.105000
0.560000 0.946667 0.035000
0.346667 0.720000 0.010000
0.346667 0.746667 0.015000
0.346667 0.693333 0.980000
0.346667 0.733333 0.005000
0.333333 0.680000 0.010000
0.426667 0.746667 0.000000
0.360000 0.680000 0.995000
0.360000 0.706667 0.990000
0.333333 0.693333 0.005000
0.706667 0.960000 0.135000
0.360000 0.693333 0.985000
0.400000 0.706667 0.010000
0.346667 0.693333 0.990000
0.373333 0.720000 0.985000
0.360000 0.906667 0.960000
0.733333 0.906667 0.100000
0.333333 0.680000 0.980000
0.320000 0.720000 0.010000
0.413333 0.733333 0.990000
0.333333 0.693333 0.015000
0.186667 0.973333 0.895000
0.346667 0.706667 0.015000
0.346667 0.693333 0.005000
0.386667 0.693333 0.015000
0.360000 0.720000 0.005000
0.373333 0.720000 0.000000
0.280000 0.840000 0.890000
0.333333 0.706667 0.010000
0.320000 0.706667 0.005000
0.320000 0.720000 0.975000
0.386667 0.706667 0.000000
0.333333 0.706667 0.985000
0.400000 0.733333 0.980000
0.360000 0.733333 0.995000
0.346667 0.680000 0.010000
0.413333 0.773333 0.990000
0.360000 0.706667 0.030000
0.360000 0.720000 0.015000
0.200000 0.920000 0.940000
0.373333 0.693333 0.010000
0.373333 0.706667 0.990000
0.333333 0.680000 0.995000
0.346667 0.706667 0.995000
0.333333 0.680000 0.020000
0.386667 0.906667 0.870000
0.333333 0.693333 0.965000
0.346667 0.706667 0.985000
0.640000 0.840000 0.070000
0.386667 0.773333 0.010000
0.266667 0.920000 0.865000
0.320000 0.693333 0.020000
0.293333 0.960000 0.970000
0.333333 0.693333 0.030000
0.373333 0.706667 0.015000
0.320000 0.693333 0.005000
0.346667 0.680000 0.985000
0.386667 0.773333 0.995000
0.346667 0.680000 0.990000
0.360000 0.706667 0.985000
0.373333 0.720000 0.010000
0.333333 0.720000 0.020000
0.306667 0.586667 0.995000
0.240000 0.400000 0.115000
0.346667 0.573333 0.005000
0.666667 0.800000 0.900000
0.360000 0.640000 0.000000
0.333333 0.653333 0.005000
0.360000 0.666667 0.000000
0.320000 0.626667 0.000000
0.373333 0.653333 0.995000
0.360000 0.613333 0.010000
0.320000 0.613333 0.975000
0.413333 0.680000 0.000000
0.320000 0.640000 0.980000
0.386667 0.680000 0.010000
0.346667 0.666667 0.990000
0.320000 0.626667 0.990000
0.333333 0.640000 0.010000
0.333333 0.626667 0.005000
0.400000 0.680000 0.990000
0.360000 0.653333 0.020000
0.333333 0.613333 0.005000
0.333333 0.640000 0.005000
0.480000 0.533333 0.905000
0.373333 0.680000 0.990000
0.360000 0.626667 0.985000
0.360000 0.626667 0.000000
0.306667 0.453333 0.065000
0.333333 0.626667 0.995000
0.306667 0.600000 0.985000
0.360000 0.666667 0.985000
0.440000 0.693333 0.010000
0.293333 0.586667 0.005000
0.373333 0.666667 0.000000
0.360000 0.653333 0.010000
0.360000 0.653333 0.000000
0.346667 0.653333 0.995000
0.320000 0.613333 0.015000
0.360000 0.506667 0.105000
0.386667 0.440000 0.035000
0.373333 0.653333 0.010000
0.400000 0.653333 0.015000
0.346667 0.653333 0.980000
0.386667 0.653333 0.005000
0.346667 0.666667 0.010000
0.320000 0.573333 0.000000
0.320000 0.640000 0.995000
0.346667 0.640000 0.990000
0.360000 0.666667 0.005000
0.253333 0.293333 0.135000
0.333333 0.640000 0.985000
0.306667 0.600000 0.010000
0.346667 0.653333 0.990000
0.346667 0.626667 0.985000
0.546667 0.640000 0.960000
0.173333 0.266667 0.100000
0.346667 0.666667 0.980000
0.400000 0.680000 0.010000
0.320000 0.586667 0.990000
0.360000 0.666667 0.015000
0.786667 0.813333 0.895000
0.360000 0.653333 0.015000
0.346667 0.653333 0.005000
0.306667 0.613333 0.015000
0.360000 0.640000 0.005000
0.346667 0.626667 0.000000
0.560000 0.720000 0.890000
0.373333 0.666667 0.010000
0.386667 0.680000 0.005000
0.400000 0.680000 0.975000
0.320000 0.613333 0.000000
0.373333 0.666667 0.985000
0.333333 0.600000 0.980000
0.373333 0.640000 0.995000
0.333333 0.653333 0.010000
0.360000 0.586667 0.990000
0.346667 0.640000 0.030000
0.360000 0.640000 0.015000
0.720000 0.800000 0.940000
0.320000 0.626667 0.010000
0.333333 0.626667 0.990000
0.346667 0.666667 0.995000
0.360000 0.653333 0.995000
0.346667 0.666667 0.020000
0.520000 0.613333 0.870000
0.360000 0.666667 0.965000
0.360000 0.653333 0.985000
0.200000 0.360000 0.070000
0.386667 0.613333 0.010000
0.653333 0.733333 0.865000
0.373333 0.680000 0.020000
0.666667 0.706667 0.970000
0.360000 0.666667 0.030000
0.333333 0.626667 0.015000
0.373333 0.680000 0.005000
0.333333 0.653333 0.985000
0.386667 0.613333 0.995000
0.333333 0.653333 0.990000
0.346667 0.640000 0.985000
0.346667 0.626667 0.010000
0.386667 0.666667 0.020000
0.720000 0.306667 0.005000
0.840000 0.240000 0.885000
0.773333 0.346667 0.995000
0.866667 0.666667 0.100000
0.720000 0.360000 0.000000
0.680000 0.333333 0.995000
0.693333 0.360000 0.000000
0.693333 0.320000 0.000000
0.720000 0.373333 0.005000
0.746667 0.360000 0.990000
0.706667 0.320000 0.025000
0.733333 0.413333 0.000000
0.680000 0.320000 0.020000
0.706667 0.386667 0.990000
0.680000 0.346667 0.010000
0.693333 0.320000 0.010000
0.693333 0.333333 0.990000
0.706667 0.333333 0.995000
0.720000 0.400000 0.010000
0.706667 0.360000 0.980000
0.720000 0.333333 0.995000
0.693333 0.333333 0.995000
0.946667 0.480000 0.095000
0.693333 0.373333 0.010000
0.733333 0.360000 0.015000
0.733333 0.360000 0.000000
0.853333 0.306667 0.935000
0.706667 0.333333 0.005000
0.706667 0.306667 0.015000
0.693333 0.360000 0.015000
0.746667 0.440000 0.990000
0.706667 0.293333 0.995000
0.706667 0.373333 0.000000
0.706667 0.360000 0.990000
0.706667 0.360000 0.000000
0.693333 0.346667 0.005000
0.706667 0.320000 0.985000
0.853333 0.360000 0.895000
0.946667 0.386667 0.965000
0.720000 0.373333 0.990000
0.746667 0.400000 0.985000
0.693333 0.346667 0.020000
0.733333 0.386667 0.995000
0.680000 0.346667 0.990000
0.746667 0.320000 0.000000
0.680000 0.320000 0.005000
0.706667 0.346667 0.010000
0.693333 0.360000 0.995000
0.960000 0.253333 0.865000
0.693333 0.333333 0.015000
0.706667 0.306667 0.990000
0.693333 0.346667 0.010000
0.720000 0.346667 0.015000
0.906667 0.546667 0.040000
0.906667 0.173333 0.900000
0.680000 0.346667 0.020000
0.720000 0.400000 0.990000
0.733333 0.320000 0.010000
0.693333 0.360000 0.985000
0.973333 0.786667 0.105000
0.706667 0.360000 0.985000
0.693333 0.346667 0.995000
0.693333 0.306667 0.985000
0.720000 0.360000 0.995000
0.720000 0.346667 0.000000
0.840000 0.560000 0.110000
0.706667 0.373333 0.990000
0.706667 0.386667 0.995000
0.720000 0.400000 0.025000
0.706667 0.320000 0.000000
0.706667 0.373333 0.015000
0.733333 0.333333 0.020000
0.733333 0.373333 0.005000
0.680000 0.333333 0.990000
0.773333 0.360000 0.010000
0.706667 0.346667 0.970000
0.720000 0.360000 0.985000
0.920000 0.720000 0.060000
0.693333 0.320000 0.990000
0.706667 0.333333 0.010000
0.680000 0.346667 0.005000
0.706667 0.360000 0.005000
0.680000 0.346667 0.980000
0.906667 0.520000 0.130000
0.693333 0.360000 0.035000
0.706667 0.360000 0.015000
0.840000 0.200000 0.930000
0.773333 0.386667 0.990000
0.920000 0.653333 0.135000
0.693333 0.373333 0.980000
0.960000 0.666667 0.030000
0.693333 0.360000 0.970000
0.706667 0.333333 0.985000
0.693333 0.373333 0.995000
0.680000 0.333333 0.015000
0.773333 0.386667 0.005000
0.680000 0.333333 0.010000
0.706667 0.346667 0.015000
0.720000 0.346667 0.990000
0.720000 0.386667 0.980000
