# k =   0.000000   0.000000   0.000000 spin = 1
# <ib|Sigma_CH[1..Nb]|ib> (eV), partial and symmetrized sum with up to Nb "inner" bands
# Reporting only VBM and CBM, use 'full_ch_conv_log 1' keyword for full report.
# 1/N extrap for CH(vbm) CH(cbm) diff =  -1.07749573E+01  -9.98493610E+00   7.90021158E-01
# Error est. for CH(vbm) CH(cbm) diff =   1.08944670E+00   1.05842719E+00  -3.10195076E-02
#    Nb          CH(vbm)          CH(cbm)             diff
      1  -2.45355264E-01  -2.06250332E-01   3.91049320E-02
      2  -4.90812895E-01  -4.12462263E-01   7.83506319E-02
      3  -7.67406168E-01  -5.90715704E-01   1.76690463E-01
      4  -1.04387389E+00  -7.69031442E-01   2.74842448E-01
      5  -1.95020019E+00  -1.00578960E+00   9.44410592E-01
      6  -2.85662065E+00  -1.24269614E+00   1.61392451E+00
      7  -3.90242379E+00  -1.38700036E+00   2.51542343E+00
      8  -4.94813196E+00  -1.53112193E+00   3.41701003E+00
      9  -5.06911299E+00  -2.95633253E+00   2.11278046E+00
     10  -5.19003720E+00  -4.38167545E+00   8.08361748E-01
     11  -5.27740059E+00  -4.65600188E+00   6.21398711E-01
     12  -5.36481953E+00  -4.93019552E+00   4.34624016E-01
     13  -5.46013921E+00  -5.05478247E+00   4.05356741E-01
     14  -5.55561155E+00  -5.17940771E+00   3.76203844E-01
     15  -5.62753922E+00  -5.29619387E+00   3.31345353E-01
     16  -5.69962025E+00  -5.41302606E+00   2.86594188E-01
     17  -5.85148358E+00  -5.65658863E+00   1.94894950E-01
     18  -6.00331841E+00  -5.90014601E+00   1.03172398E-01
     19  -6.17632965E+00  -5.96413557E+00   2.12194076E-01
     20  -6.34932571E+00  -6.02812163E+00   3.21204079E-01
     21  -6.42407125E+00  -6.17595537E+00   2.48115881E-01
     22  -6.49882396E+00  -6.32377056E+00   1.75053401E-01
     23  -6.66167050E+00  -6.40095171E+00   2.60718796E-01
     24  -6.82451419E+00  -6.47813272E+00   3.46381472E-01
     25  -6.97991630E+00  -6.52417067E+00   4.55745630E-01
     26  -7.13537746E+00  -6.57017452E+00   5.65202935E-01
     27  -7.25752936E+00  -6.64302430E+00   6.14505066E-01
     28  -7.37972724E+00  -6.71591793E+00   6.63809304E-01
     29  -7.46073190E+00  -6.78080508E+00   6.79926817E-01
     30  -7.54183946E+00  -6.84567991E+00   6.96159554E-01
     31  -7.62159906E+00  -6.92397915E+00   6.97619914E-01
     32  -7.70125550E+00  -7.00229085E+00   6.98964652E-01
     33  -7.73540349E+00  -7.04675699E+00   6.88646499E-01
     34  -7.76955038E+00  -7.09120457E+00   6.78345810E-01
     35  -7.80719349E+00  -7.13665753E+00   6.70535958E-01
     36  -7.84483495E+00  -7.18219177E+00   6.62643179E-01
     37  -7.89487698E+00  -7.25220980E+00   6.42667186E-01
     38  -7.94492832E+00  -7.32226689E+00   6.22661429E-01
     39  -7.98768818E+00  -7.41041708E+00   5.77271098E-01
     40  -8.03043864E+00  -7.49852929E+00   5.31909348E-01
     41  -8.05123627E+00  -7.54867099E+00   5.02565272E-01
     42  -8.07203589E+00  -7.59877426E+00   4.73261627E-01
     43  -8.11128911E+00  -7.64493548E+00   4.66353631E-01
     44  -8.15054445E+00  -7.69105836E+00   4.59486085E-01
     45  -8.21898214E+00  -7.73367167E+00   4.85310465E-01
     46  -8.28741038E+00  -7.77627385E+00   5.11136538E-01
     47  -8.35384507E+00  -7.81154945E+00   5.42295620E-01
     48  -8.41955960E+00  -7.84845259E+00   5.71107010E-01
     49  -8.51335219E+00  -7.88004095E+00   6.33311247E-01
     50  -8.60829991E+00  -7.90895599E+00   6.99343915E-01
     51  -8.65621416E+00  -7.93608649E+00   7.20127672E-01
     52  -8.70429999E+00  -7.96266961E+00   7.41630386E-01
     53  -8.75288175E+00  -7.99238651E+00   7.60495243E-01
     54  -8.80146176E+00  -8.02209712E+00   7.79364636E-01
     55  -8.81747590E+00  -8.05279452E+00   7.64681379E-01
     56  -8.83349779E+00  -8.08349266E+00   7.50005134E-01
     57  -8.85594708E+00  -8.10284858E+00   7.53098496E-01
     58  -8.87839849E+00  -8.12221567E+00   7.56182820E-01
     59  -8.89740745E+00  -8.14433497E+00   7.53072483E-01
     60  -8.91642412E+00  -8.16644870E+00   7.49975418E-01
     61  -8.93106444E+00  -8.20283207E+00   7.28232373E-01
     62  -8.94571319E+00  -8.23921466E+00   7.06498532E-01
     63  -8.96450689E+00  -8.25873263E+00   7.05774263E-01
     64  -8.98330323E+00  -8.27825030E+00   7.05052929E-01
     65  -8.99892208E+00  -8.30550265E+00   6.93419435E-01
     66  -9.01456038E+00  -8.33273888E+00   6.81821500E-01
     67  -9.03570335E+00  -8.35297464E+00   6.82728715E-01
     68  -9.05684909E+00  -8.37323582E+00   6.83613263E-01
     69  -9.07412272E+00  -8.38969847E+00   6.84424251E-01
     70  -9.09139684E+00  -8.40616069E+00   6.85236149E-01
     71  -9.11278626E+00  -8.42491509E+00   6.87871165E-01
     72  -9.13417500E+00  -8.44371009E+00   6.90464907E-01
     73  -9.15000604E+00  -8.46465553E+00   6.85350514E-01
     74  -9.16583700E+00  -8.48556988E+00   6.80267115E-01
     75  -9.18857048E+00  -8.50715246E+00   6.81418015E-01
     76  -9.21130387E+00  -8.52873439E+00   6.82569474E-01
     77  -9.22883855E+00  -8.54952020E+00   6.79318357E-01
     78  -9.24637078E+00  -8.57030784E+00   6.76062944E-01
     79  -9.26203700E+00  -8.58572754E+00   6.76309461E-01
     80  -9.27770587E+00  -8.60114512E+00   6.76560750E-01
     81  -9.30069149E+00  -8.61742273E+00   6.83268753E-01
     82  -9.32367588E+00  -8.63370039E+00   6.89975484E-01
     83  -9.34467045E+00  -8.64501490E+00   6.99655549E-01
     84  -9.36559219E+00  -8.65612245E+00   7.09469732E-01
     85  -9.38133256E+00  -8.67056013E+00   7.10772429E-01
     86  -9.39733995E+00  -8.68582596E+00   7.11513986E-01
     87  -9.41483073E+00  -8.69763138E+00   7.17199354E-01
     88  -9.43269288E+00  -8.71050954E+00   7.22183340E-01
     89  -9.45133141E+00  -8.72066175E+00   7.30669661E-01
     90  -9.46996952E+00  -8.73081362E+00   7.39155902E-01
     91  -9.48702622E+00  -8.74457303E+00   7.42453197E-01
     92  -9.50408250E+00  -8.75833237E+00   7.45750132E-01
     93  -9.51320510E+00  -8.77040264E+00   7.42802458E-01
     94  -9.52232689E+00  -8.78247943E+00   7.39847462E-01
     95  -9.53349411E+00  -8.79185888E+00   7.41635234E-01
     96  -9.54483315E+00  -8.80165162E+00   7.43181527E-01
     97  -9.55967512E+00  -8.81029764E+00   7.49377484E-01
     98  -9.57434254E+00  -8.81850614E+00   7.55836395E-01
     99  -9.58957839E+00  -8.82805753E+00   7.61520867E-01
    100  -9.60482423E+00  -8.83764155E+00   7.67182674E-01
    101  -9.61222221E+00  -8.84772655E+00   7.64495656E-01
    102  -9.61962050E+00  -8.85781206E+00   7.61808437E-01
    103  -9.62817814E+00  -8.86929182E+00   7.58886325E-01
    104  -9.63673767E+00  -8.88077514E+00   7.55962529E-01
    105  -9.64703105E+00  -8.89138753E+00   7.55643521E-01
    106  -9.65732699E+00  -8.90200252E+00   7.55324473E-01
    107  -9.67141960E+00  -8.91426035E+00   7.57159248E-01
    108  -9.68551057E+00  -8.92650892E+00   7.59001651E-01
# k =  -0.000000  -0.000000   0.500000 spin = 1
# <ib|Sigma_CH[1..Nb]|ib> (eV), partial and symmetrized sum with up to Nb "inner" bands
# Reporting only VBM and CBM, use 'full_ch_conv_log 1' keyword for full report.
# 1/N extrap for CH(vbm) CH(cbm) diff =  -1.05560575E+01  -1.00040703E+01   5.51987262E-01
# Error est. for CH(vbm) CH(cbm) diff =   9.49965775E-01   9.77730085E-01   2.77643101E-02
#    Nb          CH(vbm)          CH(cbm)             diff
      1  -3.01085035E-01  -2.57257606E-01   4.38274287E-02
      2  -6.07911199E-01  -5.06619375E-01   1.01291824E-01
      3  -8.85549650E-01  -7.54470762E-01   1.31078888E-01
      4  -1.15556547E+00  -1.01281078E+00   1.42754690E-01
      5  -1.52629729E+00  -1.11220977E+00   4.14087522E-01
      6  -1.89256311E+00  -1.21888490E+00   6.73678208E-01
      7  -3.39840016E+00  -1.37556977E+00   2.02283039E+00
      8  -4.94658806E+00  -1.51718161E+00   3.42940645E+00
      9  -5.05240076E+00  -2.99221756E+00   2.06018320E+00
     10  -5.16688284E+00  -4.40254466E+00   7.64338181E-01
     11  -5.32314808E+00  -4.53018888E+00   7.92959204E-01
     12  -5.46810066E+00  -4.72497168E+00   7.43128975E-01
     13  -5.61004823E+00  -4.92245698E+00   6.87591254E-01
     14  -5.76550506E+00  -5.05711355E+00   7.08391515E-01
     15  -5.84170523E+00  -5.31034200E+00   5.31363231E-01
     16  -5.93072154E+00  -5.50240217E+00   4.28319379E-01
     17  -6.10663538E+00  -5.60697209E+00   4.99663294E-01
     18  -6.26211200E+00  -5.70318144E+00   5.58930563E-01
     19  -6.42968637E+00  -5.77633848E+00   6.53347886E-01
     20  -6.61447435E+00  -5.84116944E+00   7.73304910E-01
     21  -6.71179053E+00  -5.95345861E+00   7.58331928E-01
     22  -6.78573353E+00  -6.05434574E+00   7.31387791E-01
     23  -6.91030337E+00  -6.13827405E+00   7.72029324E-01
     24  -7.03683744E+00  -6.22316548E+00   8.13671957E-01
     25  -7.16882588E+00  -6.38385341E+00   7.84972476E-01
     26  -7.30269233E+00  -6.54681739E+00   7.55874940E-01
     27  -7.40877367E+00  -6.76294272E+00   6.45830956E-01
     28  -7.51067587E+00  -6.95656418E+00   5.54111695E-01
     29  -7.56861466E+00  -7.02253382E+00   5.46080842E-01
     30  -7.62698822E+00  -7.08724921E+00   5.39739015E-01
     31  -7.68955653E+00  -7.13600429E+00   5.53552239E-01
     32  -7.75168965E+00  -7.18601445E+00   5.65675196E-01
     33  -7.79140558E+00  -7.22983382E+00   5.61571757E-01
     34  -7.83162459E+00  -7.27533520E+00   5.56289388E-01
     35  -7.87217306E+00  -7.32014273E+00   5.52030333E-01
     36  -7.91258327E+00  -7.36317271E+00   5.49410556E-01
     37  -7.97409252E+00  -7.41717755E+00   5.56914968E-01
     38  -8.02807362E+00  -7.47730464E+00   5.50768982E-01
     39  -8.07292248E+00  -7.53820686E+00   5.34715615E-01
     40  -8.12521803E+00  -7.59305449E+00   5.32163537E-01
     41  -8.15189220E+00  -7.64640487E+00   5.05487322E-01
     42  -8.17199418E+00  -7.69124381E+00   4.80750369E-01
     43  -8.21821074E+00  -7.74502492E+00   4.73185816E-01
     44  -8.25805662E+00  -7.79027830E+00   4.67778329E-01
     45  -8.31969709E+00  -7.83834910E+00   4.81347986E-01
     46  -8.37577448E+00  -7.87874864E+00   4.97025839E-01
     47  -8.42879510E+00  -7.91875977E+00   5.10035323E-01
     48  -8.48692355E+00  -7.97511130E+00   5.11812251E-01
     49  -8.54470145E+00  -8.01437694E+00   5.30324514E-01
     50  -8.61722917E+00  -8.05856744E+00   5.58661731E-01
     51  -8.66602304E+00  -8.08797970E+00   5.78043342E-01
     52  -8.69763711E+00  -8.11510732E+00   5.82529786E-01
     53  -8.73799543E+00  -8.14394525E+00   5.94050180E-01
     54  -8.77783381E+00  -8.17228432E+00   6.05549493E-01
     55  -8.79271640E+00  -8.19411102E+00   5.98605379E-01
     56  -8.80816510E+00  -8.21708318E+00   5.91081922E-01
     57  -8.82891848E+00  -8.24084247E+00   5.88076007E-01
     58  -8.85231288E+00  -8.26473524E+00   5.87577639E-01
     59  -8.87408036E+00  -8.28616683E+00   5.87913531E-01
     60  -8.89816949E+00  -8.30771786E+00   5.90451636E-01
     61  -8.91290223E+00  -8.32402529E+00   5.88876938E-01
     62  -8.93033089E+00  -8.34960737E+00   5.80723516E-01
     63  -8.95043976E+00  -8.38162513E+00   5.68814629E-01
     64  -8.97001197E+00  -8.41183166E+00   5.58180313E-01
     65  -8.98688865E+00  -8.43054879E+00   5.56339864E-01
     66  -9.00409475E+00  -8.44788957E+00   5.56205179E-01
     67  -9.02343213E+00  -8.46692027E+00   5.56511859E-01
     68  -9.04095319E+00  -8.49402103E+00   5.46932163E-01
     69  -9.05674393E+00  -8.50684988E+00   5.49894050E-01
     70  -9.07577776E+00  -8.52557692E+00   5.50200835E-01
     71  -9.09500535E+00  -8.54219783E+00   5.52807529E-01
     72  -9.11059581E+00  -8.55300633E+00   5.57589480E-01
     73  -9.12761887E+00  -8.57075216E+00   5.56866701E-01
     74  -9.14032804E+00  -8.59448112E+00   5.45846921E-01
     75  -9.16142920E+00  -8.61233068E+00   5.49098518E-01
     76  -9.17994720E+00  -8.63355528E+00   5.46391920E-01
     77  -9.19570549E+00  -8.64804122E+00   5.47664273E-01
     78  -9.21154027E+00  -8.66285938E+00   5.48680888E-01
     79  -9.22500479E+00  -8.67921874E+00   5.45786054E-01
     80  -9.23844384E+00  -8.69519793E+00   5.43245910E-01
     81  -9.25645066E+00  -8.71281940E+00   5.43631258E-01
     82  -9.27426086E+00  -8.73055767E+00   5.43703193E-01
     83  -9.29324526E+00  -8.74479755E+00   5.48447708E-01
     84  -9.31198256E+00  -8.75913253E+00   5.52850036E-01
     85  -9.32724860E+00  -8.77215165E+00   5.55096946E-01
     86  -9.34259510E+00  -8.78524032E+00   5.57354783E-01
     87  -9.35840127E+00  -8.79776428E+00   5.60636993E-01
     88  -9.37470232E+00  -8.80653146E+00   5.68170865E-01
     89  -9.39372374E+00  -8.82285843E+00   5.70865303E-01
     90  -9.41203538E+00  -8.83929525E+00   5.72740127E-01
     91  -9.42897840E+00  -8.85003432E+00   5.78944072E-01
     92  -9.44514660E+00  -8.86073224E+00   5.84414359E-01
     93  -9.45468278E+00  -8.86910424E+00   5.85578542E-01
     94  -9.46405199E+00  -8.87687256E+00   5.87179437E-01
     95  -9.47405997E+00  -8.88866784E+00   5.85392134E-01
     96  -9.48388069E+00  -8.90127254E+00   5.82608149E-01
     97  -9.49649186E+00  -8.91347390E+00   5.83017961E-01
     98  -9.50915647E+00  -8.92657181E+00   5.82584665E-01
     99  -9.52205815E+00  -8.93963517E+00   5.82422972E-01
    100  -9.53396630E+00  -8.95315420E+00   5.80812100E-01
    101  -9.54155215E+00  -8.96020398E+00   5.81348171E-01
    102  -9.54925904E+00  -8.96938248E+00   5.79876558E-01
    103  -9.55728292E+00  -8.97718200E+00   5.80100919E-01
    104  -9.56534105E+00  -8.98553921E+00   5.79801840E-01
    105  -9.57370760E+00  -8.99489104E+00   5.78816559E-01
    106  -9.58273481E+00  -9.00194737E+00   5.80787436E-01
    107  -9.59494169E+00  -9.01247424E+00   5.82467452E-01
    108  -9.60609176E+00  -9.02634018E+00   5.79751572E-01
# k =   0.000000   0.500000   0.500000 spin = 1
# <ib|Sigma_CH[1..Nb]|ib> (eV), partial and symmetrized sum with up to Nb "inner" bands
# Reporting only VBM and CBM, use 'full_ch_conv_log 1' keyword for full report.
# 1/N extrap for CH(vbm) CH(cbm) diff =  -1.01742136E+01  -9.05959599E+00   1.11461761E+00
# Error est. for CH(vbm) CH(cbm) diff =   7.90932163E-01   7.98769737E-01   7.83757326E-03
#    Nb          CH(vbm)          CH(cbm)             diff
      1  -3.51221384E-01  -1.70924794E-01   1.80296590E-01
      2  -7.02418483E-01  -3.41843367E-01   3.60575116E-01
      3  -1.01496428E+00  -5.78360830E-01   4.36603447E-01
      4  -1.32754163E+00  -8.14886417E-01   5.12655215E-01
      5  -2.21157305E+00  -9.36552534E-01   1.27502051E+00
      6  -3.12385582E+00  -1.04420634E+00   2.07964948E+00
      7  -4.00733257E+00  -1.16627280E+00   2.84105976E+00
      8  -4.92025567E+00  -1.27365810E+00   3.64659756E+00
      9  -5.06135534E+00  -2.08713248E+00   2.97422286E+00
     10  -5.20255415E+00  -2.90060991E+00   2.30194423E+00
     11  -5.39302464E+00  -3.70073972E+00   1.69228492E+00
     12  -5.60171268E+00  -4.47708067E+00   1.12463201E+00
     13  -5.78187464E+00  -4.64819300E+00   1.13368165E+00
     14  -5.98681252E+00  -4.78709322E+00   1.19971930E+00
     15  -6.06124281E+00  -5.01439740E+00   1.04684541E+00
     16  -6.13567171E+00  -5.24166555E+00   8.94006160E-01
     17  -6.27834788E+00  -5.33743526E+00   9.40912615E-01
     18  -6.43812660E+00  -5.42006340E+00   1.01806319E+00
     19  -6.58421416E+00  -5.51320803E+00   1.07100613E+00
     20  -6.74239006E+00  -5.59706368E+00   1.14532639E+00
     21  -6.84787109E+00  -5.72357528E+00   1.12429580E+00
     22  -6.95326584E+00  -5.85008855E+00   1.10317729E+00
     23  -7.06270168E+00  -5.97347036E+00   1.08923132E+00
     24  -7.17214107E+00  -6.09685290E+00   1.07528817E+00
     25  -7.27548881E+00  -6.19546287E+00   1.08002594E+00
     26  -7.37527685E+00  -6.30107560E+00   1.07420126E+00
     27  -7.46914350E+00  -6.39298430E+00   1.07615920E+00
     28  -7.55942833E+00  -6.49169779E+00   1.06773055E+00
     29  -7.61002802E+00  -6.54172512E+00   1.06830290E+00
     30  -7.66061602E+00  -6.59175138E+00   1.06886464E+00
     31  -7.71422812E+00  -6.63842456E+00   1.07580355E+00
     32  -7.76785191E+00  -6.68509882E+00   1.08275309E+00
     33  -7.80916858E+00  -6.73763140E+00   1.07153719E+00
     34  -7.84738585E+00  -6.78557492E+00   1.06181093E+00
     35  -7.88555900E+00  -6.83345996E+00   1.05209904E+00
     36  -7.92686458E+00  -6.88598241E+00   1.04088218E+00
     37  -7.97752723E+00  -6.93743044E+00   1.04009678E+00
     38  -8.02604323E+00  -7.00194401E+00   1.02409922E+00
     39  -8.07628376E+00  -7.05662293E+00   1.01966083E+00
     40  -8.12537617E+00  -7.11791709E+00   1.00745908E+00
     41  -8.15485030E+00  -7.15739536E+00   9.97454939E-01
     42  -8.18434355E+00  -7.19687277E+00   9.87470775E-01
     43  -8.22528575E+00  -7.23817044E+00   9.87115315E-01
     44  -8.26195643E+00  -7.27970592E+00   9.82250513E-01
     45  -8.30688828E+00  -7.31252744E+00   9.94360843E-01
     46  -8.34844740E+00  -7.34553228E+00   1.00291511E+00
     47  -8.39434047E+00  -7.37551666E+00   1.01882381E+00
     48  -8.44001946E+00  -7.40466417E+00   1.03535530E+00
     49  -8.48715737E+00  -7.43102671E+00   1.05613065E+00
     50  -8.53471623E+00  -7.45904355E+00   1.07567269E+00
     51  -8.56330524E+00  -7.48402638E+00   1.07927886E+00
     52  -8.59256538E+00  -7.51166264E+00   1.08090275E+00
     53  -8.62406077E+00  -7.53490207E+00   1.08915869E+00
     54  -8.65483495E+00  -7.55767960E+00   1.09715535E+00
     55  -8.67140051E+00  -7.57562372E+00   1.09577679E+00
     56  -8.68746563E+00  -7.59325234E+00   1.09421329E+00
     57  -8.70531916E+00  -7.61274467E+00   1.09257449E+00
     58  -8.72317501E+00  -7.63216303E+00   1.09101198E+00
     59  -8.74156536E+00  -7.65477861E+00   1.08678675E+00
     60  -8.76038117E+00  -7.67699673E+00   1.08338445E+00
     61  -8.77895842E+00  -7.69721033E+00   1.08174808E+00
     62  -8.79643091E+00  -7.71815459E+00   1.07827631E+00
     63  -8.81364325E+00  -7.73675498E+00   1.07688827E+00
     64  -8.83088740E+00  -7.75535523E+00   1.07553218E+00
     65  -8.84976362E+00  -7.77701284E+00   1.07275078E+00
     66  -8.86765209E+00  -7.79834584E+00   1.06930625E+00
     67  -8.88451061E+00  -7.81743453E+00   1.06707608E+00
     68  -8.90246226E+00  -7.83684320E+00   1.06561906E+00
     69  -8.91761088E+00  -7.85210493E+00   1.06550596E+00
     70  -8.93275947E+00  -7.86736767E+00   1.06539180E+00
     71  -8.94820246E+00  -7.88236581E+00   1.06583665E+00
     72  -8.96347941E+00  -7.89749708E+00   1.06598233E+00
     73  -8.97732735E+00  -7.91188918E+00   1.06543817E+00
     74  -8.99133275E+00  -7.92615374E+00   1.06517901E+00
     75  -9.00649024E+00  -7.94043804E+00   1.06605220E+00
     76  -9.02164728E+00  -7.95472200E+00   1.06692528E+00
     77  -9.03543021E+00  -7.96884846E+00   1.06658175E+00
     78  -9.04927826E+00  -7.98296833E+00   1.06630993E+00
     79  -9.06188686E+00  -7.99573930E+00   1.06614756E+00
     80  -9.07442738E+00  -8.00851727E+00   1.06591011E+00
     81  -9.09025532E+00  -8.01947684E+00   1.07077848E+00
     82  -9.10608341E+00  -8.03043720E+00   1.07564622E+00
     83  -9.12152853E+00  -8.04167657E+00   1.07985195E+00
     84  -9.13721498E+00  -8.05304677E+00   1.08416821E+00
     85  -9.15048231E+00  -8.06256716E+00   1.08791515E+00
     86  -9.16371562E+00  -8.07207010E+00   1.09164552E+00
     87  -9.17709353E+00  -8.08165322E+00   1.09544031E+00
     88  -9.19041849E+00  -8.09120117E+00   1.09921732E+00
     89  -9.20555326E+00  -8.10191052E+00   1.10364274E+00
     90  -9.22065287E+00  -8.11261983E+00   1.10803304E+00
     91  -9.23559200E+00  -8.12167527E+00   1.11391673E+00
     92  -9.24945190E+00  -8.13190728E+00   1.11754462E+00
     93  -9.25784745E+00  -8.13954844E+00   1.11829901E+00
     94  -9.26672856E+00  -8.14661644E+00   1.12011212E+00
     95  -9.27502157E+00  -8.15434149E+00   1.12068007E+00
     96  -9.28333840E+00  -8.16206678E+00   1.12127162E+00
     97  -9.29303080E+00  -8.17069124E+00   1.12233956E+00
     98  -9.30257408E+00  -8.17931914E+00   1.12325493E+00
     99  -9.31248684E+00  -8.18793116E+00   1.12455568E+00
    100  -9.32235177E+00  -8.19654376E+00   1.12580800E+00
    101  -9.32918222E+00  -8.20404289E+00   1.12513933E+00
    102  -9.33600562E+00  -8.21154200E+00   1.12446362E+00
    103  -9.34303571E+00  -8.22012211E+00   1.12291360E+00
    104  -9.35006400E+00  -8.22870201E+00   1.12136199E+00
    105  -9.35768715E+00  -8.23646654E+00   1.12122062E+00
    106  -9.36541269E+00  -8.24403284E+00   1.12137985E+00
    107  -9.37438171E+00  -8.25236082E+00   1.12202089E+00
    108  -9.38328144E+00  -8.26082626E+00   1.12245518E+00
# k =   0.500000   0.500000   0.500000 spin = 1
# <ib|Sigma_CH[1..Nb]|ib> (eV), partial and symmetrized sum with up to Nb "inner" bands
# Reporting only VBM and CBM, use 'full_ch_conv_log 1' keyword for full report.
# 1/N extrap for CH(vbm) CH(cbm) diff =  -1.05600438E+01  -9.99416709E+00   5.65876709E-01
# Error est. for CH(vbm) CH(cbm) diff =   9.53299333E-01   9.67179334E-01   1.38800009E-02
#    Nb          CH(vbm)          CH(cbm)             diff
      1  -3.01038242E-01  -2.57056943E-01   4.39812985E-02
      2  -6.07926540E-01  -5.06635084E-01   1.01291456E-01
      3  -8.85676328E-01  -7.54792659E-01   1.30883669E-01
      4  -1.15565585E+00  -1.01289914E+00   1.42756708E-01
      5  -1.52580589E+00  -1.11245409E+00   4.13351794E-01
      6  -1.87760745E+00  -1.22214967E+00   6.55457771E-01
      7  -3.40544190E+00  -1.37434080E+00   2.03110111E+00
      8  -4.94689611E+00  -1.51736375E+00   3.42953236E+00
      9  -5.05272179E+00  -2.99255501E+00   2.06016677E+00
     10  -5.16728388E+00  -4.40258285E+00   7.64701024E-01
     11  -5.31601724E+00  -4.53721411E+00   7.78803131E-01
     12  -5.46714264E+00  -4.72657130E+00   7.40571336E-01
     13  -5.61040052E+00  -4.92283012E+00   6.87570399E-01
     14  -5.76592677E+00  -5.05750753E+00   7.08419235E-01
     15  -5.84208881E+00  -5.31078094E+00   5.31307866E-01
     16  -5.93119137E+00  -5.50286180E+00   4.28329571E-01
     17  -6.09355756E+00  -5.60745664E+00   4.86100917E-01
     18  -6.24928430E+00  -5.70368655E+00   5.45597747E-01
     19  -6.43827803E+00  -5.77685391E+00   6.61424113E-01
     20  -6.61496084E+00  -5.84169162E+00   7.73269225E-01
     21  -6.71227485E+00  -5.95396197E+00   7.58312876E-01
     22  -6.78625525E+00  -6.05482760E+00   7.31427647E-01
     23  -6.91083210E+00  -6.13874071E+00   7.72091395E-01
     24  -7.03739227E+00  -6.22361629E+00   8.13775978E-01
     25  -7.16928343E+00  -6.38418008E+00   7.85103344E-01
     26  -7.30301142E+00  -6.54934293E+00   7.53668490E-01
     27  -7.40973345E+00  -6.75991295E+00   6.49820498E-01
     28  -7.51128503E+00  -6.95714000E+00   5.54145030E-01
     29  -7.56923800E+00  -7.02312090E+00   5.46117097E-01
     30  -7.62761812E+00  -7.08788079E+00   5.39737330E-01
     31  -7.69019545E+00  -7.13665766E+00   5.53537796E-01
     32  -7.75234543E+00  -7.18665625E+00   5.65689181E-01
     33  -7.79273774E+00  -7.23280698E+00   5.59930765E-01
     34  -7.83225449E+00  -7.27583270E+00   5.56421788E-01
     35  -7.87291117E+00  -7.32100287E+00   5.51908304E-01
     36  -7.91325741E+00  -7.36382721E+00   5.49430201E-01
     37  -7.97475954E+00  -7.41783032E+00   5.56929216E-01
     38  -8.02868863E+00  -7.47795883E+00   5.50729794E-01
     39  -8.07356146E+00  -7.53886123E+00   5.34700227E-01
     40  -8.12590508E+00  -7.59370830E+00   5.32196781E-01
     41  -8.15257013E+00  -7.64700796E+00   5.05562170E-01
     42  -8.17267573E+00  -7.69187164E+00   4.80804090E-01
     43  -8.21889367E+00  -7.74563792E+00   4.73255750E-01
     44  -8.25788627E+00  -7.79086411E+00   4.67022165E-01
     45  -8.32065811E+00  -7.83903450E+00   4.81623612E-01
     46  -8.37646294E+00  -7.87942000E+00   4.97042943E-01
     47  -8.42659302E+00  -7.92210312E+00   5.04489901E-01
     48  -8.48280711E+00  -7.97974199E+00   5.03065126E-01
     49  -8.54293885E+00  -8.01747115E+00   5.25467697E-01
     50  -8.61760952E+00  -8.05987851E+00   5.57731017E-01
     51  -8.66182147E+00  -8.09258284E+00   5.69238624E-01
     52  -8.69831227E+00  -8.11577160E+00   5.82540670E-01
     53  -8.73865632E+00  -8.14456824E+00   5.94088076E-01
     54  -8.77834968E+00  -8.17243080E+00   6.05918878E-01
     55  -8.79353170E+00  -8.19523482E+00   5.98296888E-01
     56  -8.80883258E+00  -8.21772832E+00   5.91104254E-01
     57  -8.82958723E+00  -8.24148732E+00   5.88099911E-01
     58  -8.85297939E+00  -8.26537997E+00   5.87599422E-01
     59  -8.87466627E+00  -8.28681007E+00   5.87856195E-01
     60  -8.89882262E+00  -8.30836279E+00   5.90459832E-01
     61  -8.91351823E+00  -8.32466961E+00   5.88848618E-01
     62  -8.93099525E+00  -8.35025311E+00   5.80742146E-01
     63  -8.95109679E+00  -8.38226771E+00   5.68829078E-01
     64  -8.97067227E+00  -8.41247211E+00   5.58200161E-01
     65  -8.98761692E+00  -8.43120305E+00   5.56413869E-01
     66  -9.00482863E+00  -8.44853233E+00   5.56296292E-01
     67  -9.02407328E+00  -8.46756665E+00   5.56506629E-01
     68  -9.04161283E+00  -8.49466981E+00   5.46943028E-01
     69  -9.05740368E+00  -8.50749737E+00   5.49906306E-01
     70  -9.07643824E+00  -8.52622444E+00   5.50213804E-01
     71  -9.09576701E+00  -8.54282553E+00   5.52941473E-01
     72  -9.11125432E+00  -8.55365636E+00   5.57597959E-01
     73  -9.12810658E+00  -8.57143873E+00   5.56667850E-01
     74  -9.14098834E+00  -8.59513046E+00   5.45857881E-01
     75  -9.16208935E+00  -8.61298012E+00   5.49109226E-01
     76  -9.18060708E+00  -8.63420482E+00   5.46402255E-01
     77  -9.19636089E+00  -8.64868244E+00   5.47678450E-01
     78  -9.21214680E+00  -8.66336583E+00   5.48780974E-01
     79  -9.22561260E+00  -8.67972427E+00   5.45888325E-01
     80  -9.23910510E+00  -8.69585043E+00   5.43254674E-01
     81  -9.25711242E+00  -8.71347181E+00   5.43640610E-01
     82  -9.27492029E+00  -8.73121006E+00   5.43710232E-01
     83  -9.29412209E+00  -8.74384167E+00   5.50280421E-01
     84  -9.31289960E+00  -8.75817230E+00   5.54727299E-01
     85  -9.32820768E+00  -8.77083645E+00   5.57371227E-01
     86  -9.34347588E+00  -8.78430202E+00   5.59173862E-01
     87  -9.35939079E+00  -8.79613514E+00   5.63255651E-01
     88  -9.37535944E+00  -8.80718405E+00   5.68175386E-01
     89  -9.39437394E+00  -8.82350666E+00   5.70867276E-01
     90  -9.41267943E+00  -8.83993952E+00   5.72739909E-01
     91  -9.42958459E+00  -8.85057748E+00   5.79007104E-01
     92  -9.44582105E+00  -8.86143074E+00   5.84390318E-01
     93  -9.45519413E+00  -8.86940625E+00   5.85787885E-01
     94  -9.46470541E+00  -8.87752095E+00   5.87184461E-01
     95  -9.47437227E+00  -8.89014993E+00   5.84222339E-01
     96  -9.48441145E+00  -8.90225211E+00   5.82159343E-01
     97  -9.49675442E+00  -8.91574643E+00   5.81007993E-01
     98  -9.50946902E+00  -8.92829598E+00   5.81173037E-01
     99  -9.52249891E+00  -8.94102488E+00   5.81474030E-01
    100  -9.53461950E+00  -8.95380167E+00   5.80817833E-01
    101  -9.54220543E+00  -8.96085149E+00   5.81353937E-01
    102  -9.54991214E+00  -8.97002990E+00   5.79882240E-01
    103  -9.55793761E+00  -8.97783008E+00   5.80107525E-01
    104  -9.56599409E+00  -8.98618670E+00   5.79807381E-01
    105  -9.57435394E+00  -8.99552858E+00   5.78825362E-01
    106  -9.58339720E+00  -9.00260821E+00   5.80788990E-01
    107  -9.59553557E+00  -9.01303824E+00   5.82497331E-01
    108  -9.60674446E+00  -9.02698775E+00   5.79756710E-01
