# Generated by LORRAX unknown at 2026-07-18 02:23:21 UTC
  0.000000000  0.000000000  0.000000000      80
       1       1  -65.372250650  -81.200171062
       1       2  -65.372250650  -81.200174866
       1       3  -41.997237431  -49.208441756
       1       4  -41.997237431  -49.208440056
       1       5  -39.497232482  -45.669165195
       1       6  -39.497232482  -45.669164285
       1       7  -39.272874887  -46.946844876
       1       8  -39.272874887  -46.946842269
       1       9  -19.398603714  -22.487644330
       1      10  -19.398603714  -22.487644668
       1      11  -18.214279803  -18.755434191
       1      12  -18.214279803  -18.755433953
       1      13  -10.873767564  -10.197262654
       1      14  -10.873767564  -10.197253398
       1      15   -7.815639649  -11.296101920
       1      16   -7.815639649  -11.296096209
       1      17   -7.759785071  -11.294770909
       1      18   -7.759785071  -11.294765740
       1      19   -7.145275984   -6.204251987
       1      20   -7.145275984   -6.204264409
       1      21   -6.779802587   -8.991713323
       1      22   -6.779802587   -8.991716388
       1      23   -6.699109026   -8.882844654
       1      24   -6.699109026   -8.882846389
       1      25   -5.386093234   -8.964122303
       1      26   -5.386093234   -8.964114553
       1      27   -2.581487811   -1.302578376
       1      28   -2.581487811   -1.302560996
       1      29   -2.505729343   -1.346705432
       1      30   -2.505729343   -1.346713218
       1      31   -2.332526328   -1.400777058
       1      32   -2.332526328   -1.400784324
       1      33   -2.326587030   -1.464271301
       1      34   -2.326587030   -1.464279786
       1      35    1.113319908   -4.988402292
       1      36    1.113319908   -4.988404431
       1      37    3.714012323   -6.904425213
       1      38    3.714012323   -6.904403603
       1      39    3.951990397   28.345251359
       1      40    3.951990397   28.345250764
       1      41    4.776396763   44.055466806
       1      42    4.776396763   44.055467086
       1      43    5.486221256    6.802443074
       1      44    5.486221256    6.802442964
       1      45    5.562324306    6.850873212
       1      46    5.562324306    6.850871273
       1      47    7.461577707    6.999352849
       1      48    7.461577707    6.999353508
       1      49    7.478937363    6.986081950
       1      50    7.478937363    6.986081503
       1      51    7.640757380    9.868478566
       1      52    7.640757380    9.868492732
       1      53   10.750580450    7.457244190
       1      54   10.750580450    7.457233690
       1      55   10.765259508    7.486000824
       1      56   10.765259508    7.485998407
       1      57   10.847684897    9.057299224
       1      58   10.847684897    9.057300746
       1      59   11.103915070    8.552153200
       1      60   11.103915070    8.552145734
       1      61   11.110755596    8.299168738
       1      62   11.110755596    8.299162536
       1      63   11.238345708  113.707281407
       1      64   11.238345708  113.707282029
       1      65   14.009904542  148.094724191
       1      66   14.009904542  148.094720876
       1      67   14.263647988  124.079188808
       1      68   14.263647988  124.079188115
       1      69   14.654706654  100.135804142
       1      70   14.654706654  100.135805036
       1      71   16.051968622  203.723745925
       1      72   16.051968622  203.723747237
       1      73   18.076102017   28.600675298
       1      74   18.076102017   28.600677254
       1      75   18.251524896   29.154221133
       1      76   18.251524896   29.154225020
       1      77   20.596317296  127.610149089
       1      78   20.596317296  127.610158194
       1      79   20.815167480   32.447938437
       1      80   20.815167480   32.447940609
  0.000000000  0.333333333  0.000000000      80
       1       1  -65.392796913  -76.759506813
       1       2  -65.392796912  -76.759421096
       1       3  -42.080404841  -49.927138587
       1       4  -42.080404794  -49.929703656
       1       5  -39.576631612  -47.477218559
       1       6  -39.576631603  -47.477684768
       1       7  -39.426545466  -46.598028318
       1       8  -39.426545413  -46.600847565
       1       9  -18.084492576  -17.540416598
       1      10  -18.084492572  -17.531119163
       1      11  -17.638782496  -17.371461696
       1      12  -17.638782494  -17.383360326
       1      13  -10.524665088  -12.700659488
       1      14  -10.524665030  -12.700368611
       1      15   -9.566582491  -14.795244313
       1      16   -9.566582430  -14.796407792
       1      17   -9.176329601   -9.523352954
       1      18   -9.176329539   -9.523461093
       1      19   -8.120290072   -9.566204170
       1      20   -8.120289943   -9.566462147
       1      21   -7.044057673   -5.059013156
       1      22   -7.044057659   -5.058127144
       1      23   -6.595082040   -8.231012386
       1      24   -6.595079210   -8.233823320
       1      25   -6.289899548   -7.128360922
       1      26   -6.289896403   -7.131231447
       1      27   -3.056465365   -3.243699149
       1      28   -3.056463335   -3.259171005
       1      29   -2.954588545   -4.559704601
       1      30   -2.954586166   -4.576100930
       1      31   -1.863615496   -3.151371574
       1      32   -1.863614672   -3.150020312
       1      33   -1.263891981    0.724892736
       1      34   -1.263891107    0.726687339
       1      35    2.649880530   -0.029094627
       1      36    2.649880793   -0.030944503
       1      37    2.893228373    2.390606071
       1      38    2.893228431    2.389613340
       1      39    3.304597098    4.317074474
       1      40    3.304597753    4.314553230
       1      41    5.155270825   14.663563229
       1      42    5.155270870   14.661072641
       1      43    5.593535301    8.842030682
       1      44    5.593535947    8.841114742
       1      45    7.168539283    3.573437722
       1      46    7.168539577    3.559472568
       1      47    7.616673919   21.141181548
       1      48    7.616673920   21.141449772
       1      49    7.719675669    8.281414642
       1      50    7.719675819    8.270579773
       1      51    9.143822513    6.539808293
       1      52    9.143822543    6.538926297
       1      53    9.711198062   48.298988752
       1      54    9.711198665   48.297822150
       1      55   10.065539547   11.753303221
       1      56   10.065540148   11.755903849
       1      57   10.144712117   20.901895849
       1      58   10.144712331   20.903157010
       1      59   12.357122177    9.868778590
       1      60   12.357122213    9.868465500
       1      61   13.541740673   50.900843300
       1      62   13.541740700   50.896929610
       1      63   13.877064995   73.536400600
       1      64   13.877065355   73.540184181
       1      65   14.840728065  144.760093791
       1      66   14.840728212  144.756110308
       1      67   15.590638781  108.817561317
       1      68   15.590638861  108.820867143
       1      69   16.288988481   24.034654483
       1      70   16.288988792   24.030888752
       1      71   17.050898705   34.488265276
       1      72   17.050899102   34.491834329
       1      73   17.207929902  110.141377446
       1      74   17.207929914  110.139599236
       1      75   17.657339592  251.646324582
       1      76   17.657339675  251.645994167
       1      77   19.467537160   78.037647493
       1      78   19.467537168   78.038346599
       1      79   19.553065317   43.560966909
       1      80   19.553065495   43.559810629
  0.000000000  0.666666667  0.000000000      80
       1       1  -65.392796913  -76.759506813
       1       2  -65.392796912  -76.759421096
       1       3  -42.080404841  -49.927138587
       1       4  -42.080404794  -49.929703656
       1       5  -39.576631612  -47.477218559
       1       6  -39.576631603  -47.477684768
       1       7  -39.426545466  -46.598028318
       1       8  -39.426545413  -46.600847565
       1       9  -18.084492576  -17.540416598
       1      10  -18.084492572  -17.531119163
       1      11  -17.638782496  -17.371461696
       1      12  -17.638782494  -17.383360326
       1      13  -10.524665088  -12.700659488
       1      14  -10.524665030  -12.700368611
       1      15   -9.566582491  -14.795244313
       1      16   -9.566582430  -14.796407792
       1      17   -9.176329601   -9.523352954
       1      18   -9.176329539   -9.523461093
       1      19   -8.120290072   -9.566204170
       1      20   -8.120289943   -9.566462147
       1      21   -7.044057673   -5.059013156
       1      22   -7.044057659   -5.058127144
       1      23   -6.595082040   -8.231012386
       1      24   -6.595079210   -8.233823320
       1      25   -6.289899548   -7.128360922
       1      26   -6.289896403   -7.131231447
       1      27   -3.056465365   -3.243699149
       1      28   -3.056463335   -3.259171005
       1      29   -2.954588545   -4.559704601
       1      30   -2.954586166   -4.576100930
       1      31   -1.863615496   -3.151371574
       1      32   -1.863614672   -3.150020312
       1      33   -1.263891981    0.724892736
       1      34   -1.263891107    0.726687339
       1      35    2.649880530   -0.029094627
       1      36    2.649880793   -0.030944503
       1      37    2.893228373    2.390606071
       1      38    2.893228431    2.389613340
       1      39    3.304597098    4.317074474
       1      40    3.304597753    4.314553230
       1      41    5.155270825   14.663563229
       1      42    5.155270870   14.661072641
       1      43    5.593535301    8.842030682
       1      44    5.593535947    8.841114742
       1      45    7.168539283    3.573437722
       1      46    7.168539577    3.559472568
       1      47    7.616673919   21.141181548
       1      48    7.616673920   21.141449772
       1      49    7.719675669    8.281414642
       1      50    7.719675819    8.270579773
       1      51    9.143822513    6.539808293
       1      52    9.143822543    6.538926297
       1      53    9.711198062   48.298988752
       1      54    9.711198665   48.297822150
       1      55   10.065539547   11.753303221
       1      56   10.065540148   11.755903849
       1      57   10.144712117   20.901895849
       1      58   10.144712331   20.903157010
       1      59   12.357122177    9.868778590
       1      60   12.357122213    9.868465500
       1      61   13.541740673   50.900843300
       1      62   13.541740700   50.896929610
       1      63   13.877064995   73.536400600
       1      64   13.877065355   73.540184181
       1      65   14.840728065  144.760093791
       1      66   14.840728212  144.756110308
       1      67   15.590638781  108.817561317
       1      68   15.590638861  108.820867143
       1      69   16.288988481   24.034654483
       1      70   16.288988792   24.030888752
       1      71   17.050898705   34.488265276
       1      72   17.050899102   34.491834329
       1      73   17.207929902  110.141377446
       1      74   17.207929914  110.139599236
       1      75   17.657339592  251.646324582
       1      76   17.657339675  251.645994167
       1      77   19.467537160   78.037647493
       1      78   19.467537168   78.038346599
       1      79   19.553065317   43.560966909
       1      80   19.553065495   43.559810629
  0.333333333  0.000000000  0.000000000      80
       1       1  -65.392796983  -78.459243427
       1       2  -65.392796983  -78.460667020
       1       3  -42.080404596  -49.538481275
       1       4  -42.080404589  -49.533985885
       1       5  -39.576631932  -46.081039928
       1       6  -39.576631931  -46.082708538
       1       7  -39.426544335  -47.247637704
       1       8  -39.426544331  -47.244341442
       1       9  -18.084495007  -18.780520454
       1      10  -18.084494948  -18.767589718
       1      11  -17.638784728  -17.866552682
       1      12  -17.638784721  -17.875434533
       1      13  -10.524665333  -13.035636586
       1      14  -10.524665232  -13.035096397
       1      15   -9.566583225  -12.347458011
       1      16   -9.566583154  -12.348518652
       1      17   -9.176333920   -8.793906112
       1      18   -9.176333893   -8.794258479
       1      19   -8.120281964  -11.032389932
       1      20   -8.120281837  -11.031819799
       1      21   -7.044059266   -6.652183142
       1      22   -7.044059262   -6.653370989
       1      23   -6.595074235   -8.600216050
       1      24   -6.595072540   -8.602608651
       1      25   -6.289901186   -6.258260968
       1      26   -6.289899309   -6.260917275
       1      27   -3.056461982   -1.092490418
       1      28   -3.056460757   -1.111330307
       1      29   -2.954588662   -3.495468156
       1      30   -2.954587154   -3.515552013
       1      31   -1.863614531   -3.784895160
       1      32   -1.863613983   -3.784536669
       1      33   -1.263888686    0.884541889
       1      34   -1.263888114    0.885701483
       1      35    2.649880922   -1.075506702
       1      36    2.649881143   -1.074258869
       1      37    2.893230721    3.348409557
       1      38    2.893230795    3.347762471
       1      39    3.304595390    4.473224990
       1      40    3.304596067    4.471058977
       1      41    5.155270574   16.523102479
       1      42    5.155270609   16.521387923
       1      43    5.593532511   10.786966395
       1      44    5.593533119   10.784843639
       1      45    7.168549565    5.089531997
       1      46    7.168549754    5.087433609
       1      47    7.616668466   19.325467153
       1      48    7.616668468   19.325852508
       1      49    7.719667219    7.717755046
       1      50    7.719667659    7.714956310
       1      51    9.143829947    9.774812368
       1      52    9.143829950    9.773280757
       1      53    9.711196285   44.503431329
       1      54    9.711196334   44.501025460
       1      55   10.065542423   11.766721219
       1      56   10.065542639   11.766925415
       1      57   10.144708891   20.042583715
       1      58   10.144709007   20.044123416
       1      59   12.357126101   15.611467285
       1      60   12.357126114   15.613411216
       1      61   13.541739950   49.195937713
       1      62   13.541739979   49.195317427
       1      63   13.877062279   75.810617120
       1      64   13.877062615   75.812997982
       1      65   14.840723485  145.025523822
       1      66   14.840723576  145.022292125
       1      67   15.590634417  106.688736502
       1      68   15.590634478  106.691560924
       1      69   16.289001720   24.653778723
       1      70   16.289002011   24.649982323
       1      71   17.050896384   33.324034127
       1      72   17.050896658   33.329950891
       1      73   17.207927079  110.333462273
       1      74   17.207927089  110.331353374
       1      75   17.657339927  250.465192319
       1      76   17.657339998  250.465052152
       1      77   19.467530494   77.269872576
       1      78   19.467530693   77.271718884
       1      79   19.553051706   44.471713742
       1      80   19.553051813   44.469849152
  0.333333333  0.333333333  0.000000000      80
       1       1  -65.289460601  -75.825638534
       1       2  -65.289456426  -75.825664406
       1       3  -42.122162992  -49.663751395
       1       4  -42.099978807  -50.551798403
       1       5  -39.582216180  -47.805722170
       1       6  -39.538366792  -45.759925557
       1       7  -39.534505656  -49.391052212
       1       8  -39.522504588  -46.289141767
       1       9  -17.273676742  -16.476216521
       1      10  -17.230830142  -17.083312619
       1      11  -17.227364330  -17.090362009
       1      12  -17.210674242  -16.161655423
       1      13  -10.760538931  -16.385553259
       1      14  -10.751426329  -16.456563762
       1      15   -9.925139351  -12.537998854
       1      16   -9.889645786  -12.554174634
       1      17   -9.441757245  -12.731695639
       1      18   -9.382373632  -12.640078435
       1      19   -8.864992760   -7.704125178
       1      20   -8.839966629   -7.721133558
       1      21   -8.314098988  -11.941492302
       1      22   -8.264529403  -11.953271387
       1      23   -7.587981686   -7.109202955
       1      24   -7.566418002   -7.017318264
       1      25   -5.326194268   -5.672024406
       1      26   -5.193614852   -5.695680516
       1      27   -3.493546125   -3.962527854
       1      28   -3.489961036   -3.963659128
       1      29   -2.349114069   -0.339118290
       1      30   -2.318860973   -0.250241175
       1      31   -1.737564344   -0.481433414
       1      32   -1.607455336   -0.454127652
       1      33   -0.396867046    1.809065523
       1      34   -0.320176305    1.865599659
       1      35    2.059712032    0.707898580
       1      36    2.197665084    0.852268359
       1      37    2.544440807   -2.398901054
       1      38    2.547607106   -2.418533865
       1      39    4.779962663    3.665729593
       1      40    4.790013249    3.742825346
       1      41    5.792460325   -2.908096704
       1      42    5.847473279   -3.170280072
       1      43    6.356890398    7.409161062
       1      44    6.375933179    7.453456347
       1      45    7.147367869   12.967128703
       1      46    7.164536909   13.277868151
       1      47    7.271747365    8.936541263
       1      48    7.332087865    9.006754761
       1      49    7.688871028   11.741745597
       1      50    7.718729461   11.753360030
       1      51    7.723232773   12.514490819
       1      52    7.742219393   12.543942675
       1      53    9.005468350    9.244154658
       1      54    9.005475434    9.217508434
       1      55   10.575348098   30.979533744
       1      56   10.637023585   31.117719486
       1      57   11.728255675   57.639741260
       1      58   11.732588764   57.828111512
       1      59   12.950803429   36.460231994
       1      60   12.953290971   34.287930064
       1      61   13.273328535   48.905360933
       1      62   13.344625538   88.546783130
       1      63   13.372805507   67.977609878
       1      64   13.502358089   26.433204312
       1      65   14.091707030   38.572625039
       1      66   14.097491780   38.699002626
       1      67   14.882461472   94.458201469
       1      68   14.897876533   94.626103357
       1      69   15.456545234   82.023044016
       1      70   15.475576650   82.500859062
       1      71   17.724107883  135.329795818
       1      72   17.738870985  135.513453940
       1      73   19.265160623   24.631497974
       1      74   19.265335957   24.614704617
       1      75   20.119737855   61.216401013
       1      76   20.145669458   66.283921025
       1      77   20.189679030   28.822142539
       1      78   20.193329407   26.689255986
       1      79   20.210404070  135.210208223
       1      80   20.217786993  137.398128058
  0.333333333  0.666666667  0.000000000      80
       1       1  -65.392796896  -77.713075761
       1       2  -65.392796896  -77.710792914
       1       3  -42.080404936  -49.366214667
       1       4  -42.080404895  -49.367743394
       1       5  -39.576631042  -45.894328718
       1       6  -39.576631034  -45.894449675
       1       7  -39.426546492  -47.035367367
       1       8  -39.426546444  -47.033704183
       1       9  -18.084493192  -18.191489584
       1      10  -18.084493137  -18.188866354
       1      11  -17.638776586  -17.370364623
       1      12  -17.638776582  -17.372066567
       1      13  -10.524664909  -12.470657410
       1      14  -10.524664867  -12.470636928
       1      15   -9.566581500  -11.516591662
       1      16   -9.566581490  -11.516322048
       1      17   -9.176332243   -8.437998681
       1      18   -9.176332207   -8.437392510
       1      19   -8.120308006  -10.327736596
       1      20   -8.120308005  -10.328178870
       1      21   -7.044052392   -5.764225061
       1      22   -7.044052374   -5.764246939
       1      23   -6.595086633  -10.295781718
       1      24   -6.595085499  -10.295227868
       1      25   -6.289884401   -8.476750719
       1      26   -6.289883132   -8.476521851
       1      27   -3.056468159   -2.813928935
       1      28   -3.056467354   -2.816033811
       1      29   -2.954590298   -1.337530662
       1      30   -2.954589427   -1.340055635
       1      31   -1.863629923   -1.703223921
       1      32   -1.863629647   -1.702939907
       1      33   -1.263885362   -1.544385081
       1      34   -1.263885060   -1.544137854
       1      35    2.649881946   -3.935981131
       1      36    2.649881988   -3.937790886
       1      37    2.893229378    0.904743270
       1      38    2.893229393    0.904846761
       1      39    3.304593665    4.816173527
       1      40    3.304593688    4.817858724
       1      41    5.155265941   13.275332242
       1      42    5.155265951   13.274354680
       1      43    5.593546515    6.838990370
       1      44    5.593546554    6.837602082
       1      45    7.168536139    5.785438756
       1      46    7.168536244    5.781982056
       1      47    7.616676008   20.733930766
       1      48    7.616676009   20.732976749
       1      49    7.719675959   11.455965797
       1      50    7.719676249   11.462412989
       1      51    9.143820450    7.912856173
       1      52    9.143820483    7.911931918
       1      53    9.711211514   45.214798859
       1      54    9.711212067   45.220418614
       1      55   10.065533630   13.687882058
       1      56   10.065534016   13.691396176
       1      57   10.144726147   22.502148949
       1      58   10.144726245   22.503654991
       1      59   12.357127028   11.562327080
       1      60   12.357127051   11.560803465
       1      61   13.541744240   50.317090471
       1      62   13.541744241   50.316395364
       1      63   13.877057540   76.098915748
       1      64   13.877057564   76.100244532
       1      65   14.840740540  145.791428096
       1      66   14.840740595  145.789379796
       1      67   15.590642183  106.044023233
       1      68   15.590642202  106.043766349
       1      69   16.288971278   29.293207509
       1      70   16.288971298   29.294853726
       1      71   17.050887188   35.118454342
       1      72   17.050887312   35.118104780
       1      73   17.207930604  107.498125790
       1      74   17.207930606  107.499554097
       1      75   17.657339358  249.380254828
       1      76   17.657339370  249.380913421
       1      77   19.467550727   83.521573168
       1      78   19.467550917   83.520406837
       1      79   19.553071197   40.653480684
       1      80   19.553071268   40.651019328
  0.666666667 -0.000000000  0.000000000      80
       1       1  -65.392796983  -78.459243427
       1       2  -65.392796983  -78.460667020
       1       3  -42.080404596  -49.538481275
       1       4  -42.080404589  -49.533985885
       1       5  -39.576631932  -46.081039928
       1       6  -39.576631931  -46.082708538
       1       7  -39.426544335  -47.247637704
       1       8  -39.426544331  -47.244341442
       1       9  -18.084495007  -18.780520454
       1      10  -18.084494948  -18.767589718
       1      11  -17.638784728  -17.866552682
       1      12  -17.638784721  -17.875434533
       1      13  -10.524665333  -13.035636586
       1      14  -10.524665232  -13.035096397
       1      15   -9.566583225  -12.347458011
       1      16   -9.566583154  -12.348518652
       1      17   -9.176333920   -8.793906112
       1      18   -9.176333893   -8.794258479
       1      19   -8.120281964  -11.032389932
       1      20   -8.120281837  -11.031819799
       1      21   -7.044059266   -6.652183142
       1      22   -7.044059262   -6.653370989
       1      23   -6.595074235   -8.600216050
       1      24   -6.595072540   -8.602608651
       1      25   -6.289901186   -6.258260968
       1      26   -6.289899309   -6.260917275
       1      27   -3.056461982   -1.092490418
       1      28   -3.056460757   -1.111330307
       1      29   -2.954588662   -3.495468156
       1      30   -2.954587154   -3.515552013
       1      31   -1.863614531   -3.784895160
       1      32   -1.863613983   -3.784536669
       1      33   -1.263888686    0.884541889
       1      34   -1.263888114    0.885701483
       1      35    2.649880922   -1.075506702
       1      36    2.649881143   -1.074258869
       1      37    2.893230721    3.348409557
       1      38    2.893230795    3.347762471
       1      39    3.304595390    4.473224990
       1      40    3.304596067    4.471058977
       1      41    5.155270574   16.523102479
       1      42    5.155270609   16.521387923
       1      43    5.593532511   10.786966395
       1      44    5.593533119   10.784843639
       1      45    7.168549565    5.089531997
       1      46    7.168549754    5.087433609
       1      47    7.616668466   19.325467153
       1      48    7.616668468   19.325852508
       1      49    7.719667219    7.717755046
       1      50    7.719667659    7.714956310
       1      51    9.143829947    9.774812368
       1      52    9.143829950    9.773280757
       1      53    9.711196285   44.503431329
       1      54    9.711196334   44.501025460
       1      55   10.065542423   11.766721219
       1      56   10.065542639   11.766925415
       1      57   10.144708891   20.042583715
       1      58   10.144709007   20.044123416
       1      59   12.357126101   15.611467285
       1      60   12.357126114   15.613411216
       1      61   13.541739950   49.195937713
       1      62   13.541739979   49.195317427
       1      63   13.877062279   75.810617120
       1      64   13.877062615   75.812997982
       1      65   14.840723485  145.025523822
       1      66   14.840723576  145.022292125
       1      67   15.590634417  106.688736502
       1      68   15.590634478  106.691560924
       1      69   16.289001720   24.653778723
       1      70   16.289002011   24.649982323
       1      71   17.050896384   33.324034127
       1      72   17.050896658   33.329950891
       1      73   17.207927079  110.333462273
       1      74   17.207927089  110.331353374
       1      75   17.657339927  250.465192319
       1      76   17.657339998  250.465052152
       1      77   19.467530494   77.269872576
       1      78   19.467530693   77.271718884
       1      79   19.553051706   44.471713742
       1      80   19.553051813   44.469849152
  0.666666667  0.333333333  0.000000000      80
       1       1  -65.392796896  -77.713075761
       1       2  -65.392796896  -77.710792914
       1       3  -42.080404936  -49.366214667
       1       4  -42.080404895  -49.367743394
       1       5  -39.576631042  -45.894328718
       1       6  -39.576631034  -45.894449675
       1       7  -39.426546492  -47.035367367
       1       8  -39.426546444  -47.033704183
       1       9  -18.084493192  -18.191489584
       1      10  -18.084493137  -18.188866354
       1      11  -17.638776586  -17.370364623
       1      12  -17.638776582  -17.372066567
       1      13  -10.524664909  -12.470657410
       1      14  -10.524664867  -12.470636928
       1      15   -9.566581500  -11.516591662
       1      16   -9.566581490  -11.516322048
       1      17   -9.176332243   -8.437998681
       1      18   -9.176332207   -8.437392510
       1      19   -8.120308006  -10.327736596
       1      20   -8.120308005  -10.328178870
       1      21   -7.044052392   -5.764225061
       1      22   -7.044052374   -5.764246939
       1      23   -6.595086633  -10.295781718
       1      24   -6.595085499  -10.295227868
       1      25   -6.289884401   -8.476750719
       1      26   -6.289883132   -8.476521851
       1      27   -3.056468159   -2.813928935
       1      28   -3.056467354   -2.816033811
       1      29   -2.954590298   -1.337530662
       1      30   -2.954589427   -1.340055635
       1      31   -1.863629923   -1.703223921
       1      32   -1.863629647   -1.702939907
       1      33   -1.263885362   -1.544385081
       1      34   -1.263885060   -1.544137854
       1      35    2.649881946   -3.935981131
       1      36    2.649881988   -3.937790886
       1      37    2.893229378    0.904743270
       1      38    2.893229393    0.904846761
       1      39    3.304593665    4.816173527
       1      40    3.304593688    4.817858724
       1      41    5.155265941   13.275332242
       1      42    5.155265951   13.274354680
       1      43    5.593546515    6.838990370
       1      44    5.593546554    6.837602082
       1      45    7.168536139    5.785438756
       1      46    7.168536244    5.781982056
       1      47    7.616676008   20.733930766
       1      48    7.616676009   20.732976749
       1      49    7.719675959   11.455965797
       1      50    7.719676249   11.462412989
       1      51    9.143820450    7.912856173
       1      52    9.143820483    7.911931918
       1      53    9.711211514   45.214798859
       1      54    9.711212067   45.220418614
       1      55   10.065533630   13.687882058
       1      56   10.065534016   13.691396176
       1      57   10.144726147   22.502148949
       1      58   10.144726245   22.503654991
       1      59   12.357127028   11.562327080
       1      60   12.357127051   11.560803465
       1      61   13.541744240   50.317090471
       1      62   13.541744241   50.316395364
       1      63   13.877057540   76.098915748
       1      64   13.877057564   76.100244532
       1      65   14.840740540  145.791428096
       1      66   14.840740595  145.789379796
       1      67   15.590642183  106.044023233
       1      68   15.590642202  106.043766349
       1      69   16.288971278   29.293207509
       1      70   16.288971298   29.294853726
       1      71   17.050887188   35.118454342
       1      72   17.050887312   35.118104780
       1      73   17.207930604  107.498125790
       1      74   17.207930606  107.499554097
       1      75   17.657339358  249.380254828
       1      76   17.657339370  249.380913421
       1      77   19.467550727   83.521573168
       1      78   19.467550917   83.520406837
       1      79   19.553071197   40.653480684
       1      80   19.553071268   40.651019328
  0.666666667  0.666666667  0.000000000      80
       1       1  -65.289460601  -75.825638534
       1       2  -65.289456426  -75.825664406
       1       3  -42.122162992  -49.663751395
       1       4  -42.099978807  -50.551798403
       1       5  -39.582216180  -47.805722170
       1       6  -39.538366792  -45.759925557
       1       7  -39.534505656  -49.391052212
       1       8  -39.522504588  -46.289141767
       1       9  -17.273676742  -16.476216521
       1      10  -17.230830142  -17.083312619
       1      11  -17.227364330  -17.090362009
       1      12  -17.210674242  -16.161655423
       1      13  -10.760538931  -16.385553259
       1      14  -10.751426329  -16.456563762
       1      15   -9.925139351  -12.537998854
       1      16   -9.889645786  -12.554174634
       1      17   -9.441757245  -12.731695639
       1      18   -9.382373632  -12.640078435
       1      19   -8.864992760   -7.704125178
       1      20   -8.839966629   -7.721133558
       1      21   -8.314098988  -11.941492302
       1      22   -8.264529403  -11.953271387
       1      23   -7.587981686   -7.109202955
       1      24   -7.566418002   -7.017318264
       1      25   -5.326194268   -5.672024406
       1      26   -5.193614852   -5.695680516
       1      27   -3.493546125   -3.962527854
       1      28   -3.489961036   -3.963659128
       1      29   -2.349114069   -0.339118290
       1      30   -2.318860973   -0.250241175
       1      31   -1.737564344   -0.481433414
       1      32   -1.607455336   -0.454127652
       1      33   -0.396867046    1.809065523
       1      34   -0.320176305    1.865599659
       1      35    2.059712032    0.707898580
       1      36    2.197665084    0.852268359
       1      37    2.544440807   -2.398901054
       1      38    2.547607106   -2.418533865
       1      39    4.779962663    3.665729593
       1      40    4.790013249    3.742825346
       1      41    5.792460325   -2.908096704
       1      42    5.847473279   -3.170280072
       1      43    6.356890398    7.409161062
       1      44    6.375933179    7.453456347
       1      45    7.147367869   12.967128703
       1      46    7.164536909   13.277868151
       1      47    7.271747365    8.936541263
       1      48    7.332087865    9.006754761
       1      49    7.688871028   11.741745597
       1      50    7.718729461   11.753360030
       1      51    7.723232773   12.514490819
       1      52    7.742219393   12.543942675
       1      53    9.005468350    9.244154658
       1      54    9.005475434    9.217508434
       1      55   10.575348098   30.979533744
       1      56   10.637023585   31.117719486
       1      57   11.728255675   57.639741260
       1      58   11.732588764   57.828111512
       1      59   12.950803429   36.460231994
       1      60   12.953290971   34.287930064
       1      61   13.273328535   48.905360933
       1      62   13.344625538   88.546783130
       1      63   13.372805507   67.977609878
       1      64   13.502358089   26.433204312
       1      65   14.091707030   38.572625039
       1      66   14.097491780   38.699002626
       1      67   14.882461472   94.458201469
       1      68   14.897876533   94.626103357
       1      69   15.456545234   82.023044016
       1      70   15.475576650   82.500859062
       1      71   17.724107883  135.329795818
       1      72   17.738870985  135.513453940
       1      73   19.265160623   24.631497974
       1      74   19.265335957   24.614704617
       1      75   20.119737855   61.216401013
       1      76   20.145669458   66.283921025
       1      77   20.189679030   28.822142539
       1      78   20.193329407   26.689255986
       1      79   20.210404070  135.210208223
       1      80   20.217786993  137.398128058
