 # Column 1: omega
 # Column 2: eps2(omega)
 # Column 3: eps1(omega)
 # Column 4: JDOS(omega)
     0.000000000    -0.000000000    20.530032139     0.000000000
     0.010000000     0.000000000    20.530161079     0.000000000
     0.020000000     0.000000000    20.530547912     0.000000000
     0.030000000     0.000000000    20.531192668     0.000000000
     0.040000000     0.000000000    20.532095404     0.000000000
     0.050000000     0.000000000    20.533256194     0.000000000
     0.060000000     0.000000000    20.534675137     0.000000000
     0.070000000     0.000000000    20.536352353     0.000000000
     0.080000000     0.000000000    20.538287983     0.000000000
     0.090000000     0.000000000    20.540482190     0.000000000
     0.100000000     0.000000000    20.542935161     0.000000000
     0.110000000     0.000000000    20.545647101     0.000000000
     0.120000000     0.000000000    20.548618241     0.000000000
     0.130000000     0.000000000    20.551848831     0.000000000
     0.140000000     0.000000000    20.555339145     0.000000000
     0.150000000     0.000000000    20.559089479     0.000000000
     0.160000000     0.000000000    20.563100150     0.000000000
     0.170000000     0.000000000    20.567371499     0.000000000
     0.180000000     0.000000000    20.571903887     0.000000000
     0.190000000     0.000000000    20.576697699     0.000000000
     0.200000000     0.000000000    20.581753343     0.000000000
     0.210000000     0.000000000    20.587071250     0.000000000
     0.220000000     0.000000000    20.592651870     0.000000000
     0.230000000     0.000000000    20.598495681     0.000000000
     0.240000000     0.000000000    20.604603180     0.000000000
     0.250000000     0.000000000    20.610974889     0.000000000
     0.260000000     0.000000000    20.617611353     0.000000000
     0.270000000     0.000000000    20.624513139     0.000000000
     0.280000000     0.000000000    20.631680839     0.000000000
     0.290000000     0.000000000    20.639115068     0.000000000
     0.300000000     0.000000000    20.646816464     0.000000000
     0.310000000     0.000000000    20.654785689     0.000000000
     0.320000000     0.000000000    20.663023431     0.000000000
     0.330000000     0.000000000    20.671530399     0.000000000
     0.340000000     0.000000000    20.680307327     0.000000000
     0.350000000     0.000000000    20.689354977     0.000000000
     0.360000000     0.000000000    20.698674130     0.000000000
     0.370000000     0.000000000    20.708265596     0.000000000
     0.380000000     0.000000000    20.718130208     0.000000000
     0.390000000     0.000000000    20.728268826     0.000000000
     0.400000000     0.000000000    20.738682333     0.000000000
     0.410000000     0.000000000    20.749371640     0.000000000
     0.420000000     0.000000000    20.760337681     0.000000000
     0.430000000     0.000000000    20.771581419     0.000000000
     0.440000000     0.000000000    20.783103842     0.000000000
     0.450000000     0.000000000    20.794905964     0.000000000
     0.460000000     0.000000000    20.806988826     0.000000000
     0.470000000     0.000000000    20.819353495     0.000000000
     0.480000000     0.000000000    20.832001069     0.000000000
     0.490000000     0.000000000    20.844932668     0.000000000
     0.500000000     0.000000000    20.858149444     0.000000000
     0.510000000     0.000000000    20.871652576     0.000000000
     0.520000000     0.000000000    20.885443270     0.000000000
     0.530000000     0.000000000    20.899522761     0.000000000
     0.540000000     0.000000000    20.913892314     0.000000000
     0.550000000     0.000000000    20.928553223     0.000000000
     0.560000000     0.000000000    20.943506810     0.000000000
     0.570000000     0.000000000    20.958754428     0.000000000
     0.580000000     0.000000000    20.974297461     0.000000000
     0.590000000     0.000000000    20.990137322     0.000000000
     0.600000000     0.000000000    21.006275455     0.000000000
     0.610000000     0.000000000    21.022713336     0.000000000
     0.620000000     0.000000000    21.039452473     0.000000000
     0.630000000     0.000000000    21.056494403     0.000000000
     0.640000000     0.000000000    21.073840700     0.000000000
     0.650000000     0.000000000    21.091492967     0.000000000
     0.660000000     0.000000000    21.109452841     0.000000000
     0.670000000     0.000000000    21.127721993     0.000000000
     0.680000000     0.000000000    21.146302129     0.000000000
     0.690000000     0.000000000    21.165194988     0.000000000
     0.700000000     0.000000000    21.184402343     0.000000000
     0.710000000     0.000000000    21.203926005     0.000000000
     0.720000000     0.000000000    21.223767818     0.000000000
     0.730000000     0.000000000    21.243929665     0.000000000
     0.740000000     0.000000000    21.264413464     0.000000000
     0.750000000     0.000000000    21.285221169     0.000000000
     0.760000000     0.000000000    21.306354776     0.000000000
     0.770000000     0.000000000    21.327816315     0.000000000
     0.780000000     0.000000000    21.349607857     0.000000000
     0.790000000     0.000000000    21.371731512     0.000000000
     0.800000000     0.000000000    21.394189430     0.000000000
     0.810000000     0.000000000    21.416983802     0.000000000
     0.820000000     0.000000000    21.440116860     0.000000000
     0.830000000     0.000000000    21.463590876     0.000000000
     0.840000000     0.000000000    21.487408168     0.000000000
     0.850000000     0.000000000    21.511571093     0.000000000
     0.860000000     0.000000000    21.536082055     0.000000000
     0.870000000     0.000000000    21.560943501     0.000000000
     0.880000000     0.000000000    21.586157923     0.000000000
     0.890000000     0.000000000    21.611727859     0.000000000
     0.900000000     0.000000000    21.637655892     0.000000000
     0.910000000     0.000000000    21.663944656     0.000000000
     0.920000000     0.000000000    21.690596829     0.000000000
     0.930000000     0.000000000    21.717615139     0.000000000
     0.940000000     0.000000000    21.745002366     0.000000000
     0.950000000     0.000000000    21.772761336     0.000000000
     0.960000000     0.000000000    21.800894931     0.000000000
     0.970000000     0.000000000    21.829406080     0.000000000
     0.980000000     0.000000000    21.858297769     0.000000000
     0.990000000     0.000000000    21.887573037     0.000000000
     1.000000000     0.000000000    21.917234976     0.000000000
     1.010000000     0.000000000    21.947286735     0.000000000
     1.020000000     0.000000000    21.977731520     0.000000000
     1.030000000     0.000000000    22.008572593     0.000000000
     1.040000000     0.000000000    22.039813278     0.000000000
     1.050000000     0.000000000    22.071456955     0.000000000
     1.060000000     0.000000000    22.103507066     0.000000000
     1.070000000     0.000000000    22.135967116     0.000000000
     1.080000000     0.000000000    22.168840672     0.000000000
     1.090000000     0.000000000    22.202131365     0.000000000
     1.100000000     0.000000000    22.235842892     0.000000000
     1.110000000     0.000000000    22.269979015     0.000000000
     1.120000000     0.000000000    22.304543566     0.000000000
     1.130000000     0.000000000    22.339540445     0.000000000
     1.140000000     0.000000000    22.374973620     0.000000000
     1.150000000     0.000000000    22.410847135     0.000000000
     1.160000000     0.000000000    22.447165103     0.000000000
     1.170000000     0.000000000    22.483931714     0.000000000
     1.180000000     0.000000000    22.521151233     0.000000000
     1.190000000     0.000000000    22.558828001     0.000000000
     1.200000000     0.000000000    22.596966439     0.000000000
     1.210000000     0.000000000    22.635571050     0.000000000
     1.220000000     0.000000000    22.674646415     0.000000000
     1.230000000     0.000000000    22.714197202     0.000000000
     1.240000000     0.000000000    22.754228163     0.000000000
     1.250000000     0.000000000    22.794744137     0.000000000
     1.260000000     0.000000000    22.835750050     0.000000000
     1.270000000     0.000000000    22.877250923     0.000000000
     1.280000000     0.000000000    22.919251864     0.000000000
     1.290000000     0.000000000    22.961758079     0.000000000
     1.300000000     0.000000000    23.004774868     0.000000000
     1.310000000     0.000000000    23.048307632     0.000000000
     1.320000000     0.000000000    23.092361869     0.000000000
     1.330000000     0.000000000    23.136943182     0.000000000
     1.340000000     0.000000000    23.182057277     0.000000000
     1.350000000     0.000000000    23.227709967     0.000000000
     1.360000000     0.000000000    23.273907176     0.000000000
     1.370000000     0.000000000    23.320654936     0.000000000
     1.380000000     0.000000000    23.367959397     0.000000000
     1.390000000     0.000000000    23.415826822     0.000000000
     1.400000000     0.000000000    23.464263595     0.000000000
     1.410000000     0.000000000    23.513276221     0.000000000
     1.420000000     0.000000000    23.562871329     0.000000000
     1.430000000     0.000000000    23.613055676     0.000000000
     1.440000000     0.000000000    23.663836147     0.000000000
     1.450000000     0.000000000    23.715219762     0.000000000
     1.460000000     0.000000000    23.767213677     0.000000000
     1.470000000     0.000000000    23.819825185     0.000000000
     1.480000000     0.000000000    23.873061724     0.000000000
     1.490000000     0.000000000    23.926930874     0.000000000
     1.500000000     0.000000000    23.981440368     0.000000000
     1.510000000     0.000000000    24.036598089     0.000000000
     1.520000000     0.000000000    24.092412077     0.000000000
     1.530000000     0.000000000    24.148890530     0.000000000
     1.540000000     0.000000000    24.206041812     0.000000000
     1.550000000     0.000000000    24.263874454     0.000000000
     1.560000000     0.000000000    24.322397158     0.000000000
     1.570000000     0.000000000    24.381618801     0.000000000
     1.580000000     0.000000000    24.441548442     0.000000000
     1.590000000     0.000000000    24.502195323     0.000000000
     1.600000000     0.000000000    24.563568875     0.000000000
     1.610000000     0.000000000    24.625678724     0.000000000
     1.620000000     0.000000000    24.688534694     0.000000000
     1.630000000     0.000000000    24.752146812     0.000000000
     1.640000000     0.000000000    24.816525315     0.000000000
     1.650000000     0.000000000    24.881680652     0.000000000
     1.660000000     0.000000000    24.947623495     0.000000000
     1.670000000     0.000000000    25.014364737     0.000000000
     1.680000000     0.000000000    25.081915507     0.000000000
     1.690000000     0.000000000    25.150287168     0.000000000
     1.700000000     0.000000000    25.219491326     0.000000000
     1.710000000     0.000000000    25.289539839     0.000000000
     1.720000000     0.000000000    25.360444820     0.000000000
     1.730000000     0.000000000    25.432218646     0.000000000
     1.740000000     0.000000000    25.504873964     0.000000000
     1.750000000     0.000000000    25.578423701     0.000000000
     1.760000000     0.000000000    25.652881065     0.000000000
     1.770000000     0.000000000    25.728259561     0.000000000
     1.780000000     0.000000000    25.804572994     0.000000000
     1.790000000     0.000000000    25.881835480     0.000000000
     1.800000000     0.000000000    25.960061450     0.000000000
     1.810000000     0.000000000    26.039265667     0.000000000
     1.820000000     0.000000000    26.119463226     0.000000000
     1.830000000     0.000000000    26.200669572     0.000000000
     1.840000000     0.000000000    26.282900504     0.000000000
     1.850000000     0.000000000    26.366172188     0.000000000
     1.860000000     0.000000000    26.450501167     0.000000000
     1.870000000     0.000000000    26.535904373     0.000000000
     1.880000000     0.000000000    26.622399136     0.000000000
     1.890000000     0.000000000    26.710003198     0.000000000
     1.900000000     0.000000000    26.798734725     0.000000000
     1.910000000     0.000000000    26.888612320     0.000000000
     1.920000000     0.000000000    26.979655035     0.000000000
     1.930000000     0.000000000    27.071882383     0.000000000
     1.940000000     0.000000000    27.165314359     0.000000000
     1.950000000     0.000000000    27.259971445     0.000000000
     1.960000000     0.000000000    27.355874636     0.000000000
     1.970000000     0.000000000    27.453045446     0.000000000
     1.980000000     0.000000000    27.551505929     0.000000000
     1.990000000     0.000000000    27.651278699     0.000000000
     2.000000000     0.000000000    27.752386942     0.000000000
     2.010000000     0.000000000    27.854854437     0.000000000
     2.020000000     0.000000000    27.958705576     0.000000000
     2.030000000     0.000000000    28.063965383     0.000000000
     2.040000000     0.000000000    28.170659535     0.000000000
     2.050000000     0.000000000    28.278814383     0.000000000
     2.060000000     0.000000001    28.388456974     0.000000000
     2.070000000     0.000000001    28.499615077     0.000000000
     2.080000000     0.000000001    28.612317204     0.000000000
     2.090000000     0.000000002    28.726592635     0.000000000
     2.100000000     0.000000003    28.842471449     0.000000000
     2.110000000     0.000000005    28.959984546     0.000000000
     2.120000000     0.000000008    29.079163678     0.000000000
     2.130000000     0.000000012    29.200041478     0.000000000
     2.140000000     0.000000018    29.322651491     0.000000000
     2.150000000     0.000000028    29.447028207     0.000000000
     2.160000000     0.000000042    29.573207093     0.000000000
     2.170000000     0.000000064    29.701224630     0.000000000
     2.180000000     0.000000096    29.831118347     0.000000000
     2.190000000     0.000000143    29.962926862     0.000000000
     2.200000000     0.000000213    30.096689918     0.000000001
     2.210000000     0.000000316    30.232448429     0.000000001
     2.220000000     0.000000466    30.370244518     0.000000002
     2.230000000     0.000000684    30.510121567     0.000000002
     2.240000000     0.000001001    30.652124261     0.000000003
     2.250000000     0.000001457    30.796298639     0.000000005
     2.260000000     0.000002113    30.942692142     0.000000007
     2.270000000     0.000003049    31.091353671     0.000000010
     2.280000000     0.000004381    31.242333640     0.000000015
     2.290000000     0.000006267    31.395684036     0.000000021
     2.300000000     0.000008925    31.551458478     0.000000030
     2.310000000     0.000012655    31.709712281     0.000000042
     2.320000000     0.000017864    31.870502527     0.000000060
     2.330000000     0.000025106    32.033888126     0.000000084
     2.340000000     0.000035128    32.199929897     0.000000118
     2.350000000     0.000048934    32.368690636     0.000000165
     2.360000000     0.000067865    32.540235202     0.000000229
     2.370000000     0.000093706    32.714630593     0.000000317
     2.380000000     0.000128815    32.891946036     0.000000436
     2.390000000     0.000176298    33.072253074     0.000000598
     2.400000000     0.000240220    33.255625660     0.000000816
     2.410000000     0.000325876    33.442140253     0.000001109
     2.420000000     0.000440124    33.631875920     0.000001500
     2.430000000     0.000591805    33.824914438     0.000002020
     2.440000000     0.000792253    34.021340405     0.000002709
     2.450000000     0.001055918    34.221241349     0.000003616
     2.460000000     0.001401127    34.424707849     0.000004807
     2.470000000     0.001850999    34.631833646     0.000006361
     2.480000000     0.002434538    34.842715775     0.000008381
     2.490000000     0.003187928    35.057454686     0.000010994
     2.500000000     0.004156063    35.276154372     0.000014358
     2.510000000     0.005394332    35.498922502     0.000018670
     2.520000000     0.006970681    35.725870553     0.000024169
     2.530000000     0.008967984    35.957113941     0.000031150
     2.540000000     0.011486737    36.192772157     0.000039972
     2.550000000     0.014648088    36.432968891     0.000051066
     2.560000000     0.018597207    36.677832166     0.000064953
     2.570000000     0.023506999    36.927494449     0.000082254
     2.580000000     0.029582133    37.182092773     0.000103706
     2.590000000     0.037063361    37.441768825     0.000130178
     2.600000000     0.046232065    37.706669037     0.000162689
     2.610000000     0.057414975    37.976944642     0.000202427
     2.620000000     0.070988935    38.252751708     0.000250765
     2.630000000     0.087385619    38.534251137     0.000309283
     2.640000000     0.107096027    38.821608610     0.000379781
     2.650000000     0.130674583    39.114994491     0.000464301
     2.660000000     0.158742632    39.414583643     0.000565140
     2.670000000     0.191991090    39.720555166     0.000684861
     2.680000000     0.231182008    40.033092027     0.000826302
     2.690000000     0.277148743    40.352380544     0.000992579
     2.700000000     0.330794481    40.678609718     0.001187087
     2.710000000     0.393088809    41.011970352     0.001413485
     2.720000000     0.465062058    41.352653923     0.001675682
     2.730000000     0.547797167    41.700851146     0.001977809
     2.740000000     0.642418861    42.056750168     0.002324181
     2.750000000     0.750079967    42.420534299     0.002719252
     2.760000000     0.871944804    42.792379190     0.003167550
     2.770000000     1.009169621    43.172449336     0.003673613
     2.780000000     1.162880235    43.560893743     0.004241900
     2.790000000     1.334147059    43.957840615     0.004876700
     2.800000000     1.523957929    44.363390819     0.005582029
     2.810000000     1.733189228    44.777609911     0.006361517
     2.820000000     1.962575979    45.200518410     0.007218293
     2.830000000     2.212681741    45.632080012     0.008154860
     2.840000000     2.483869277    46.072187343     0.009172979
     2.850000000     2.776273092    46.520644847     0.010273548
     2.860000000     3.089775090    46.977148362     0.011456496
     2.870000000     3.423984637    47.441260939     0.012720690
     2.880000000     3.778224432    47.912384506     0.014063852
     2.890000000     4.151523565    48.389727115     0.015482511
     2.900000000     4.542619111    48.872265741     0.016971977
     2.910000000     4.949967579    49.358705053     0.018526343
     2.920000000     5.371767327    49.847433257     0.020138539
     2.930000000     5.805992932    50.336477189     0.021800413
     2.940000000     6.250442229    50.823460342     0.023502866
     2.950000000     6.702796428    51.305569628     0.025236030
     2.960000000     7.160693410    51.779539379     0.026989491
     2.970000000     7.621813866    52.241664277     0.028752566
     2.980000000     8.083979569    52.687856292     0.030514617
     2.990000000     8.545262587    53.113763379     0.032265411
     3.000000000     9.004103803    53.514968471     0.033995515
     3.010000000     9.459438634    53.887284157     0.035696718
     3.020000000     9.910827404    54.227149142     0.037362476
     3.030000000    10.358587375    54.532115363     0.038988370
     3.040000000    10.803923078    54.801389396     0.040572554
     3.050000000    11.249051210    55.036361943     0.042116204
     3.060000000    11.697316120    55.241032658     0.043623930
     3.070000000    12.153291674    55.422225745     0.045104154
     3.080000000    12.622865186    55.589505822     0.046569432
     3.090000000    13.113299068    55.754747949     0.048036706
     3.100000000    13.633265950    55.931383264     0.049527486
     3.110000000    14.192853198    56.133413563     0.051067916
     3.120000000    14.803533088    56.374341043     0.052688759
     3.130000000    15.478095336    56.666175785     0.054425244
     3.140000000    16.230539255    57.018659825     0.056316805
     3.150000000    17.075923519    57.438792792     0.058406675
     3.160000000    18.030172355    57.930678444     0.060741361
     3.170000000    19.109837944    58.495652438     0.063369968
     3.180000000    20.331819905    59.132612182     0.066343407
     3.190000000    21.713043917    59.838454313     0.069713463
     3.200000000    23.270102827    60.608531410     0.073531761
     3.210000000    25.018864894    61.437059486     0.077848616
     3.220000000    26.974055244    62.317432733     0.082711811
     3.230000000    29.148817915    63.242425145     0.088165304
     3.240000000    31.554267221    64.204275863     0.094247893
     3.250000000    34.199038348    65.194665543     0.100991885
     3.260000000    37.088848173    66.204595575     0.108421768
     3.270000000    40.226078111    67.224182477     0.116552947
     3.280000000    43.609391415    68.242378171     0.125390567
     3.290000000    47.233397571    69.246624710     0.134928460
     3.300000000    51.088376359    70.222450705     0.145148251
     3.310000000    55.160073624    71.153017076     0.156018661
     3.320000000    59.429579857    72.018622863     0.167495034
     3.330000000    63.873301300    72.796188344     0.179519123
     3.340000000    68.463031475    73.458743721     0.192019151
     3.350000000    73.166128749    73.974967862     0.204910172
     3.360000000    77.945802999    74.308843606     0.218094742
     3.370000000    82.761511438    74.419523448     0.231463896
     3.380000000    87.569460585    74.261529804     0.244898438
     3.390000000    92.323208018    73.785442039     0.258270520
     3.400000000    96.974354335    72.939238496     0.271445489
     3.410000000   101.473312506    71.670451258     0.284283978
     3.420000000   105.770138895    69.929236497     0.296644186
     3.430000000   109.815407671    67.672347758     0.308384314
     3.440000000   113.561108203    64.867817924     0.319365087
     3.450000000   116.961543539    61.499925887     0.329452319
     3.460000000   119.974207265    57.573796028     0.338519446
     3.470000000   122.560615874    53.118831508     0.346449968
     3.480000000   124.687074493    48.190200322     0.353139739
     3.490000000   126.325355195    42.867825294     0.358499034
     3.500000000   127.453269279    37.252751425     0.362454357
     3.510000000   128.055117735    31.461269843     0.364949923
     3.520000000   128.122007474    25.617612485     0.365948778
     3.530000000   127.652024776    19.846256867     0.365433543
     3.540000000   126.650261540    14.264833673     0.363406736
     3.550000000   125.128694268     8.978352335     0.359890690
     3.560000000   123.105920019     4.075075889     0.354927062
     3.570000000   120.606757725    -0.375964008     0.348575940
     3.580000000   117.661727114    -4.326015025     0.340914601
     3.590000000   114.306420833    -7.746455246     0.332035932
     3.600000000   110.580788209   -10.627638660     0.322046579
     3.610000000   106.528351159   -12.976884005     0.311064868
     3.620000000   102.195374204   -14.815771901     0.299218568
     3.630000000    97.630011108   -16.176977696     0.286642541
     3.640000000    92.881450577   -17.100927183     0.273476359
     3.650000000    87.999082492   -17.632574863     0.259861944
     3.660000000    83.031704661   -17.818557118     0.245941279
     3.670000000    78.026787871   -17.704883315     0.231854261
     3.680000000    73.029814418   -17.335227428     0.217736727
     3.690000000    68.083702266   -16.749797717     0.203718697
     3.700000000    63.228323788   -15.984705669     0.189922867
     3.710000000    58.500124701   -15.071729028     0.176463366
     3.720000000    53.931845481   -14.038360750     0.163444789
     3.730000000    49.552344444   -12.908047342     0.150961518
     3.740000000    45.386518718   -11.700538557     0.139097298
     3.750000000    41.455316822   -10.432290066     0.127925089
     3.760000000    37.775834377    -9.116878531     0.117507141
     3.770000000    34.361482791    -7.765402988     0.107895282
     3.780000000    31.222219545    -6.386857359     0.099131383
     3.790000000    28.364827944    -4.988466721     0.091247970
     3.800000000    25.793233934    -3.575985171     0.084268938
     3.810000000    23.508847717    -2.153956428     0.078210350
     3.820000000    21.510918445    -0.725940268     0.073081266
     3.830000000    19.796891087     0.705291127     0.068884591
     3.840000000    18.362755683     2.137582364     0.065617900
     3.850000000    17.203380473     3.569245020     0.063274230
     3.860000000    16.312821776     4.998924347     0.061842799
     3.870000000    15.684604929     6.425478303     0.061309667
     3.880000000    15.311972011     7.847864942     0.061658297
     3.890000000    15.188093449     9.265034517     0.062870036
     3.900000000    15.306241798    10.675822900     0.064924503
     3.910000000    15.659927129    12.078843263     0.067799886
     3.920000000    16.242994349    13.472373367     0.071473151
     3.930000000    17.049683561    14.854236375     0.075920185
     3.940000000    18.074655138    16.221673982     0.081115861
     3.950000000    19.312981638    17.571211939     0.087034046
     3.960000000    20.760108953    18.898520062     0.093647565
     3.970000000    22.411789289    20.198271661     0.100928119
     3.980000000    24.263988664    21.464011455     0.108846180
     3.990000000    26.312771667    22.688046478     0.117370858
     4.000000000    28.554166267    23.861381432     0.126469752
     4.010000000    30.984011519    24.973727883     0.136108793
     4.020000000    33.597791102    26.013624552     0.146252077
     4.030000000    36.390455803    26.968711361     0.156861696
     4.040000000    39.356238246    27.826198957     0.167897565
     4.050000000    42.488463515    28.573562733     0.179317253
     4.060000000    45.779359609    29.199459842     0.191075813
     4.070000000    49.219872123    29.694815049     0.203125623
     4.080000000    52.799487909    30.053948218     0.215416238
     4.090000000    56.506072888    30.275535343     0.227894248
     4.100000000    60.325729503    30.363132553     0.240503175
     4.110000000    64.242679536    30.324984320     0.253183389
     4.120000000    68.239178080    30.172914925     0.265872070
     4.130000000    72.295464384    29.920272517     0.278503226
     4.140000000    76.389754940    29.579123138     0.291007774
     4.150000000    80.498283652    29.157106029     0.303313693
     4.160000000    84.595393096    28.654482725     0.315346279
     4.170000000    88.653679835    28.061897052     0.327028485
     4.180000000    92.644195425    27.359227089     0.338281383
     4.190000000    96.536703263    26.515718294     0.349024728
     4.200000000   100.299989728    25.491414134     0.359177651
     4.210000000   103.902226279    24.239790728     0.368659452
     4.220000000   107.311377361    22.711451037     0.377390517
     4.230000000   110.495647145    20.858699429     0.385293321
     4.240000000   113.423956448    18.640744561     0.392293511
     4.250000000   116.066439686    16.029132399     0.398321058
     4.260000000   118.394950450    13.012800936     0.403311437
     4.270000000   120.383563414     9.601941298     0.407206812
     4.280000000   122.009059729     5.829764226     0.409957205
     4.290000000   123.251382970     1.751433430     0.411521595
     4.300000000   124.094053020    -2.560096775     0.411868940
     4.310000000   124.524526079    -7.020881275     0.410979072
     4.320000000   124.534490174   -11.544216721     0.408843433
     4.330000000   124.120087156   -16.048625851     0.405465649
     4.340000000   123.282054087   -20.463932515     0.400861890
     4.350000000   122.025779158   -24.734311424     0.395061023
     4.360000000   120.361269610   -28.818075381     0.388104536
     4.370000000   118.303031665   -32.684859649     0.380046232
     4.380000000   115.869864910   -36.311483694     0.370951701
     4.390000000   113.084576005   -39.677948858     0.360897569
     4.400000000   109.973618780   -42.764761289     0.349970558
     4.410000000   106.566669733   -45.552183880     0.338266357
     4.420000000   102.896149601   -48.021333261     0.325888348
     4.430000000    98.996702893   -50.156476922     0.312946210
     4.440000000    94.904648132   -51.947616935     0.299554436
     4.450000000    90.657411964   -53.392514084     0.285830796
     4.460000000    86.292960257   -54.497622851     0.271894782
     4.470000000    81.849238891   -55.277811459     0.257866066
     4.480000000    77.363636117   -55.755077054     0.243863003
     4.490000000    72.872477234   -55.956648131     0.230001213
     4.500000000    68.410560894   -55.912890574     0.216392254
     4.510000000    64.010744730   -55.655349901     0.203142416
     4.520000000    59.703586257   -55.215134688     0.190351644
     4.530000000    55.517043121   -54.621724470     0.178112604
     4.540000000    51.476235012   -53.902195569     0.166509890
     4.550000000    47.603267746   -53.080805875     0.155619385
     4.560000000    43.917118443   -52.178858279     0.145507754
     4.570000000    40.433579254   -51.214762020     0.136232079
     4.580000000    37.165255873   -50.204222026     0.127839610
     4.590000000    34.121616081   -49.160501399     0.120367637
     4.600000000    31.309082825   -48.094717331     0.113843457
     4.610000000    28.731165858   -47.016143725     0.108284431
     4.620000000    26.388625761   -45.932504033     0.103698117
     4.630000000    24.279664115   -44.850245351     0.100082472
     4.640000000    22.400133843   -43.774789947     0.097426106
     4.650000000    20.743764084   -42.710763831     0.095708595
     4.660000000    19.302394441   -41.662203930     0.094900841
     4.670000000    18.066214070   -40.632746467     0.094965482
     4.680000000    17.024001676   -39.625799376     0.095857348
     4.690000000    16.163363139   -38.644701240     0.097523976
     4.700000000    15.470964117   -37.692868301     0.099906178
     4.710000000    14.932755532   -36.773929583     0.102938674
     4.720000000    14.534190338   -35.891847956     0.106550789
     4.730000000    14.260430382   -35.051021930     0.110667223
     4.740000000    14.096542444   -34.256359036     0.115208894
     4.750000000    14.027682767   -33.513306810     0.120093847
     4.760000000    14.039269497   -32.827821997     0.125238235
     4.770000000    14.117142438   -32.206253475     0.130557360
     4.780000000    14.247709569   -31.655111151     0.135966755
     4.790000000    14.418079604   -31.180694380     0.141383310
     4.800000000    14.616179857   -30.788562800     0.146726398
     4.810000000    14.830858541   -30.482853628     0.151919007
     4.820000000    15.051970576   -30.265484709     0.156888823
     4.830000000    15.270445992   -30.135329841     0.161569269
     4.840000000    15.478340025   -30.087503019     0.165900441
     4.850000000    15.668864182   -30.112923400     0.169829942
     4.860000000    15.836397700   -30.198330598     0.173313567
     4.870000000    15.976479178   -30.326862777     0.176315834
     4.880000000    16.085778455   -30.479198462     0.178810326
     4.890000000    16.162049290   -30.635124331     0.180779842
     4.900000000    16.204063812   -30.775273397     0.182216346
     4.910000000    16.211530242   -30.882728531     0.183120710
     4.920000000    16.184995831   -30.944226469     0.183502256
     4.930000000    16.125737447   -30.950809903     0.183378112
     4.940000000    16.035642635   -30.897914234     0.182772401
     4.950000000    15.917084305   -30.784991689     0.181715277
     4.960000000    15.772792444   -30.614838866     0.180241855
     4.970000000    15.605726357   -30.392800954     0.178391054
     4.980000000    15.418950964   -30.125993075     0.176204397
     4.990000000    15.215520542   -29.822628993     0.173724801
     5.000000000    14.998373051   -29.491497985     0.170995406
     5.010000000    14.770237820   -29.141592344     0.168058462
     5.020000000    14.533558908   -28.781863023     0.164954335
     5.030000000    14.290435869   -28.421067771     0.161720629
     5.040000000    14.042583076   -28.067670904     0.158391481
     5.050000000    13.791308061   -27.729753768     0.154997025
     5.060000000    13.537508693   -27.414897996     0.151563055
     5.070000000    13.281688350   -27.130009782     0.148110873
     5.080000000    13.023987650   -26.881063698     0.144657344
     5.090000000    12.764230763   -26.672760853     0.141215129
     5.100000000    12.501983886   -26.508119721     0.137793090
     5.110000000    12.236623106   -26.388047530     0.134396853
     5.120000000    11.967408673   -26.310970438     0.131029491
     5.130000000    11.693562570   -26.272621641     0.127692310
     5.140000000    11.414346299   -26.266085272     0.124385700
     5.150000000    11.129135915   -26.282160640     0.121110026
     5.160000000    10.837491585   -26.310046873     0.117866516
     5.170000000    10.539219252   -26.338268359     0.114658131
     5.180000000    10.234422389   -26.355694199     0.111490374
     5.190000000     9.923542252   -26.352477014     0.108372017
     5.200000000     9.607385536   -26.320759584     0.105315724
     5.210000000     9.287138798   -26.255061693     0.102338553
     5.220000000     8.964369488   -26.152338378     0.099462319
     5.230000000     8.641013882   -26.011766794     0.096713806
     5.240000000     8.319352585   -25.834355514     0.094124827
     5.250000000     8.001974642   -25.622475266     0.091732127
     5.260000000     7.691731554   -25.379392724     0.089577129
     5.270000000     7.391682718   -25.108861463     0.087705526
     5.280000000     7.105033951   -24.814796911     0.086166732
     5.290000000     6.835070847   -24.501040867     0.085013192
     5.300000000     6.585088720   -24.171207673     0.084299569
     5.310000000     6.358320872   -23.828597601     0.084081821
     5.320000000     6.157866835   -23.476161339     0.084416171
     5.330000000     5.986622156   -23.116500794     0.085358005
     5.340000000     5.847211143   -22.751894046     0.086960691
     5.350000000     5.741923867   -22.384335284     0.089274353
     5.360000000     5.672658565   -22.015583287     0.092344616
     5.370000000     5.640870459   -21.647214277     0.096211337
     5.380000000     5.647527858   -21.280676699     0.100907344
     5.390000000     5.693076287   -20.917346736     0.106457212
     5.400000000     5.777411284   -20.558584191     0.112876097
     5.410000000     5.899860373   -20.205788875     0.120168653
     5.420000000     6.059174627   -19.860457827     0.128328060
     5.430000000     6.253530125   -19.524243658     0.137335193
     5.440000000     6.480539478   -19.199013929     0.147157960
     5.450000000     6.737273506   -18.886910838     0.157750831
     5.460000000     7.020292961   -18.590409392     0.169054593
     5.470000000     7.325690093   -18.312370670     0.180996349
     5.480000000     7.649139631   -18.056084623     0.193489778
     5.490000000     7.985958600   -17.825294092     0.206435683
     5.500000000     8.331174178   -17.624188416     0.219722825
     5.510000000     8.679598588   -17.457351592     0.233229044
     5.520000000     9.025909817   -17.329647181     0.246822678
     5.530000000     9.364736755   -17.246021415     0.260364248
     5.540000000     9.690747157   -17.211209253     0.273708396
     5.550000000     9.998736678   -17.229337754     0.286706048
     5.560000000    10.283717121   -17.303438979     0.299206753
     5.570000000    10.541001962   -17.434910681     0.311061161
     5.580000000    10.766287198   -17.622993510     0.322123580
     5.590000000    10.955725605   -17.864359874     0.332254554
     5.600000000    11.105992615   -18.152919235     0.341323408
     5.610000000    11.214342155   -18.479925782     0.349210676
     5.620000000    11.278651069   -18.834422784     0.355810373
     5.630000000    11.297450956   -19.203983865     0.361032034
     5.640000000    11.269946661   -19.575638751     0.364802460
     5.650000000    11.196020937   -19.936828046     0.367067146
     5.660000000    11.076225249   -20.276235606     0.367791314
     5.670000000    10.911757011   -20.584393975     0.366960559
     5.680000000    10.704423983   -20.854025339     0.364581057
     5.690000000    10.456596871   -21.080139306     0.360679350
     5.700000000    10.171151515   -21.259941884     0.355301700
     5.710000000     9.851402314   -21.392616231     0.348513043
     5.720000000     9.501028752   -21.479026011     0.340395566
     5.730000000     9.123997042   -21.521379187     0.331046939
     5.740000000     8.724478980   -21.522880811     0.320578278
     5.750000000     8.306770104   -21.487398248     0.309111868
     5.760000000     7.875209208   -21.419158490     0.296778724
     5.770000000     7.434101115   -21.322492184     0.283716059
     5.780000000     6.987644453   -21.201632545     0.270064709
     5.790000000     6.539865914   -21.060570451     0.255966605
     5.800000000     6.094562248   -20.902961283     0.241562323
     5.810000000     5.655250916   -20.732075348     0.226988802
     5.820000000     5.225130032   -20.550782139     0.212377248
     5.830000000     4.807047926   -20.361558811     0.197851289
     5.840000000     4.403482345   -20.166514444     0.183525393
     5.850000000     4.016529036   -19.967423363     0.169503591
     5.860000000     3.647899232   -19.765762481     0.155878492
     5.870000000     3.298925301   -19.562749239     0.142730620
     5.880000000     2.970573716   -19.359377890     0.130128043
     5.890000000     2.663464300   -19.156452886     0.118126293
     5.900000000     2.377894692   -18.954618736     0.106768546
     5.910000000     2.113868885   -18.754386175     0.096086044
     5.920000000     1.871128720   -18.556154756     0.086098721
     5.930000000     1.649187242   -18.360232111     0.076815994
     5.940000000     1.447362899   -18.166850242     0.068237696
     5.950000000     1.264813662   -17.976179195     0.060355103
     5.960000000     1.100570242   -17.788338465     0.053152019
     5.970000000     0.953567715   -17.603406487     0.046605897
     5.980000000     0.822675004   -17.421428479     0.040688952
     5.990000000     0.706721783   -17.242422933     0.035369255
     6.000000000     0.604522511   -17.066386947     0.030611760
     6.010000000     0.514897406   -16.893300613     0.026379280
     6.020000000     0.436690316   -16.723130614     0.022633364
     6.030000000     0.368783490   -16.555833167     0.019335086
     6.040000000     0.310109370   -16.391356426     0.016445737
     6.050000000     0.259659587   -16.229642440     0.013927407
     6.060000000     0.216491371   -16.070628746     0.011743473
     6.070000000     0.179731649   -15.914249660     0.009858983
     6.080000000     0.148579111   -15.760437318     0.008240950
     6.090000000     0.122304527   -15.609122511     0.006858565
     6.100000000     0.100249619   -15.460235359     0.005683324
     6.110000000     0.081824760   -15.313705845     0.004689097
     6.120000000     0.066505764   -15.169464226     0.003852138
     6.130000000     0.053830013   -15.027441370     0.003151043
     6.140000000     0.043392132   -14.887568999     0.002566675
     6.150000000     0.034839401   -14.749779883     0.002082057
     6.160000000     0.027867078   -14.614007976     0.001682243
     6.170000000     0.022213741   -14.480188514     0.001354178
     6.180000000     0.017656788   -14.348258077     0.001086550
     6.190000000     0.014008159   -14.218154628     0.000869635
     6.200000000     0.011110347   -14.089817526     0.000695148
     6.210000000     0.008832751   -13.963187522     0.000556105
     6.220000000     0.007068394   -13.838206746     0.000446683
     6.230000000     0.005731016   -13.714818676     0.000362101
     6.240000000     0.004752557   -13.592968102     0.000298510
     6.250000000     0.004081030   -13.472601089     0.000252897
     6.260000000     0.003678756   -13.353664924     0.000223004
     6.270000000     0.003520965   -13.236108071     0.000207262
     6.280000000     0.003594738   -13.119880118     0.000204740
     6.290000000     0.003898272   -13.004931728     0.000215109
     6.300000000     0.004440446   -12.891214587     0.000238621
     6.310000000     0.005240658   -12.778681356     0.000276098
     6.320000000     0.006328925   -12.667285627     0.000328940
     6.330000000     0.007746205   -12.556981882     0.000399138
     6.340000000     0.009544913   -12.447725453     0.000489303
     6.350000000     0.011789609   -12.339472501     0.000602704
     6.360000000     0.014557824   -12.232179988     0.000743309
     6.370000000     0.017940966   -12.125805671     0.000915843
     6.380000000     0.022045298   -12.020308100     0.001125836
     6.390000000     0.026992900   -11.915646641     0.001379688
     6.400000000     0.032922592   -11.811781503     0.001684724
     6.410000000     0.039990752   -11.708673799     0.002049249
     6.420000000     0.048371947   -11.606285628     0.002482599
     6.430000000     0.058259330   -11.504580186     0.002995181
     6.440000000     0.069864722   -11.403521919     0.003598500
     6.450000000     0.083418296   -11.303076722     0.004305169
     6.460000000     0.099167799   -11.203212189     0.005128900
     6.470000000     0.117377233   -11.103897936     0.006084472
     6.480000000     0.138324919   -11.005106001     0.007187668
     6.490000000     0.162300906   -10.906811348     0.008455184
     6.500000000     0.189603653   -10.808992485     0.009904500
     6.510000000     0.220535961   -10.711632228     0.011553719
     6.520000000     0.255400149   -10.614718647     0.013421366
     6.530000000     0.294492476   -10.518246217     0.015526147
     6.540000000     0.338096844   -10.422217230     0.017886671
     6.550000000     0.386477854   -10.326643512     0.020521135
     6.560000000     0.439873309   -10.231548517     0.023446974
     6.570000000     0.498486286   -10.136969864     0.026680484
     6.580000000     0.562476943   -10.042962397     0.030236415
     6.590000000     0.631954247    -9.949601880     0.034127556
     6.600000000     0.706967832    -9.856989419     0.038364304
     6.610000000     0.787500230    -9.765256729     0.042954235
     6.620000000     0.873459722    -9.674572366     0.047901688
     6.630000000     0.964674072    -9.585149021     0.053207368
     6.640000000     1.060885396    -9.497251954     0.058867987
     6.650000000     1.161746425    -9.411208586     0.064875947
     6.660000000     1.266818378    -9.327419148     0.071219077
     6.670000000     1.375570662    -9.246368127     0.077880440
     6.680000000     1.487382538    -9.168635981     0.084838218
     6.690000000     1.601546881    -9.094910199     0.092065672
     6.700000000     1.717276081    -9.025994263     0.099531210
     6.710000000     1.833710072    -8.962812339     0.107198527
     6.720000000     1.949926437    -8.906406719     0.115026869
     6.730000000     2.064952415    -8.857924065     0.122971372
     6.740000000     2.177778637    -8.818585779     0.130983514
     6.750000000     2.287374301    -8.789637463     0.139011649
     6.760000000     2.392703465    -8.772273125     0.147001630
     6.770000000     2.492742095    -8.767532122     0.154897512
     6.780000000     2.586495454    -8.776171414     0.162642313
     6.790000000     2.673015404    -8.798522728     0.170178840
     6.800000000     2.751417189    -8.834352964     0.177450547
     6.810000000     2.820895270    -8.882754409     0.184402426
     6.820000000     2.880737793    -8.942095566     0.190981910
     6.830000000     2.930339342    -9.010059686     0.197139767
     6.840000000     2.969211621    -9.083784278     0.202830981
     6.850000000     2.996991832    -9.160092619     0.208015599
     6.860000000     3.013448535    -9.235783940     0.212659518
     6.870000000     3.018484873    -9.307931499     0.216735220
     6.880000000     3.012139124    -9.374134328     0.220222418
     6.890000000     2.994582590    -9.432680551     0.223108610
     6.900000000     2.966114962    -9.482602607     0.225389531
     6.910000000     2.927157298    -9.523628994     0.227069474
     6.920000000     2.878242869    -9.556055559     0.228161496
     6.930000000     2.820006153    -9.580568598     0.228687468
     6.940000000     2.753170282    -9.598052811     0.228677984
     6.950000000     2.678533308    -9.609412711     0.228172112
     6.960000000     2.596953631    -9.615429337     0.227216980
     6.970000000     2.509334957    -9.616666634     0.225867200
     6.980000000     2.416611138    -9.613433922     0.224184131
     6.990000000     2.319731217    -9.605802231     0.222234971
     7.000000000     2.219644987    -9.593663727     0.220091704
     7.010000000     2.117289327    -9.576816654     0.217829898
     7.020000000     2.013575539    -9.555055255     0.215527378
     7.030000000     1.909377874    -9.528246203     0.213262778
     7.040000000     1.805523390    -9.496379345     0.211114020
     7.050000000     1.702783223    -9.459588744     0.209156722
     7.060000000     1.601865352    -9.418147281     0.207462578
     7.070000000     1.503408854    -9.372442611     0.206097752
     7.080000000     1.407979645    -9.322943563     0.205121303
     7.090000000     1.316067672    -9.270164914     0.204583700
     7.100000000     1.228085468    -9.214636001     0.204525458
     7.110000000     1.144368006    -9.156876107     0.204975934
     7.120000000     1.065173738    -9.097377401     0.205952324
     7.130000000     0.990686720    -9.036594892     0.207458895
     7.140000000     0.921019690    -8.974942142     0.209486483
     7.150000000     0.856218001    -8.912791273     0.212012283
     7.160000000     0.796264264    -8.850475873     0.214999947
     7.170000000     0.741083601    -8.788295616     0.218400005
     7.180000000     0.690549371    -8.726521605     0.222150605
     7.190000000     0.644489264    -8.665401659     0.226178565
     7.200000000     0.602691650    -8.605164857     0.230400735
     7.210000000     0.564912067    -8.546024736     0.234725610
     7.220000000     0.530879746    -8.488180554     0.239055200
     7.230000000     0.500304081    -8.431816071     0.243287074
     7.240000000     0.472880936    -8.377095377     0.247316559
     7.250000000     0.448298714    -8.324155534     0.251039020
     7.260000000     0.426244090    -8.273096239     0.254352164
     7.270000000     0.406407352    -8.223967338     0.257158312
     7.280000000     0.388487271    -8.176755943     0.259366575
     7.290000000     0.372195442    -8.131375695     0.260894870
     7.300000000     0.357260062    -8.087661283     0.261671730
     7.310000000     0.343429098    -8.045371116     0.261637849
     7.320000000     0.330472832    -8.004199861     0.260747332
     7.330000000     0.318185762    -7.963800453     0.258968608
     7.340000000     0.306387876    -7.923812777     0.256284995
     7.350000000     0.294925303    -7.883894271     0.252694894
     7.360000000     0.283670377    -7.843747144     0.248211627
     7.370000000     0.272521153    -7.803137842     0.242862920
     7.380000000     0.261400416    -7.761906514     0.236690059
     7.390000000     0.250254259    -7.719966677     0.229746751
     7.400000000     0.239050279    -7.677297137     0.222097725
     7.410000000     0.227775475    -7.633929179     0.213817123
     7.420000000     0.216433912    -7.589932012     0.204986740
     7.430000000     0.205044237    -7.545398797     0.195694150
     7.440000000     0.193637109    -7.500434705     0.186030784
     7.450000000     0.182252623    -7.455147651     0.176090021
     7.460000000     0.170937785    -7.409641717     0.165965323
     7.470000000     0.159744106    -7.364012948     0.155748478
     7.480000000     0.148725353    -7.318347036     0.145527986
     7.490000000     0.137935513    -7.272718393     0.135387619
     7.500000000     0.127426987    -7.227190182     0.125405187
     7.510000000     0.117249052    -7.181814928     0.115651520
     7.520000000     0.107446588    -7.136635478     0.106189688
     7.530000000     0.098059088    -7.091686097     0.097074449
     7.540000000     0.089119935    -7.046993594     0.088351935
     7.550000000     0.080655939    -7.002578401     0.080059542
     7.560000000     0.072687122    -6.958455562     0.072226037
     7.570000000     0.065226709    -6.914635609     0.064871834
     7.580000000     0.058281322    -6.871125335     0.058009432
     7.590000000     0.051851327    -6.827928453     0.051643974
     7.600000000     0.045931312    -6.785046151     0.045773915
     7.610000000     0.040510669    -6.742477568     0.040391761
     7.620000000     0.035574241    -6.700220180     0.035484846
     7.630000000     0.031103013    -6.658270133     0.031036138
     7.640000000     0.027074816    -6.616622503     0.027025041
     7.650000000     0.023465027    -6.575271523     0.023428173
     7.660000000     0.020247243    -6.534210761     0.020220103
     7.670000000     0.017393912    -6.493433265     0.017374037
     7.680000000     0.014876912    -6.452931684     0.014862442
     7.690000000     0.012668071    -6.412698362     0.012657601
     7.700000000     0.010739612    -6.372725419     0.010732084
     7.710000000     0.009064537    -6.333004806     0.009059162
     7.720000000     0.007616936    -6.293528361     0.007613126
     7.730000000     0.006372231    -6.254287838     0.006369552
     7.740000000     0.005307358    -6.215274946     0.005305490
     7.750000000     0.004400887    -6.176481363     0.004399595
     7.760000000     0.003633091    -6.137898756     0.003632205
     7.770000000     0.002985974    -6.099518791     0.002985372
     7.780000000     0.002443260    -6.061333142     0.002442851
     7.790000000     0.001990338    -6.023333492     0.001990058
     7.800000000     0.001614204    -5.985511539     0.001614005
     7.810000000     0.001303366    -5.947858990     0.001303211
     7.820000000     0.001047739    -5.910367560     0.001047599
     7.830000000     0.000838544    -5.873028971     0.000838391
     7.840000000     0.000668184    -5.835834941     0.000667991
     7.850000000     0.000530134    -5.798777181     0.000529869
     7.860000000     0.000418829    -5.761847388     0.000418451
     7.870000000     0.000329552    -5.725037233     0.000329006
     7.880000000     0.000258337    -5.688338355     0.000257549
     7.890000000     0.000201875    -5.651742349     0.000200740
     7.900000000     0.000157428    -5.615240761     0.000155800
     7.910000000     0.000122754    -5.578825068     0.000120430
     7.920000000     0.000096042    -5.542486679     0.000092741
     7.930000000     0.000075859    -5.506216911     0.000071193
     7.940000000     0.000061104    -5.470006988     0.000054537
     7.950000000     0.000050969    -5.433848021     0.000041771
     7.960000000     0.000044926    -5.397730998     0.000032100
     7.970000000     0.000042705    -5.361646774     0.000024899
     7.980000000     0.000044300    -5.325586052     0.000019692
     7.990000000     0.000049981    -5.289539373     0.000016122
     8.000000000     0.000060324    -5.253497102     0.000013943
     8.010000000     0.000076252    -5.217449412     0.000013001
     8.020000000     0.000099106    -5.181386270     0.000013229
     8.030000000     0.000130725    -5.145297422     0.000014645
     8.040000000     0.000173562    -5.109172380     0.000017350
     8.050000000     0.000230827    -5.073000401     0.000021536
     8.060000000     0.000306661    -5.036770477     0.000027495
     8.070000000     0.000406358    -5.000471316     0.000035632
     8.080000000     0.000536627    -4.964091328     0.000046485
     8.090000000     0.000705915    -4.927618608     0.000060751
     8.100000000     0.000924786    -4.891040923     0.000079317
     8.110000000     0.001206369    -4.854345691     0.000103293
     8.120000000     0.001566891    -4.817519975     0.000134063
     8.130000000     0.002026286    -4.780550462     0.000173332
     8.140000000     0.002608898    -4.743423456     0.000223189
     8.150000000     0.003344290    -4.706124863     0.000286176
     8.160000000     0.004268150    -4.668640185     0.000365367
     8.170000000     0.005423301    -4.630954515     0.000464457
     8.180000000     0.006860827    -4.593052532     0.000587862
     8.190000000     0.008641291    -4.554918503     0.000740824
     8.200000000     0.010836059    -4.516536293     0.000929534
     8.210000000     0.013528692    -4.477889379     0.001161250
     8.220000000     0.016816415    -4.438960871     0.001444438
     8.230000000     0.020811611    -4.399733544     0.001788902
     8.240000000     0.025643324    -4.360189889     0.002205931
     8.250000000     0.031458718    -4.320312170     0.002708431
     8.260000000     0.038424451    -4.280082507     0.003311061
     8.270000000     0.046727904    -4.239482984     0.004030358
     8.280000000     0.056578186    -4.198495775     0.004884846
     8.290000000     0.068206869    -4.157103320     0.005895122
     8.300000000     0.081868343    -4.115288533     0.007083918
     8.310000000     0.097839729    -4.073035068     0.008476125
     8.320000000     0.116420263    -4.030327646     0.010098782
     8.330000000     0.137930051    -3.987152458     0.011981007
     8.340000000     0.162708145    -3.943497669     0.014153881
     8.350000000     0.191109832    -3.899354027     0.016650262
     8.360000000     0.223503115    -3.854715620     0.019504539
     8.370000000     0.260264310    -3.809580798     0.022752307
     8.380000000     0.301772766    -3.763953296     0.026429971
     8.390000000     0.348404684    -3.717843615     0.030574275
     8.400000000     0.400526092    -3.671270696     0.035221748
     8.410000000     0.458485020    -3.624263957     0.040408086
     8.420000000     0.522602982    -3.576865767     0.046167464
     8.430000000     0.593165892    -3.529134444     0.052531791
     8.440000000     0.670414591    -3.481147867     0.059529918
     8.450000000     0.754535171    -3.433007837     0.067186815
     8.460000000     0.845649333    -3.384845282     0.075522731
     8.470000000     0.943805034    -3.336826481     0.084552353
     8.480000000     1.048967704    -3.289160404     0.094283994
     8.490000000     1.161012298    -3.242107336     0.104718815
     8.500000000     1.279716498    -3.195988841     0.115850126
     8.510000000     1.404755311    -3.151199124     0.127662758
     8.520000000     1.535697356    -3.108217684     0.140132555
     8.530000000     1.672003051    -3.067622968     0.153225989
     8.540000000     1.813024887    -3.030106439     0.166899920
     8.550000000     1.958009955    -2.996486028     0.181101515
     8.560000000     2.106104780    -2.967717310     0.195768334
     8.570000000     2.256362512    -2.944899942     0.210828596
     8.580000000     2.407752396    -2.929275930     0.226201620
     8.590000000     2.559171439    -2.922215191     0.241798449
     8.600000000     2.709458051    -2.925182962     0.257522631
     8.610000000     2.857407441    -2.939683170     0.273271176
     8.620000000     3.001788438    -2.967172611     0.288935643
     8.630000000     3.141361380    -3.008943341     0.304403364
     8.640000000     3.274896688    -3.065975930     0.319558764
     8.650000000     3.401193677    -3.138774313     0.334284771
     8.660000000     3.519099188    -3.227203131     0.348464274
     8.670000000     3.627525592    -3.330358285     0.361981616
     8.680000000     3.725467766    -3.446506752     0.374724086
     8.690000000     3.812018638    -3.573128027     0.386583397
     8.700000000     3.886382963    -3.707073918     0.397457102
     8.710000000     3.947889044    -3.844837614     0.407249959
     8.720000000     3.995998163    -3.982894038     0.415875183
     8.730000000     4.030311561    -4.118051939     0.423255608
     8.740000000     4.050574871    -4.247752842     0.429324702
     8.750000000     4.056679983    -4.370264832     0.434027457
     8.760000000     4.048664381    -4.484744990     0.437321118
     8.770000000     4.026708064    -4.591172863     0.439175749
     8.780000000     3.991128194    -4.690180009     0.439574635
     8.790000000     3.942371701    -4.782812920     0.438514506
     8.800000000     3.881006063    -4.870269615     0.436005593
     8.810000000     3.807708555    -4.953647270     0.432071502
     8.820000000     3.723254235    -5.033732855     0.426748918
     8.830000000     3.628502977    -5.110861992     0.420087139
     8.840000000     3.524385837    -5.184862572     0.412147451
     8.850000000     3.411891034    -5.255087810     0.403002344
     8.860000000     3.292049830    -5.320528898     0.392734593
     8.870000000     3.165922541    -5.379982799     0.381436199
     8.880000000     3.034584909    -5.432240692     0.369207228
     8.890000000     2.899115052    -5.476260739     0.356154545
     8.900000000     2.760581127    -5.511296232     0.342390474
     8.910000000     2.620029891    -5.536963974     0.328031407
     8.920000000     2.478476243    -5.553252936     0.313196381
     8.930000000     2.336893865    -5.560485078     0.298005642
     8.940000000     2.196207005    -5.559246170     0.282579240
     8.950000000     2.057283464    -5.550304617     0.267035654
     8.960000000     1.920928800    -5.534532613     0.251490491
     8.970000000     1.787881752    -5.512838659     0.236055276
     8.980000000     1.658810869    -5.486115564     0.220836345
     8.990000000     1.534312311    -5.455204303     0.205933869
     9.000000000     1.414908761    -5.420871912     0.191441020
     9.010000000     1.301049396    -5.383800551     0.177443280
     9.020000000     1.193110826    -5.344584761     0.164017913
     9.030000000     1.091398907    -5.303734233     0.151233588
     9.040000000     0.996151325    -5.261679957     0.139150156
     9.050000000     0.907540834    -5.218782137     0.127818572
     9.060000000     0.825679026    -5.175338791     0.117280950
     9.070000000     0.750620499    -5.131594284     0.107570732
     9.080000000     0.682367305    -5.087747398     0.098712964
     9.090000000     0.620873539    -5.043958697     0.090724645
     9.100000000     0.566049950    -5.000357108     0.083615143
     9.110000000     0.517768467    -4.957045723     0.077386643
     9.120000000     0.475866523    -4.914106881     0.072034623
     9.130000000     0.440151105    -4.871606597     0.067548325
     9.140000000     0.410402455    -4.829598464     0.063911215
     9.150000000     0.386377367    -4.788127103     0.061101416
     9.160000000     0.367812069    -4.747231270     0.059092107
     9.170000000     0.354424666    -4.706946732     0.057851876
     9.180000000     0.345917178    -4.667308971     0.057345041
     9.190000000     0.341977190    -4.628355832     0.057531920
     9.200000000     0.342279198    -4.590130177     0.058369073
     9.210000000     0.346485690    -4.552682615     0.059809521
     9.220000000     0.354248074    -4.516074366     0.061802948
     9.230000000     0.365207520    -4.480380302     0.064295905
     9.240000000     0.378995839    -4.445692168     0.067232028
     9.250000000     0.395236455    -4.412121950     0.070552286
     9.260000000     0.413545594    -4.379805288     0.074195268
     9.270000000     0.433533737    -4.348904752     0.078097524
     9.280000000     0.454807418    -4.319612637     0.082193975
     9.290000000     0.476971390    -4.292152779     0.086418381
     9.300000000     0.499631200    -4.266780675     0.090703888
     9.310000000     0.522396150    -4.243780927     0.094983647
     9.320000000     0.544882633    -4.223460797     0.099191487
     9.330000000     0.566717792    -4.206138517     0.103262656
     9.340000000     0.587543421    -4.192125031     0.107134592
     9.350000000     0.607020032    -4.181698308     0.110747728
     9.360000000     0.624830964    -4.175070345     0.114046291
     9.370000000     0.640686442    -4.172348643     0.116979096
     9.380000000     0.654327427    -4.173496196     0.119500291
     9.390000000     0.665529165    -4.178296451     0.121570047
     9.400000000     0.674104289    -4.186331411     0.123155160
     9.410000000     0.679905376    -4.196981058     0.124229546
     9.420000000     0.682826847    -4.209449597     0.124774620
     9.430000000     0.682806151    -4.222818816     0.124779533
     9.440000000     0.679824149    -4.236122146     0.124241263
     9.450000000     0.673904685    -4.248427344     0.123164558
     9.460000000     0.665113338    -4.258913151     0.121561717
     9.470000000     0.653555354    -4.266927071     0.119452232
     9.480000000     0.639372835    -4.272016703     0.116862280
     9.490000000     0.622741230    -4.273933741     0.113824090
     9.500000000     0.603865232    -4.272615370     0.110375207
     9.510000000     0.582974193    -4.268150956     0.106557654
     9.520000000     0.560317173    -4.260742378     0.102417036
     9.530000000     0.536157759    -4.250664831     0.098001595
     9.540000000     0.510768797    -4.238232604     0.093361253
     9.550000000     0.484427153    -4.223771963     0.088546653
     9.560000000     0.457408656    -4.207601546     0.083608245
     9.570000000     0.429983327    -4.190019491     0.078595406
     9.580000000     0.402411000    -4.171296063     0.073555647
     9.590000000     0.374937426    -4.151670377     0.068533902
     9.600000000     0.347790936    -4.131349973     0.063571916
     9.610000000     0.321179695    -4.110512227     0.058707747
     9.620000000     0.295289588    -4.089306798     0.053975378
     9.630000000     0.270282745    -4.067858595     0.049404449
     9.640000000     0.246296685    -4.046270867     0.045020098
     9.650000000     0.223444061    -4.024628208     0.040842921
     9.660000000     0.201812945    -4.002999331     0.036889017
     9.670000000     0.181467622    -3.981439570     0.033170137
     9.680000000     0.162449796    -3.959993062     0.029693907
     9.690000000     0.144780165    -3.938694638     0.026464109
     9.700000000     0.128460268    -3.917571434     0.023481026
     9.710000000     0.113474539    -3.896644252     0.020741812
     9.720000000     0.099792491    -3.875928702     0.018240895
     9.730000000     0.087370964    -3.855436154     0.015970386
     9.740000000     0.076156367    -3.835174532     0.013920490
     9.750000000     0.066086861    -3.815148963     0.012079903
     9.760000000     0.057094443    -3.795362325     0.010436194
     9.770000000     0.049106884    -3.775815687     0.008976162
     9.780000000     0.042049488    -3.756508676     0.007686153
     9.790000000     0.035846674    -3.737439778     0.006552352
     9.800000000     0.030423335    -3.718606585     0.005561029
     9.810000000     0.025706005    -3.700005991     0.004698756
     9.820000000     0.021623807    -3.681634363     0.003952578
     9.830000000     0.018109211    -3.663487670     0.003310151
     9.840000000     0.015098601    -3.645561591     0.002759847
     9.850000000     0.012532672    -3.627851608     0.002290826
     9.860000000     0.010356678    -3.610353070     0.001893079
     9.870000000     0.008520538    -3.593061259     0.001557455
     9.880000000     0.006978843    -3.575971426     0.001275651
     9.890000000     0.005690751    -3.559078836     0.001040203
     9.900000000     0.004619826    -3.542378791     0.000844450
     9.910000000     0.003733803    -3.525866657     0.000682495
     9.920000000     0.003004326    -3.509537877     0.000549156
     9.930000000     0.002406647    -3.493387989     0.000439907
     9.940000000     0.001919321    -3.477412631     0.000350829
     9.950000000     0.001523886    -3.461607552     0.000278549
     9.960000000     0.001204557    -3.445968614     0.000220179
     9.970000000     0.000947921    -3.430491796     0.000173269
     9.980000000     0.000742654    -3.415173198     0.000135748
     9.990000000     0.000579256    -3.400009035     0.000105881
    10.000000000     0.000449805    -3.384995642     0.000082219
    10.010000000     0.000347735    -3.370129473     0.000063562
    10.020000000     0.000267635    -3.355407093     0.000048920
    10.030000000     0.000205072    -3.340825183     0.000037485
    10.040000000     0.000156437    -3.326380531     0.000028595
    10.050000000     0.000118807    -3.312070034     0.000021717
    10.060000000     0.000089829    -3.297890691     0.000016420
    10.070000000     0.000067617    -3.283839604     0.000012360
    10.080000000     0.000050672    -3.269913969     0.000009262
    10.090000000     0.000037805    -3.256111080     0.000006910
    10.100000000     0.000028080    -3.242428318     0.000005133
    10.110000000     0.000020765    -3.228863152     0.000003796
    10.120000000     0.000015287    -3.215413138     0.000002794
    10.130000000     0.000011204    -3.202075910     0.000002048
    10.140000000     0.000008175    -3.188849181     0.000001494
    10.150000000     0.000005939    -3.175730739     0.000001086
    10.160000000     0.000004295    -3.162718444     0.000000785
    10.170000000     0.000003093    -3.149810225     0.000000565
    10.180000000     0.000002217    -3.137004078     0.000000405
    10.190000000     0.000001582    -3.124298061     0.000000289
    10.200000000     0.000001124    -3.111690297     0.000000205
    10.210000000     0.000000795    -3.099178965     0.000000145
    10.220000000     0.000000560    -3.086762301     0.000000102
    10.230000000     0.000000392    -3.074438597     0.000000072
    10.240000000     0.000000274    -3.062206195     0.000000050
    10.250000000     0.000000190    -3.050063490     0.000000035
    10.260000000     0.000000132    -3.038008922     0.000000024
    10.270000000     0.000000091    -3.026040980     0.000000017
    10.280000000     0.000000062    -3.014158196     0.000000011
    10.290000000     0.000000042    -3.002359145     0.000000008
    10.300000000     0.000000029    -2.990642445     0.000000005
    10.310000000     0.000000020    -2.979006752     0.000000004
    10.320000000     0.000000013    -2.967450759     0.000000002
    10.330000000     0.000000009    -2.955973198     0.000000002
    10.340000000     0.000000006    -2.944572836     0.000000001
    10.350000000     0.000000004    -2.933248472     0.000000001
    10.360000000     0.000000003    -2.921998940     0.000000000
    10.370000000     0.000000002    -2.910823104     0.000000000
    10.380000000     0.000000001    -2.899719859     0.000000000
    10.390000000     0.000000001    -2.888688129     0.000000000
    10.400000000     0.000000000    -2.877726866     0.000000000
    10.410000000     0.000000000    -2.866835051     0.000000000
    10.420000000     0.000000000    -2.856011688     0.000000000
    10.430000000     0.000000000    -2.845255809     0.000000000
    10.440000000     0.000000000    -2.834566469     0.000000000
    10.450000000     0.000000000    -2.823942747     0.000000000
    10.460000000     0.000000000    -2.813383745     0.000000000
    10.470000000     0.000000000    -2.802888587     0.000000000
    10.480000000     0.000000000    -2.792456417     0.000000000
    10.490000000     0.000000000    -2.782086400     0.000000000
    10.500000000     0.000000000    -2.771777722     0.000000000
    10.510000000     0.000000000    -2.761529587     0.000000000
    10.520000000     0.000000000    -2.751341218     0.000000000
    10.530000000     0.000000000    -2.741211856     0.000000000
    10.540000000     0.000000000    -2.731140758     0.000000000
    10.550000000     0.000000000    -2.721127200     0.000000000
    10.560000000     0.000000000    -2.711170472     0.000000000
    10.570000000     0.000000000    -2.701269882     0.000000000
    10.580000000     0.000000000    -2.691424751     0.000000000
    10.590000000     0.000000000    -2.681634415     0.000000000
    10.600000000     0.000000000    -2.671898227     0.000000000
    10.610000000     0.000000000    -2.662215550     0.000000000
    10.620000000     0.000000000    -2.652585764     0.000000000
    10.630000000     0.000000000    -2.643008259     0.000000000
    10.640000000     0.000000000    -2.633482439     0.000000000
    10.650000000     0.000000000    -2.624007720     0.000000000
    10.660000000     0.000000000    -2.614583532     0.000000000
    10.670000000     0.000000000    -2.605209312     0.000000000
    10.680000000     0.000000000    -2.595884512     0.000000000
    10.690000000     0.000000000    -2.586608593     0.000000000
    10.700000000     0.000000000    -2.577381029     0.000000000
    10.710000000     0.000000000    -2.568201301     0.000000000
    10.720000000     0.000000000    -2.559068901     0.000000000
    10.730000000     0.000000000    -2.549983333     0.000000000
    10.740000000     0.000000000    -2.540944107     0.000000000
    10.750000000     0.000000000    -2.531950745     0.000000000
    10.760000000     0.000000000    -2.523002776     0.000000000
    10.770000000     0.000000000    -2.514099738     0.000000000
    10.780000000     0.000000000    -2.505241179     0.000000000
    10.790000000     0.000000000    -2.496426653     0.000000000
    10.800000000     0.000000000    -2.487655723     0.000000000
    10.810000000     0.000000000    -2.478927961     0.000000000
    10.820000000     0.000000000    -2.470242943     0.000000000
    10.830000000     0.000000000    -2.461600258     0.000000000
    10.840000000     0.000000000    -2.452999496     0.000000000
    10.850000000     0.000000000    -2.444440259     0.000000000
    10.860000000     0.000000000    -2.435922153     0.000000000
    10.870000000     0.000000000    -2.427444791     0.000000000
    10.880000000     0.000000000    -2.419007793     0.000000000
    10.890000000     0.000000000    -2.410610787     0.000000000
    10.900000000     0.000000000    -2.402253403     0.000000000
    10.910000000     0.000000000    -2.393935282     0.000000000
    10.920000000     0.000000000    -2.385656066     0.000000000
    10.930000000     0.000000000    -2.377415406     0.000000000
    10.940000000     0.000000000    -2.369212959     0.000000000
    10.950000000     0.000000000    -2.361048384     0.000000000
    10.960000000     0.000000000    -2.352921349     0.000000000
    10.970000000     0.000000000    -2.344831525     0.000000000
    10.980000000     0.000000000    -2.336778589     0.000000000
    10.990000000     0.000000000    -2.328762222     0.000000000
    11.000000000     0.000000000    -2.320782112     0.000000000
