# x y z (snapped to FFT grid (36, 36, 36), 408 unique)
0.138889 0.750000 0.750000
0.027778 0.083333 0.444444
0.083333 0.166667 0.388889
0.166667 0.250000 0.333333
0.000000 0.250000 0.333333
0.055556 0.138889 0.527778
0.027778 0.638889 0.888889
0.027778 0.750000 0.833333
0.000000 0.166667 0.416667
0.861111 0.750000 0.750000
0.944444 0.444444 0.083333
0.861111 0.388889 0.166667
0.750000 0.333333 0.250000
0.916667 0.333333 0.250000
0.777778 0.527778 0.138889
0.944444 0.888889 0.638889
0.888889 0.833333 0.750000
0.916667 0.416667 0.166667
0.750000 0.138889 0.861111
0.083333 0.027778 0.944444
0.166667 0.083333 0.861111
0.250000 0.166667 0.750000
0.250000 0.000000 0.916667
0.138889 0.055556 0.777778
0.638889 0.027778 0.944444
0.750000 0.027778 0.888889
0.166667 0.000000 0.916667
0.750000 0.861111 0.138889
0.444444 0.944444 0.027778
0.388889 0.861111 0.083333
0.333333 0.750000 0.166667
0.333333 0.916667 0.000000
0.527778 0.777778 0.055556
0.888889 0.944444 0.027778
0.833333 0.888889 0.027778
0.416667 0.916667 0.000000
0.138889 0.250000 0.250000
0.055556 0.916667 0.555556
0.138889 0.833333 0.611111
0.250000 0.750000 0.666667
0.083333 0.750000 0.666667
0.222222 0.861111 0.472222
0.055556 0.361111 0.111111
0.111111 0.250000 0.166667
0.083333 0.833333 0.583333
0.861111 0.250000 0.250000
0.972222 0.555556 0.916667
0.916667 0.611111 0.833333
0.833333 0.666667 0.750000
0.000000 0.666667 0.750000
0.944444 0.472222 0.861111
0.972222 0.111111 0.361111
0.972222 0.166667 0.250000
0.000000 0.583333 0.833333
0.250000 0.138889 0.861111
0.916667 0.055556 0.972222
0.833333 0.138889 0.916667
0.750000 0.250000 0.833333
0.750000 0.083333 0.000000
0.861111 0.222222 0.944444
0.361111 0.055556 0.972222
0.250000 0.111111 0.972222
0.833333 0.083333 0.000000
0.250000 0.861111 0.138889
0.555556 0.972222 0.055556
0.611111 0.916667 0.138889
0.666667 0.833333 0.250000
0.666667 0.000000 0.083333
0.472222 0.944444 0.222222
0.111111 0.972222 0.055556
0.166667 0.972222 0.111111
0.583333 0.000000 0.083333
0.861111 0.250000 0.138889
0.972222 0.916667 0.055556
0.916667 0.833333 0.138889
0.833333 0.750000 0.250000
0.000000 0.750000 0.083333
0.944444 0.861111 0.222222
0.972222 0.361111 0.055556
0.972222 0.250000 0.111111
0.000000 0.833333 0.083333
0.250000 0.861111 0.250000
0.916667 0.972222 0.555556
0.833333 0.916667 0.611111
0.750000 0.833333 0.666667
0.750000 0.000000 0.666667
0.861111 0.944444 0.472222
0.361111 0.972222 0.111111
0.250000 0.972222 0.166667
0.833333 0.000000 0.583333
0.250000 0.138889 0.250000
0.555556 0.055556 0.916667
0.611111 0.138889 0.833333
0.666667 0.250000 0.750000
0.666667 0.083333 0.750000
0.472222 0.222222 0.861111
0.111111 0.055556 0.361111
0.166667 0.111111 0.250000
0.583333 0.083333 0.833333
0.138889 0.250000 0.861111
0.055556 0.555556 0.972222
0.138889 0.611111 0.916667
0.250000 0.666667 0.833333
0.083333 0.666667 0.000000
0.222222 0.472222 0.944444
0.055556 0.111111 0.972222
0.111111 0.166667 0.972222
0.083333 0.583333 0.000000
0.861111 0.138889 0.250000
0.972222 0.055556 0.555556
0.916667 0.138889 0.611111
0.833333 0.250000 0.666667
0.000000 0.083333 0.666667
0.944444 0.222222 0.472222
0.972222 0.055556 0.111111
0.972222 0.111111 0.166667
0.000000 0.083333 0.583333
0.250000 0.250000 0.861111
0.555556 0.916667 0.972222
0.611111 0.833333 0.916667
0.666667 0.750000 0.833333
0.666667 0.750000 0.000000
0.472222 0.861111 0.944444
0.111111 0.361111 0.972222
0.166667 0.250000 0.972222
0.583333 0.833333 0.000000
0.250000 0.250000 0.138889
0.916667 0.555556 0.055556
0.833333 0.611111 0.138889
0.750000 0.666667 0.250000
0.750000 0.666667 0.083333
0.861111 0.472222 0.222222
0.361111 0.111111 0.055556
0.250000 0.166667 0.111111
0.833333 0.583333 0.083333
0.138889 0.861111 0.250000
0.055556 0.972222 0.916667
0.138889 0.916667 0.833333
0.250000 0.833333 0.750000
0.083333 0.000000 0.750000
0.222222 0.944444 0.861111
0.055556 0.972222 0.361111
0.111111 0.972222 0.250000
0.083333 0.000000 0.833333
0.750000 0.138889 0.750000
0.444444 0.027778 0.083333
0.388889 0.083333 0.166667
0.333333 0.166667 0.250000
0.333333 0.000000 0.250000
0.527778 0.055556 0.138889
0.888889 0.027778 0.638889
0.833333 0.027778 0.750000
0.416667 0.000000 0.166667
0.861111 0.750000 0.138889
0.944444 0.083333 0.027778
0.861111 0.166667 0.083333
0.750000 0.250000 0.166667
0.916667 0.250000 0.000000
0.777778 0.138889 0.055556
0.944444 0.638889 0.027778
0.888889 0.750000 0.027778
0.916667 0.166667 0.000000
0.138889 0.750000 0.861111
0.027778 0.444444 0.944444
0.083333 0.388889 0.861111
0.166667 0.333333 0.750000
0.000000 0.333333 0.916667
0.055556 0.527778 0.777778
0.027778 0.888889 0.944444
0.027778 0.833333 0.888889
0.000000 0.416667 0.916667
0.750000 0.861111 0.750000
0.083333 0.944444 0.444444
0.166667 0.861111 0.388889
0.250000 0.750000 0.333333
0.250000 0.916667 0.333333
0.138889 0.777778 0.527778
0.638889 0.944444 0.888889
0.750000 0.888889 0.833333
0.166667 0.916667 0.416667
0.750000 0.750000 0.138889
0.083333 0.444444 0.027778
0.166667 0.388889 0.083333
0.250000 0.333333 0.166667
0.250000 0.333333 0.000000
0.138889 0.527778 0.055556
0.638889 0.888889 0.027778
0.750000 0.833333 0.027778
0.166667 0.416667 0.000000
0.861111 0.138889 0.750000
0.944444 0.027778 0.444444
0.861111 0.083333 0.388889
0.750000 0.166667 0.333333
0.916667 0.000000 0.333333
0.777778 0.055556 0.527778
0.944444 0.027778 0.888889
0.888889 0.027778 0.833333
0.916667 0.000000 0.416667
0.750000 0.750000 0.861111
0.444444 0.083333 0.944444
0.388889 0.166667 0.861111
0.333333 0.250000 0.750000
0.333333 0.250000 0.916667
0.527778 0.138889 0.777778
0.888889 0.638889 0.944444
0.833333 0.750000 0.888889
0.416667 0.166667 0.916667
0.138889 0.861111 0.750000
0.027778 0.944444 0.083333
0.083333 0.861111 0.166667
0.166667 0.750000 0.250000
0.000000 0.916667 0.250000
0.055556 0.777778 0.138889
0.027778 0.944444 0.638889
0.027778 0.888889 0.750000
0.000000 0.916667 0.166667
0.972222 0.916667 0.555556
0.916667 0.833333 0.611111
0.833333 0.750000 0.666667
0.000000 0.750000 0.666667
0.944444 0.861111 0.472222
0.972222 0.361111 0.111111
0.972222 0.250000 0.166667
0.000000 0.833333 0.583333
0.055556 0.555556 0.916667
0.138889 0.611111 0.833333
0.250000 0.666667 0.750000
0.083333 0.666667 0.750000
0.222222 0.472222 0.861111
0.055556 0.111111 0.361111
0.111111 0.166667 0.250000
0.083333 0.583333 0.833333
0.916667 0.972222 0.055556
0.833333 0.916667 0.138889
0.750000 0.833333 0.250000
0.750000 0.000000 0.083333
0.861111 0.944444 0.222222
0.361111 0.972222 0.055556
0.250000 0.972222 0.111111
0.833333 0.000000 0.083333
0.555556 0.055556 0.972222
0.611111 0.138889 0.916667
0.666667 0.250000 0.833333
0.666667 0.083333 0.000000
0.472222 0.222222 0.944444
0.111111 0.055556 0.972222
0.166667 0.111111 0.972222
0.583333 0.083333 0.000000
0.944444 0.083333 0.444444
0.861111 0.166667 0.388889
0.750000 0.250000 0.333333
0.916667 0.250000 0.333333
0.777778 0.138889 0.527778
0.944444 0.638889 0.888889
0.888889 0.750000 0.833333
0.916667 0.166667 0.416667
0.027778 0.444444 0.083333
0.083333 0.388889 0.166667
0.166667 0.333333 0.250000
0.000000 0.333333 0.250000
0.055556 0.527778 0.138889
0.027778 0.888889 0.638889
0.027778 0.833333 0.750000
0.000000 0.416667 0.166667
0.083333 0.944444 0.027778
0.166667 0.861111 0.083333
0.250000 0.750000 0.166667
0.250000 0.916667 0.000000
0.138889 0.777778 0.055556
0.638889 0.944444 0.027778
0.750000 0.888889 0.027778
0.166667 0.916667 0.000000
0.444444 0.027778 0.944444
0.388889 0.083333 0.861111
0.333333 0.166667 0.750000
0.333333 0.000000 0.916667
0.527778 0.055556 0.777778
0.888889 0.027778 0.944444
0.833333 0.027778 0.888889
0.416667 0.000000 0.916667
0.027778 0.083333 0.944444
0.083333 0.166667 0.861111
0.166667 0.250000 0.750000
0.000000 0.250000 0.916667
0.055556 0.138889 0.777778
0.027778 0.638889 0.944444
0.027778 0.750000 0.888889
0.000000 0.166667 0.916667
0.083333 0.027778 0.444444
0.166667 0.083333 0.388889
0.250000 0.166667 0.333333
0.250000 0.000000 0.333333
0.138889 0.055556 0.527778
0.638889 0.027778 0.888889
0.750000 0.027778 0.833333
0.166667 0.000000 0.416667
0.444444 0.944444 0.083333
0.388889 0.861111 0.166667
0.333333 0.750000 0.250000
0.333333 0.916667 0.250000
0.527778 0.777778 0.138889
0.888889 0.944444 0.638889
0.833333 0.888889 0.750000
0.416667 0.916667 0.166667
0.944444 0.444444 0.027778
0.861111 0.388889 0.083333
0.750000 0.333333 0.166667
0.916667 0.333333 0.000000
0.777778 0.527778 0.055556
0.944444 0.888889 0.027778
0.888889 0.833333 0.027778
0.916667 0.416667 0.000000
0.027778 0.944444 0.444444
0.083333 0.861111 0.388889
0.166667 0.750000 0.333333
0.000000 0.916667 0.333333
0.055556 0.777778 0.527778
0.027778 0.944444 0.888889
0.027778 0.888889 0.833333
0.000000 0.916667 0.416667
0.444444 0.083333 0.027778
0.388889 0.166667 0.083333
0.333333 0.250000 0.166667
0.333333 0.250000 0.000000
0.527778 0.138889 0.055556
0.888889 0.638889 0.027778
0.833333 0.750000 0.027778
0.416667 0.166667 0.000000
0.083333 0.444444 0.944444
0.166667 0.388889 0.861111
0.250000 0.333333 0.750000
0.250000 0.333333 0.916667
0.138889 0.527778 0.777778
0.638889 0.888889 0.944444
0.750000 0.833333 0.888889
0.166667 0.416667 0.916667
0.944444 0.027778 0.083333
0.861111 0.083333 0.166667
0.750000 0.166667 0.250000
0.916667 0.000000 0.250000
0.777778 0.055556 0.138889
0.944444 0.027778 0.638889
0.888889 0.027778 0.750000
0.916667 0.000000 0.166667
0.555556 0.972222 0.916667
0.611111 0.916667 0.833333
0.666667 0.833333 0.750000
0.666667 0.000000 0.750000
0.472222 0.944444 0.861111
0.111111 0.972222 0.361111
0.166667 0.972222 0.250000
0.583333 0.000000 0.833333
0.055556 0.916667 0.972222
0.138889 0.833333 0.916667
0.250000 0.750000 0.833333
0.083333 0.750000 0.000000
0.222222 0.861111 0.944444
0.055556 0.361111 0.972222
0.111111 0.250000 0.972222
0.083333 0.833333 0.000000
0.972222 0.555556 0.055556
0.916667 0.611111 0.138889
0.833333 0.666667 0.250000
0.000000 0.666667 0.083333
0.944444 0.472222 0.222222
0.972222 0.111111 0.055556
0.972222 0.166667 0.111111
0.000000 0.583333 0.083333
0.916667 0.055556 0.555556
0.833333 0.138889 0.611111
0.750000 0.250000 0.666667
0.750000 0.083333 0.666667
0.861111 0.222222 0.472222
0.361111 0.055556 0.111111
0.250000 0.111111 0.166667
0.833333 0.083333 0.583333
0.916667 0.555556 0.972222
0.833333 0.611111 0.916667
0.750000 0.666667 0.833333
0.750000 0.666667 0.000000
0.861111 0.472222 0.944444
0.361111 0.111111 0.972222
0.250000 0.166667 0.972222
0.833333 0.583333 0.000000
0.055556 0.972222 0.555556
0.138889 0.916667 0.611111
0.250000 0.833333 0.666667
0.083333 0.000000 0.666667
0.222222 0.944444 0.472222
0.055556 0.972222 0.111111
0.111111 0.972222 0.166667
0.083333 0.000000 0.583333
0.555556 0.916667 0.055556
0.611111 0.833333 0.138889
0.666667 0.750000 0.250000
0.666667 0.750000 0.083333
0.472222 0.861111 0.222222
0.111111 0.361111 0.055556
0.166667 0.250000 0.111111
0.583333 0.833333 0.083333
0.972222 0.055556 0.916667
0.916667 0.138889 0.833333
0.833333 0.250000 0.750000
0.000000 0.083333 0.750000
0.944444 0.222222 0.861111
0.972222 0.055556 0.361111
0.972222 0.111111 0.250000
0.000000 0.083333 0.833333
