  0.000000000  0.000000000  0.000000000     102       0
       1       1  -10.465991796   -0.000000000
       1       2  -11.331976331   -0.000000000
       1       3  -11.331976331   -0.000000000
       1       4  -11.331976331    0.000000000
       1       5  -10.025276130   -0.000000000
       1       6  -10.025276130   -0.000000000
       1       7  -10.025276130   -0.000000000
       1       8  -10.909782148   -0.000000000
       1       9  -10.062003250    0.000000000
       1      10  -10.062003250    0.000000000
       1      11   -7.660252257    0.000000000
       1      12   -8.296622627   -0.000000000
       1      13   -8.296622627    0.000000000
       1      14   -8.296622627   -0.000000000
       1      15   -6.479834927   -0.000000000
       1      16  -10.055753550   -0.000000000
       1      17  -10.055753550   -0.000000000
       1      18  -10.055753550    0.000000000
       1      19  -10.776074460    0.000000000
       1      20  -10.776074460    0.000000000
       1      21  -10.430665795   -0.000000000
       1      22  -10.430665795    0.000000000
       1      23  -10.430665795   -0.000000000
       1      24  -10.091131019   -0.000000000
       1      25  -10.091131019   -0.000000000
       1      26  -10.091131019    0.000000000
       1      27   -9.571951142    0.000000000
       1      28   -9.571951142    0.000000000
       1      29   -9.571951142   -0.000000000
       1      30   -7.664829402    0.000000000
       1      31   -9.159799176    0.000000000
       1      32   -9.159799176    0.000000000
       1      33   -8.919264943    0.000000000
       1      34   -8.919264943    0.000000000
       1      35   -8.933873960   -0.000000000
       1      36   -8.933873960    0.000000000
       1      37   -8.933873960   -0.000000000
       1      38   -9.522198824    0.000000000
       1      39   -9.522198824    0.000000000
       1      40   -9.522198824   -0.000000000
       1      41  -11.066908121   -0.000000000
       1      42   -9.602687657   -0.000000000
       1      43   -9.602687657    0.000000000
       1      44   -9.602687657    0.000000000
       1      45   -8.837081618   -0.000000000
       1      46   -8.837081618    0.000000000
       1      47   -8.837081618    0.000000000
       1      48   -8.874176679    0.000000000
       1      49   -8.874176679    0.000000000
       1      50   -8.874176679    0.000000000
       1      51   -8.060941077    0.000000000
       1      52   -8.210858841   -0.000000000
       1      53   -8.210858841   -0.000000000
       1      54   -8.210858841   -0.000000000
       1      55   -7.305558798    0.000000000
       1      56   -7.305558798    0.000000000
       1      57   -7.305558798    0.000000000
       1      58   -7.362174832    0.000000000
       1      59   -9.593346684   -0.000000000
       1      60   -8.337861865   -0.000000000
       1      61   -8.337861866   -0.000000000
       1      62   -9.430670138    0.000000000
       1      63   -9.430670136    0.000000000
       1      64   -9.430670137    0.000000000
       1      65  -10.023107639   -0.000000000
       1      66  -10.023107638    0.000000000
       1      67   -9.986966149    0.000000000
       1      68   -9.986966149    0.000000000
       1      69   -9.986966150   -0.000000000
       1      70   -9.423811101    0.000000000
       1      71   -9.423811101   -0.000000000
       1      72   -9.423811100   -0.000000000
       1      73   -9.393014207    0.000000000
       1      74  -11.124082214    0.000000000
       1      75  -11.124082214    0.000000000
       1      76  -11.124082214    0.000000000
       1      77   -9.664876584    0.000000000
       1      78   -9.664876588   -0.000000000
       1      79   -9.520095945   -0.000000000
       1      80   -9.520095944    0.000000000
       1      81   -9.520095946   -0.000000000
       1      82  -10.109728021   -0.000000000
       1      83  -10.109728022    0.000000000
       1      84  -10.109728020    0.000000000
       1      85   -8.936605556   -0.000000000
       1      86   -8.936605558   -0.000000000
       1      87   -8.936605553   -0.000000000
       1      88   -9.902560280    0.000000000
       1      89   -9.902560277    0.000000000
       1      90   -8.836818260    0.000000000
       1      91   -9.361994422    0.000000000
       1      92   -9.361994424    0.000000000
       1      93   -9.361994423    0.000000000
       1      94   -9.450993606   -0.000000000
       1      95   -9.450993603   -0.000000000
       1      96   -9.450993602   -0.000000000
       1      97   -9.279898417   -0.000000000
       1      98   -9.279898407    0.000000000
       1      99   -9.279898416   -0.000000000
       1     100   -7.751769672   -0.000000000
       1     101   -7.751769686   -0.000000000
       1     102   -7.751769663    0.000000000
 -0.000000000 -0.000000000  0.250000000     102       0
       1       1  -10.542802975   -0.000000000
       1       2  -10.665191109    0.000000000
       1       3  -11.093321974   -0.000000000
       1       4  -11.093321974   -0.000000000
       1       5  -10.089498369   -0.000000000
       1       6  -10.068905329   -0.000000000
       1       7  -10.068905329   -0.000000000
       1       8  -10.432922448   -0.000000000
       1       9   -9.642662669    0.000000000
       1      10   -9.642662669   -0.000000000
       1      11   -7.846045541    0.000000000
       1      12   -8.595233452   -0.000000000
       1      13   -9.448188468    0.000000000
       1      14   -9.448188468   -0.000000000
       1      15   -9.670321476   -0.000000000
       1      16   -9.670321476   -0.000000000
       1      17   -9.593911331   -0.000000000
       1      18   -7.596719239   -0.000000000
       1      19  -10.527241713   -0.000000000
       1      20  -10.527241713    0.000000000
       1      21  -10.613615975    0.000000000
       1      22  -10.613615975   -0.000000000
       1      23  -10.500470651   -0.000000000
       1      24   -9.028180333   -0.000000000
       1      25  -10.231300934    0.000000000
       1      26   -9.214786267   -0.000000000
       1      27   -9.214786267    0.000000000
       1      28   -9.130497408   -0.000000000
       1      29   -9.130497408   -0.000000000
       1      30   -9.533783362    0.000000000
       1      31   -9.533783362    0.000000000
       1      32   -9.780808200    0.000000000
       1      33   -9.780808200   -0.000000000
       1      34   -8.043706068   -0.000000000
       1      35   -8.132157270   -0.000000000
       1      36   -9.049739958    0.000000000
       1      37   -8.709023416    0.000000000
       1      38   -8.709023416   -0.000000000
       1      39   -8.999690732    0.000000000
       1      40   -9.288707530   -0.000000000
       1      41   -9.288707531    0.000000000
       1      42   -9.629355969   -0.000000000
       1      43   -9.398812872   -0.000000000
       1      44   -9.039575272    0.000000000
       1      45   -9.039575272    0.000000000
       1      46   -8.049784823    0.000000000
       1      47   -8.049784823   -0.000000000
       1      48   -8.522547549    0.000000000
       1      49   -9.388789998    0.000000000
       1      50   -9.388789998    0.000000000
       1      51   -9.140753594   -0.000000000
       1      52   -9.298006789    0.000000000
       1      53   -8.759150856   -0.000000000
       1      54   -8.759150856    0.000000000
       1      55   -8.261747262    0.000000000
       1      56   -8.261747263    0.000000000
       1      57   -8.436786433   -0.000000000
       1      58   -8.621838541    0.000000000
       1      59   -8.621838541    0.000000000
       1      60   -8.701851576    0.000000000
       1      61   -9.586761143    0.000000000
       1      62  -10.416259812   -0.000000000
       1      63  -10.416259813    0.000000000
       1      64   -8.305352578   -0.000000000
       1      65   -9.447174049   -0.000000000
       1      66   -9.525673189    0.000000000
       1      67   -9.525673189    0.000000000
       1      68   -9.645684045   -0.000000000
       1      69   -9.645684044    0.000000000
       1      70   -9.604215799    0.000000000
       1      71   -9.574282754    0.000000000
       1      72   -9.574282754    0.000000000
       1      73   -9.870606943    0.000000000
       1      74   -9.791379113    0.000000000
       1      75   -9.791379113    0.000000000
       1      76   -8.729905721    0.000000000
       1      77   -8.437381163   -0.000000000
       1      78   -8.437381164    0.000000000
       1      79  -10.501369337    0.000000000
       1      80   -8.255926858    0.000000000
       1      81   -8.705897204   -0.000000000
       1      82   -8.705897204    0.000000000
       1      83   -9.449643706   -0.000000000
       1      84   -9.449643705    0.000000000
       1      85   -9.055969375    0.000000000
       1      86   -9.572896141   -0.000000000
       1      87   -9.249691445    0.000000000
       1      88   -9.249691447    0.000000000
       1      89   -9.501749484   -0.000000000
       1      90   -9.501749482   -0.000000000
       1      91   -8.905050252   -0.000000000
       1      92   -9.373978316   -0.000000000
       1      93   -8.949380693    0.000000000
       1      94   -8.949380694   -0.000000000
       1      95   -9.271307924    0.000000000
       1      96   -9.271307909    0.000000000
       1      97   -8.787453785   -0.000000000
       1      98   -9.063647257    0.000000000
       1      99  -10.013657484    0.000000000
       1     100  -10.013657492    0.000000000
       1     101   -8.948086384   -0.000000000
       1     102   -8.637226588    0.000000000
 -0.000000000 -0.000000000  0.500000000     102       0
       1       1  -10.855908632    0.000000000
       1       2  -10.199396229   -0.000000000
       1       3  -11.066342278   -0.000000000
       1       4  -11.066342278   -0.000000000
       1       5  -10.076071489   -0.000000000
       1       6   -9.648352316   -0.000000000
       1       7   -9.648352316   -0.000000000
       1       8   -7.698916169   -0.000000000
       1       9  -10.229244588    0.000000000
       1      10  -10.229244588   -0.000000000
       1      11   -9.994189943   -0.000000000
       1      12   -9.994189943    0.000000000
       1      13   -9.722734345   -0.000000000
       1      14  -10.281340779   -0.000000000
       1      15   -9.864889646   -0.000000000
       1      16   -9.215741553   -0.000000000
       1      17   -8.908351321    0.000000000
       1      18   -8.908351321    0.000000000
       1      19  -10.171068793   -0.000000000
       1      20  -10.171068793    0.000000000
       1      21   -8.049903307   -0.000000000
       1      22   -9.772149869   -0.000000000
       1      23   -9.772149869   -0.000000000
       1      24  -10.750785742   -0.000000000
       1      25  -10.750785742   -0.000000000
       1      26   -7.236210082   -0.000000000
       1      27  -10.622615648   -0.000000000
       1      28   -8.610933570    0.000000000
       1      29   -8.610933570    0.000000000
       1      30   -9.096743239   -0.000000000
       1      31   -9.096743239   -0.000000000
       1      32   -9.272995170    0.000000000
       1      33   -8.625363544    0.000000000
       1      34   -8.455399066   -0.000000000
       1      35   -8.578195970   -0.000000000
       1      36   -8.578195970    0.000000000
       1      37   -9.509814075   -0.000000000
       1      38   -9.509814075   -0.000000000
       1      39   -9.078516477    0.000000000
       1      40   -9.591979971   -0.000000000
       1      41  -10.443347313   -0.000000000
       1      42  -10.443347313    0.000000000
       1      43   -9.123705831    0.000000000
       1      44   -9.123705831    0.000000000
       1      45   -9.585768188    0.000000000
       1      46   -8.707577105    0.000000000
       1      47   -8.707577105   -0.000000000
       1      48   -9.239928867    0.000000000
       1      49   -8.798705157    0.000000000
       1      50   -8.798705157    0.000000000
       1      51   -7.949496427   -0.000000000
       1      52   -8.862428929    0.000000000
       1      53   -8.862428929   -0.000000000
       1      54  -10.384941876    0.000000000
       1      55  -10.384941876    0.000000000
       1      56   -9.219731691    0.000000000
       1      57   -9.219731689    0.000000000
       1      58   -9.619360634    0.000000000
       1      59   -8.673319882    0.000000000
       1      60   -9.682281977    0.000000000
       1      61   -9.180502794    0.000000000
       1      62   -9.180502793   -0.000000000
       1      63   -9.352211181   -0.000000000
       1      64   -9.397806242    0.000000000
       1      65   -7.957091834   -0.000000000
       1      66   -7.957091834   -0.000000000
       1      67   -8.497556509    0.000000000
       1      68   -9.944017161    0.000000000
       1      69   -7.840264276    0.000000000
       1      70   -7.840264276    0.000000000
       1      71   -8.745420668    0.000000000
       1      72   -8.214790538    0.000000000
       1      73   -9.248515806    0.000000000
       1      74   -9.248515806    0.000000000
       1      75   -9.720520162    0.000000000
       1      76   -9.720520162   -0.000000000
       1      77   -9.731641144   -0.000000000
       1      78   -9.731641145    0.000000000
       1      79   -9.782661518   -0.000000000
       1      80   -9.782661518   -0.000000000
       1      81  -10.866367215   -0.000000000
       1      82   -7.869211236    0.000000000
       1      83   -9.831452879   -0.000000000
       1      84   -9.831452883    0.000000000
       1      85   -9.036049923    0.000000000
       1      86   -9.100717592    0.000000000
       1      87   -9.100717591    0.000000000
       1      88   -9.241185659   -0.000000000
       1      89   -8.701298497   -0.000000000
       1      90   -8.701298494    0.000000000
       1      91   -8.140515138    0.000000000
       1      92   -8.529960183   -0.000000000
       1      93   -8.529960184   -0.000000000
       1      94   -8.928602845    0.000000000
       1      95   -8.928602846   -0.000000000
       1      96   -8.625898977    0.000000000
       1      97   -8.776374477    0.000000000
       1      98   -9.270062893    0.000000000
       1      99   -9.573255391    0.000000000
       1     100   -9.228474257    0.000000000
       1     101   -9.228474255   -0.000000000
       1     102   -9.258982196   -0.000000000
  0.000000000  0.250000000  0.250000000     102       0
       1       1  -10.559042383   -0.000000000
       1       2  -11.198158818   -0.000000000
       1       3  -10.725466621   -0.000000000
       1       4  -10.725466621   -0.000000000
       1       5   -9.354331672    0.000000000
       1       6   -9.130407530   -0.000000000
       1       7  -10.595729633   -0.000000000
       1       8  -10.595729633   -0.000000000
       1       9  -10.713947003   -0.000000000
       1      10  -10.085726970   -0.000000000
       1      11   -8.389802486   -0.000000000
       1      12   -8.858788010    0.000000000
       1      13   -8.858788010    0.000000000
       1      14   -8.262686102   -0.000000000
       1      15   -9.609592481   -0.000000000
       1      16   -9.609592481   -0.000000000
       1      17  -10.337241013    0.000000000
       1      18  -10.366150758   -0.000000000
       1      19   -8.811687285    0.000000000
       1      20   -9.097161672   -0.000000000
       1      21  -10.210527455   -0.000000000
       1      22  -10.598999548    0.000000000
       1      23  -10.598999548   -0.000000000
       1      24   -8.979081269   -0.000000000
       1      25   -8.979081269    0.000000000
       1      26   -9.765785110   -0.000000000
       1      27   -8.910323201   -0.000000000
       1      28  -10.025150248    0.000000000
       1      29   -8.996708358   -0.000000000
       1      30  -10.171705061    0.000000000
       1      31  -10.171705061    0.000000000
       1      32   -9.255971994    0.000000000
       1      33   -9.232156284    0.000000000
       1      34   -9.232156284   -0.000000000
       1      35   -9.228981942   -0.000000000
       1      36   -9.250070228   -0.000000000
       1      37   -9.250070228   -0.000000000
       1      38   -9.621165025    0.000000000
       1      39   -8.069608193    0.000000000
       1      40   -7.992980937    0.000000000
       1      41   -7.992980937    0.000000000
       1      42   -8.073401268   -0.000000000
       1      43   -9.189899277    0.000000000
       1      44   -8.834261519    0.000000000
       1      45   -8.834261519    0.000000000
       1      46   -9.528249339    0.000000000
       1      47   -8.187671251    0.000000000
       1      48   -8.714621651    0.000000000
       1      49   -9.118534330    0.000000000
       1      50   -9.118534330    0.000000000
       1      51   -8.714367694    0.000000000
       1      52   -9.428943020    0.000000000
       1      53   -9.733856796    0.000000000
       1      54   -9.120336675    0.000000000
       1      55   -9.120336676    0.000000000
       1      56   -9.322934472   -0.000000000
       1      57  -10.215307667    0.000000000
       1      58  -10.215307668    0.000000000
       1      59  -10.737693956    0.000000000
       1      60   -8.957827629   -0.000000000
       1      61   -8.957827629    0.000000000
       1      62   -9.200152458   -0.000000000
       1      63   -7.337257576    0.000000000
       1      64   -8.685488762   -0.000000000
       1      65   -9.186435158    0.000000000
       1      66   -9.010316062    0.000000000
       1      67   -9.010316062   -0.000000000
       1      68   -9.551961515   -0.000000000
       1      69   -8.797862071    0.000000000
       1      70   -9.128714007   -0.000000000
       1      71   -8.664274972    0.000000000
       1      72   -8.664274972   -0.000000000
       1      73  -10.067484729    0.000000000
       1      74   -8.775765770   -0.000000000
       1      75   -8.775765770    0.000000000
       1      76   -9.121356116   -0.000000000
       1      77   -9.613359193    0.000000000
       1      78   -9.099507196    0.000000000
       1      79   -8.062656324   -0.000000000
       1      80  -10.249658388   -0.000000000
       1      81  -10.249658389   -0.000000000
       1      82   -8.971274620   -0.000000000
       1      83   -8.971274620   -0.000000000
       1      84   -9.279590849   -0.000000000
       1      85   -9.003725438    0.000000000
       1      86   -8.550045524    0.000000000
       1      87   -8.550045523    0.000000000
       1      88   -9.416945046   -0.000000000
       1      89   -9.568589355    0.000000000
       1      90   -9.770805113   -0.000000000
       1      91   -9.770805113    0.000000000
       1      92   -9.135982568    0.000000000
       1      93   -9.336982084   -0.000000000
       1      94   -9.336982084    0.000000000
       1      95   -9.489199860   -0.000000000
       1      96   -8.545643342    0.000000000
       1      97   -9.696434036   -0.000000000
       1      98   -9.696434038   -0.000000000
       1      99   -8.129553531   -0.000000000
       1     100   -8.957503563    0.000000000
       1     101  -10.473021944    0.000000000
       1     102   -9.421661679   -0.000000000
 -0.000000000  0.250000000  0.500000000     102       0
       1       1  -10.792097363    0.000000000
       1       2  -10.762787152    0.000000000
       1       3  -10.212050239    0.000000000
       1       4  -10.719759949   -0.000000000
       1       5   -9.198709155    0.000000000
       1       6   -9.599188611   -0.000000000
       1       7  -10.414425507    0.000000000
       1       8  -10.091995770    0.000000000
       1       9   -9.761216521   -0.000000000
       1      10  -10.171910652    0.000000000
       1      11  -10.352545460    0.000000000
       1      12  -10.009840476    0.000000000
       1      13   -9.088732480   -0.000000000
       1      14   -9.302430485   -0.000000000
       1      15   -9.858564145    0.000000000
       1      16  -10.555423911   -0.000000000
       1      17   -9.329020603    0.000000000
       1      18   -9.422501375   -0.000000000
       1      19   -9.293642804   -0.000000000
       1      20   -9.119051237   -0.000000000
       1      21  -10.127162529   -0.000000000
       1      22   -9.192108070    0.000000000
       1      23   -8.886902129   -0.000000000
       1      24   -8.341398743    0.000000000
       1      25   -9.836895998   -0.000000000
       1      26   -9.204021219   -0.000000000
       1      27   -9.616303727    0.000000000
       1      28   -8.920847335    0.000000000
       1      29   -8.637625718   -0.000000000
       1      30   -8.909723552   -0.000000000
       1      31   -8.976341670    0.000000000
       1      32   -9.039028737   -0.000000000
       1      33   -9.163016616   -0.000000000
       1      34  -10.407720683    0.000000000
       1      35   -8.936794310   -0.000000000
       1      36   -9.440238298   -0.000000000
       1      37   -9.366019929    0.000000000
       1      38   -8.732003758    0.000000000
       1      39   -9.798185882    0.000000000
       1      40   -8.476873701   -0.000000000
       1      41   -9.022370006   -0.000000000
       1      42   -9.568478932    0.000000000
       1      43   -8.888921230    0.000000000
       1      44   -8.827921239    0.000000000
       1      45   -9.218238048    0.000000000
       1      46   -9.851039620    0.000000000
       1      47   -8.718689593   -0.000000000
       1      48   -9.482657384   -0.000000000
       1      49   -8.971341580   -0.000000000
       1      50   -9.887503868    0.000000000
       1      51   -8.885490233    0.000000000
       1      52   -9.165611474    0.000000000
       1      53   -9.327590350    0.000000000
       1      54   -9.821811027    0.000000000
       1      55   -9.384698542    0.000000000
       1      56   -9.846411279    0.000000000
       1      57   -9.400111622    0.000000000
       1      58   -9.490940232    0.000000000
       1      59   -8.798558472   -0.000000000
       1      60   -9.472966286    0.000000000
       1      61   -8.892485040    0.000000000
       1      62   -8.620632584   -0.000000000
       1      63   -8.988855358    0.000000000
       1      64   -8.941508998    0.000000000
       1      65   -9.180600667    0.000000000
       1      66   -9.378170592    0.000000000
       1      67   -8.826939554   -0.000000000
       1      68   -8.970557708    0.000000000
       1      69   -9.155823272   -0.000000000
       1      70   -8.843931791    0.000000000
       1      71   -9.437423011    0.000000000
       1      72   -8.634081533   -0.000000000
       1      73   -9.458344851    0.000000000
       1      74   -8.406069041   -0.000000000
       1      75   -8.548936677    0.000000000
       1      76   -9.507547855   -0.000000000
       1      77   -8.931033627    0.000000000
       1      78   -8.995868719    0.000000000
       1      79   -9.361702800   -0.000000000
       1      80   -9.110178522   -0.000000000
       1      81   -9.257869038   -0.000000000
       1      82   -8.659418649    0.000000000
       1      83   -9.602987411   -0.000000000
       1      84   -8.300943578    0.000000000
       1      85   -9.048567274    0.000000000
       1      86   -8.879781028   -0.000000000
       1      87   -9.052271661    0.000000000
       1      88   -8.783206639   -0.000000000
       1      89   -8.626011354    0.000000000
       1      90   -8.797745017    0.000000000
       1      91   -9.619041889   -0.000000000
       1      92   -8.566997270   -0.000000000
       1      93   -9.122522042   -0.000000000
       1      94   -8.830398007   -0.000000000
       1      95   -8.898961742    0.000000000
       1      96   -9.417127526   -0.000000000
       1      97   -8.852561804   -0.000000000
       1      98   -9.006440486    0.000000000
       1      99   -9.485015797   -0.000000000
       1     100   -9.308396907    0.000000000
       1     101   -9.004969702    0.000000000
       1     102   -9.114508335    0.000000000
 -0.000000000  0.250000000  0.750000000     102       0
       1       1  -10.694706420   -0.000000000
       1       2  -10.898195107   -0.000000000
       1       3  -10.045596046   -0.000000000
       1       4  -10.967379837    0.000000000
       1       5   -9.563323305   -0.000000000
       1       6  -10.103889255    0.000000000
       1       7  -10.215675643   -0.000000000
       1       8   -9.875207194   -0.000000000
       1       9   -9.550922871    0.000000000
       1      10   -9.907634301   -0.000000000
       1      11   -8.838363405   -0.000000000
       1      12  -10.616855244   -0.000000000
       1      13   -8.361211688    0.000000000
       1      14   -8.796817155   -0.000000000
       1      15  -10.628400986   -0.000000000
       1      16  -10.390685027   -0.000000000
       1      17  -10.533167768   -0.000000000
       1      18  -10.737545390    0.000000000
       1      19   -8.726577096    0.000000000
       1      20   -9.539110082    0.000000000
       1      21   -7.371833180   -0.000000000
       1      22   -9.953043631    0.000000000
       1      23   -9.383268708   -0.000000000
       1      24   -8.753072321    0.000000000
       1      25   -9.623037067   -0.000000000
       1      26   -9.990504789   -0.000000000
       1      27   -9.296717955   -0.000000000
       1      28   -8.790021865   -0.000000000
       1      29   -9.825339033   -0.000000000
       1      30   -9.018140194   -0.000000000
       1      31   -8.864220715   -0.000000000
       1      32  -10.582025902   -0.000000000
       1      33   -8.527371102    0.000000000
       1      34   -8.548959383   -0.000000000
       1      35   -8.902141902   -0.000000000
       1      36  -10.315151456    0.000000000
       1      37   -8.040521798   -0.000000000
       1      38   -9.834243620   -0.000000000
       1      39   -8.861084040   -0.000000000
       1      40   -9.411859386   -0.000000000
       1      41   -9.327155953    0.000000000
       1      42   -8.688195182    0.000000000
       1      43   -8.855610011    0.000000000
       1      44  -10.048839958   -0.000000000
       1      45   -9.225209401   -0.000000000
       1      46   -9.554505305   -0.000000000
       1      47   -8.947476942    0.000000000
       1      48   -8.146888799   -0.000000000
       1      49   -9.105594708   -0.000000000
       1      50   -8.939220512   -0.000000000
       1      51   -9.619266126   -0.000000000
       1      52   -8.497240418   -0.000000000
       1      53   -9.099521641   -0.000000000
       1      54   -9.111185774    0.000000000
       1      55   -8.259661309   -0.000000000
       1      56   -9.578402158   -0.000000000
       1      57   -9.331247840    0.000000000
       1      58   -9.253204142    0.000000000
       1      59   -8.404766497   -0.000000000
       1      60  -10.371698514    0.000000000
       1      61   -9.604599965    0.000000000
       1      62   -9.782555092    0.000000000
       1      63   -9.153028146   -0.000000000
       1      64   -9.599926072    0.000000000
       1      65   -9.146242711   -0.000000000
       1      66   -9.193110606    0.000000000
       1      67   -8.215560996    0.000000000
       1      68  -10.025552563   -0.000000000
       1      69   -9.479219379   -0.000000000
       1      70   -9.078307519    0.000000000
       1      71   -9.149095645   -0.000000000
       1      72   -8.615452702    0.000000000
       1      73   -9.022033831   -0.000000000
       1      74   -8.501822585    0.000000000
       1      75   -8.867788115    0.000000000
       1      76   -8.486338652    0.000000000
       1      77   -9.565859317   -0.000000000
       1      78   -9.004611048   -0.000000000
       1      79   -8.308880160    0.000000000
       1      80   -9.107952273    0.000000000
       1      81   -9.189363577    0.000000000
       1      82   -9.511423220   -0.000000000
       1      83  -10.386926398    0.000000000
       1      84   -8.349347136    0.000000000
       1      85   -9.304949799    0.000000000
       1      86   -9.120821988   -0.000000000
       1      87   -8.433849064    0.000000000
       1      88   -8.242882209    0.000000000
       1      89   -9.256623870    0.000000000
       1      90   -8.562515488   -0.000000000
       1      91   -9.338849656    0.000000000
       1      92   -8.988416071   -0.000000000
       1      93   -8.820616719   -0.000000000
       1      94   -8.968032466    0.000000000
       1      95   -9.758206772    0.000000000
       1      96   -9.436974137    0.000000000
       1      97   -8.627598529    0.000000000
       1      98   -9.647921098   -0.000000000
       1      99  -10.149418231   -0.000000000
       1     100   -8.877081692    0.000000000
       1     101   -8.893878045    0.000000000
       1     102   -9.276611005    0.000000000
  0.000000000  0.500000000  0.500000000     102       0
       1       1  -10.853957218    0.000000000
       1       2  -10.853957218    0.000000000
       1       3  -10.592186994    0.000000000
       1       4  -10.592186994    0.000000000
       1       5   -8.959245266   -0.000000000
       1       6   -8.959245266    0.000000000
       1       7  -10.550817610    0.000000000
       1       8  -10.550817610    0.000000000
       1       9  -10.567839138    0.000000000
       1      10  -10.567839138   -0.000000000
       1      11  -10.164034607   -0.000000000
       1      12  -10.164034607    0.000000000
       1      13  -10.263868028    0.000000000
       1      14  -10.263868028   -0.000000000
       1      15   -9.018321183   -0.000000000
       1      16   -9.018321183    0.000000000
       1      17   -8.053039139   -0.000000000
       1      18   -8.053039139   -0.000000000
       1      19   -9.176281931   -0.000000000
       1      20   -9.176281931   -0.000000000
       1      21   -8.498108028    0.000000000
       1      22   -8.498108028   -0.000000000
       1      23  -10.736291950   -0.000000000
       1      24  -10.736291950   -0.000000000
       1      25  -10.659848171   -0.000000000
       1      26  -10.659848171   -0.000000000
       1      27   -8.734273573   -0.000000000
       1      28   -8.734273574   -0.000000000
       1      29   -8.064678047   -0.000000000
       1      30   -8.064678047    0.000000000
       1      31   -9.365649312   -0.000000000
       1      32   -9.365649311    0.000000000
       1      33   -9.227791248   -0.000000000
       1      34   -9.227791248    0.000000000
       1      35   -9.256999613   -0.000000000
       1      36   -9.256999613   -0.000000000
       1      37   -9.079447208    0.000000000
       1      38   -9.079447208    0.000000000
       1      39   -7.978290471    0.000000000
       1      40   -7.978290471   -0.000000000
       1      41   -8.867456918    0.000000000
       1      42   -8.867456918   -0.000000000
       1      43  -10.104755835    0.000000000
       1      44  -10.104755836    0.000000000
       1      45  -10.613752246    0.000000000
       1      46  -10.613752246   -0.000000000
       1      47   -8.573748733    0.000000000
       1      48   -8.573748733   -0.000000000
       1      49  -10.270320172    0.000000000
       1      50  -10.270320173   -0.000000000
       1      51   -9.463096876   -0.000000000
       1      52   -9.463096876    0.000000000
       1      53   -9.085893489   -0.000000000
       1      54   -9.085893490    0.000000000
       1      55   -9.850874837    0.000000000
       1      56   -9.850874837    0.000000000
       1      57   -9.019566522    0.000000000
       1      58   -9.019566522   -0.000000000
       1      59   -8.658405238    0.000000000
       1      60   -8.658405238    0.000000000
       1      61   -8.767159560    0.000000000
       1      62   -8.767159560    0.000000000
       1      63   -9.041129815    0.000000000
       1      64   -9.041129816   -0.000000000
       1      65   -8.987630020    0.000000000
       1      66   -8.987630019    0.000000000
       1      67   -9.390221611    0.000000000
       1      68   -9.390221610   -0.000000000
       1      69   -9.537792760   -0.000000000
       1      70   -9.537792760   -0.000000000
       1      71   -8.234627384   -0.000000000
       1      72   -8.234627383    0.000000000
       1      73   -8.903544967    0.000000000
       1      74   -8.903544968   -0.000000000
       1      75   -8.671684011   -0.000000000
       1      76   -8.671684013   -0.000000000
       1      77   -9.154203096   -0.000000000
       1      78   -9.154203096    0.000000000
       1      79   -9.263353676   -0.000000000
       1      80   -9.263353676    0.000000000
       1      81   -9.036601450    0.000000000
       1      82   -9.036601452    0.000000000
       1      83   -9.366253556   -0.000000000
       1      84   -9.366253554    0.000000000
       1      85   -8.498443065   -0.000000000
       1      86   -8.498443069   -0.000000000
       1      87   -8.295664403    0.000000000
       1      88   -8.295664418   -0.000000000
       1      89   -8.728263530    0.000000000
       1      90   -8.728263533    0.000000000
       1      91   -8.605799479    0.000000000
       1      92   -8.605799476   -0.000000000
       1      93   -9.251149825   -0.000000000
       1      94   -9.251149830    0.000000000
       1      95   -9.386989331    0.000000000
       1      96   -9.386989329   -0.000000000
       1      97   -8.498507785   -0.000000000
       1      98   -8.498507784   -0.000000000
       1      99   -9.726389997   -0.000000000
       1     100   -9.726389987    0.000000000
       1     101   -9.200932048   -0.000000000
       1     102   -9.200932038    0.000000000
  0.250000000  0.500000000  0.750000000     102       0
       1       1  -10.978977447    0.000000000
       1       2  -10.978977447    0.000000000
       1       3   -9.970014765   -0.000000000
       1       4   -9.970014765   -0.000000000
       1       5   -9.557229840    0.000000000
       1       6   -9.557229840    0.000000000
       1       7  -10.034591636   -0.000000000
       1       8  -10.034591636   -0.000000000
       1       9  -10.609420209    0.000000000
       1      10  -10.609420209   -0.000000000
       1      11  -10.323908199    0.000000000
       1      12  -10.323908199    0.000000000
       1      13   -8.652916231    0.000000000
       1      14   -8.652916231    0.000000000
       1      15   -8.187876483    0.000000000
       1      16   -8.187876483    0.000000000
       1      17  -10.812458943    0.000000000
       1      18  -10.812458943   -0.000000000
       1      19  -10.949970354    0.000000000
       1      20  -10.949970354    0.000000000
       1      21   -9.126695671    0.000000000
       1      22   -9.126695671   -0.000000000
       1      23   -8.483170160   -0.000000000
       1      24   -8.483170160   -0.000000000
       1      25   -8.669863916   -0.000000000
       1      26   -8.669863916   -0.000000000
       1      27   -8.815053501   -0.000000000
       1      28   -8.815053501   -0.000000000
       1      29   -9.726056511    0.000000000
       1      30   -9.726056511    0.000000000
       1      31   -8.724719430    0.000000000
       1      32   -8.724719430    0.000000000
       1      33   -8.808508138    0.000000000
       1      34   -8.808508138    0.000000000
       1      35   -9.640187875    0.000000000
       1      36   -9.640187875   -0.000000000
       1      37   -9.463459981    0.000000000
       1      38   -9.463459981    0.000000000
       1      39   -9.660171709    0.000000000
       1      40   -9.660171709    0.000000000
       1      41   -9.953462155   -0.000000000
       1      42   -9.953462155    0.000000000
       1      43   -8.837271987   -0.000000000
       1      44   -8.837271987   -0.000000000
       1      45   -9.099445838    0.000000000
       1      46   -9.099445839   -0.000000000
       1      47   -9.252606305   -0.000000000
       1      48   -9.252606305    0.000000000
       1      49   -9.043334353   -0.000000000
       1      50   -9.043334353    0.000000000
       1      51   -9.185656473    0.000000000
       1      52   -9.185656473    0.000000000
       1      53   -8.397312975   -0.000000000
       1      54   -8.397312975   -0.000000000
       1      55   -9.719624658    0.000000000
       1      56   -9.719624658    0.000000000
       1      57   -9.779121384    0.000000000
       1      58   -9.779121385   -0.000000000
       1      59   -9.254310958    0.000000000
       1      60   -9.254310958    0.000000000
       1      61   -9.007737388   -0.000000000
       1      62   -9.007737387    0.000000000
       1      63   -9.194131541    0.000000000
       1      64   -9.194131541   -0.000000000
       1      65   -9.537383327   -0.000000000
       1      66   -9.537383327    0.000000000
       1      67   -9.478619447    0.000000000
       1      68   -9.478619446   -0.000000000
       1      69   -9.183125348    0.000000000
       1      70   -9.183125348   -0.000000000
       1      71   -8.666974166   -0.000000000
       1      72   -8.666974166   -0.000000000
       1      73   -9.056967055    0.000000000
       1      74   -9.056967058   -0.000000000
       1      75   -8.607886881   -0.000000000
       1      76   -8.607886881    0.000000000
       1      77   -8.605166668    0.000000000
       1      78   -8.605166667    0.000000000
       1      79   -8.618602635    0.000000000
       1      80   -8.618602636   -0.000000000
       1      81   -8.736754764    0.000000000
       1      82   -8.736754762    0.000000000
       1      83   -8.855878365    0.000000000
       1      84   -8.855878363    0.000000000
       1      85   -9.053574409   -0.000000000
       1      86   -9.053574415   -0.000000000
       1      87   -9.628178776   -0.000000000
       1      88   -9.628178767   -0.000000000
       1      89   -9.288217425   -0.000000000
       1      90   -9.288217422   -0.000000000
       1      91   -8.886768393   -0.000000000
       1      92   -8.886768393   -0.000000000
       1      93   -9.866053305    0.000000000
       1      94   -9.866053308   -0.000000000
       1      95   -8.286591974   -0.000000000
       1      96   -8.286591983   -0.000000000
       1      97   -8.254429582   -0.000000000
       1      98   -8.254429586   -0.000000000
       1      99   -7.968866766   -0.000000000
       1     100   -7.968866767   -0.000000000
       1     101   -9.423063813    0.000000000
       1     102   -9.423063779   -0.000000000
