  0.000000000  0.000000000  0.000000000      62       0
       1       1  -10.465993184    0.000000000
       1       2  -10.465993184   -0.000000000
       1       3  -11.333626393   -0.000000000
       1       4  -11.333626393    0.000000000
       1       5  -11.331131920    0.000000000
       1       6  -11.331131920    0.000000000
       1       7  -11.331131920    0.000000000
       1       8  -11.331131921    0.000000000
       1       9  -10.028765415   -0.000000000
       1      10  -10.028765415    0.000000000
       1      11  -10.023523407    0.000000000
       1      12  -10.023523407   -0.000000000
       1      13  -10.023523407   -0.000000000
       1      14  -10.023523407   -0.000000000
       1      15  -10.909787611   -0.000000000
       1      16  -10.909787611    0.000000000
       1      17  -10.062003937   -0.000000000
       1      18  -10.062003937    0.000000000
       1      19  -10.062003937    0.000000000
       1      20  -10.062003937   -0.000000000
       1      21   -7.660264824   -0.000000000
       1      22   -7.660264824    0.000000000
       1      23   -8.296697765   -0.000000000
       1      24   -8.296697764   -0.000000000
       1      25   -8.296607614   -0.000000000
       1      26   -8.296607614   -0.000000000
       1      27   -8.296607614   -0.000000000
       1      28   -8.296607614    0.000000000
       1      29   -6.479852938   -0.000000000
       1      30   -6.479852938   -0.000000000
       1      31  -10.056170735   -0.000000000
       1      32  -10.056170735   -0.000000000
       1      33  -10.055552219   -0.000000000
       1      34  -10.055552219   -0.000000000
       1      35  -10.055552219    0.000000000
       1      36  -10.055552220   -0.000000000
       1      37  -10.776074063    0.000000000
       1      38  -10.776074062   -0.000000000
       1      39  -10.776074063   -0.000000000
       1      40  -10.776074063    0.000000000
       1      41  -10.427023798   -0.000000000
       1      42  -10.427023798   -0.000000000
       1      43  -10.432520814    0.000000000
       1      44  -10.432520813    0.000000000
       1      45  -10.432520813    0.000000000
       1      46  -10.432520813    0.000000000
       1      47  -10.091130034    0.000000000
       1      48  -10.091130034    0.000000000
       1      49  -10.091130035   -0.000000000
       1      50  -10.091130034    0.000000000
       1      51  -10.091130033    0.000000000
       1      52  -10.091130035   -0.000000000
       1      53   -9.569824716   -0.000000000
       1      54   -9.569824716   -0.000000000
       1      55   -9.569824716    0.000000000
       1      56   -9.569824717    0.000000000
       1      57   -9.576157698    0.000000000
       1      58   -9.576157699   -0.000000000
       1      59   -7.664842083    0.000000000
       1      60   -7.664842077    0.000000000
       1      61   -9.159806812    0.000000000
       1      62   -9.159806809    0.000000000
 -0.000000000 -0.000000000  0.250000000      62       0
       1       1  -10.542804309    0.000000000
       1       2  -10.542804309    0.000000000
       1       3  -10.665200310    0.000000000
       1       4  -10.665200310    0.000000000
       1       5  -11.094490667    0.000000000
       1       6  -11.094490668   -0.000000000
       1       7  -11.092104783    0.000000000
       1       8  -11.092104783    0.000000000
       1       9  -10.089551095    0.000000000
       1      10  -10.089551095    0.000000000
       1      11  -10.070657344   -0.000000000
       1      12  -10.070657345   -0.000000000
       1      13  -10.067080133    0.000000000
       1      14  -10.067080133    0.000000000
       1      15  -10.432886448   -0.000000000
       1      16  -10.432886448   -0.000000000
       1      17   -9.642084358   -0.000000000
       1      18   -9.642084360   -0.000000000
       1      19   -9.643297260   -0.000000000
       1      20   -9.643297260   -0.000000000
       1      21   -7.846048094    0.000000000
       1      22   -7.846048094    0.000000000
       1      23   -8.595263424   -0.000000000
       1      24   -8.595263425   -0.000000000
       1      25   -9.448975475   -0.000000000
       1      26   -9.448975475   -0.000000000
       1      27   -9.447407140   -0.000000000
       1      28   -9.447407139    0.000000000
       1      29   -9.670253248    0.000000000
       1      30   -9.670253246   -0.000000000
       1      31   -9.670589914    0.000000000
       1      32   -9.670589912   -0.000000000
       1      33   -9.593660736   -0.000000000
       1      34   -9.593660736   -0.000000000
       1      35   -7.596803826   -0.000000000
       1      36   -7.596803823    0.000000000
       1      37  -10.527330315   -0.000000000
       1      38  -10.527330317   -0.000000000
       1      39  -10.527158906    0.000000000
       1      40  -10.527158913   -0.000000000
       1      41  -10.611607413    0.000000000
       1      42  -10.611607412    0.000000000
       1      43  -10.615606369    0.000000000
       1      44  -10.615606374    0.000000000
       1      45  -10.500478710   -0.000000000
       1      46  -10.500478716   -0.000000000
       1      47   -9.028208065   -0.000000000
       1      48   -9.028208071   -0.000000000
       1      49  -10.231299259    0.000000000
       1      50  -10.231299277    0.000000000
       1      51   -9.214919468    0.000000000
       1      52   -9.214919463   -0.000000000
       1      53   -9.214677409   -0.000000000
       1      54   -9.214677416   -0.000000000
       1      55   -9.130747657    0.000000000
       1      56   -9.130747655    0.000000000
       1      57   -9.130261743   -0.000000000
       1      58   -9.130261740    0.000000000
       1      59   -9.534603187   -0.000000000
       1      60   -9.534603173    0.000000000
       1      61   -9.532961269   -0.000000000
       1      62   -9.532961265    0.000000000
 -0.000000000 -0.000000000  0.500000000      62       0
       1       1  -10.855908099    0.000000000
       1       2  -10.855908099    0.000000000
       1       3  -10.199396848    0.000000000
       1       4  -10.199396847    0.000000000
       1       5  -11.067283552    0.000000000
       1       6  -11.067283552    0.000000000
       1       7  -11.065385576    0.000000000
       1       8  -11.065385576    0.000000000
       1       9  -10.076082699    0.000000000
       1      10  -10.076082699    0.000000000
       1      11   -9.650538588    0.000000000
       1      12   -9.650538588    0.000000000
       1      13   -9.646135796    0.000000000
       1      14   -9.646135796    0.000000000
       1      15   -7.698893829    0.000000000
       1      16   -7.698893829    0.000000000
       1      17  -10.229159652   -0.000000000
       1      18  -10.229159651   -0.000000000
       1      19  -10.229331617    0.000000000
       1      20  -10.229331617   -0.000000000
       1      21   -9.958565603    0.000000000
       1      22   -9.958565602   -0.000000000
       1      23   -9.994657483    0.000000000
       1      24   -9.994657484   -0.000000000
       1      25   -9.757922331   -0.000000000
       1      26   -9.757922330   -0.000000000
       1      27  -10.281348689   -0.000000000
       1      28  -10.281348689    0.000000000
       1      29   -9.864888601   -0.000000000
       1      30   -9.864888599   -0.000000000
       1      31   -9.215771111    0.000000000
       1      32   -9.215771110   -0.000000000
       1      33   -8.909287937   -0.000000000
       1      34   -8.909287943   -0.000000000
       1      35   -8.907421388    0.000000000
       1      36   -8.907421389   -0.000000000
       1      37  -10.170337614    0.000000000
       1      38  -10.170337615   -0.000000000
       1      39  -10.171828377   -0.000000000
       1      40  -10.171828378    0.000000000
       1      41   -8.049919939   -0.000000000
       1      42   -8.049919941   -0.000000000
       1      43   -9.771505559   -0.000000000
       1      44   -9.771505550   -0.000000000
       1      45   -9.772784591    0.000000000
       1      46   -9.772784592   -0.000000000
       1      47  -10.746969182    0.000000000
       1      48  -10.746969180   -0.000000000
       1      49  -10.753982702    0.000000000
       1      50  -10.753982700    0.000000000
       1      51   -7.236868762   -0.000000000
       1      52   -7.236868759   -0.000000000
       1      53  -10.622611740    0.000000000
       1      54  -10.622611740   -0.000000000
       1      55   -8.611887679    0.000000000
       1      56   -8.611887679    0.000000000
       1      57   -8.610003610   -0.000000000
       1      58   -8.610003612   -0.000000000
       1      59   -9.097873858   -0.000000000
       1      60   -9.097873832   -0.000000000
       1      61   -9.095620101    0.000000000
       1      62   -9.095620077    0.000000000
  0.000000000  0.250000000  0.250000000      62       0
       1       1  -10.559043627    0.000000000
       1       2  -10.559043627   -0.000000000
       1       3  -11.198149108    0.000000000
       1       4  -11.198149108    0.000000000
       1       5  -10.727510765    0.000000000
       1       6  -10.727510765    0.000000000
       1       7  -10.723409007    0.000000000
       1       8  -10.723409007   -0.000000000
       1       9   -9.354338447    0.000000000
       1      10   -9.354338447    0.000000000
       1      11   -9.130411534   -0.000000000
       1      12   -9.130411534   -0.000000000
       1      13  -10.591751911    0.000000000
       1      14  -10.591751910    0.000000000
       1      15  -10.599646845   -0.000000000
       1      16  -10.599646845   -0.000000000
       1      17  -10.713979462   -0.000000000
       1      18  -10.713979462    0.000000000
       1      19  -10.085727599    0.000000000
       1      20  -10.085727599    0.000000000
       1      21   -8.389825499   -0.000000000
       1      22   -8.389825500   -0.000000000
       1      23   -8.859988746    0.000000000
       1      24   -8.859988746   -0.000000000
       1      25   -8.857598750    0.000000000
       1      26   -8.857598751    0.000000000
       1      27   -8.262691194   -0.000000000
       1      28   -8.262691193   -0.000000000
       1      29   -9.609639198   -0.000000000
       1      30   -9.609639198    0.000000000
       1      31   -9.609564007    0.000000000
       1      32   -9.609564007   -0.000000000
       1      33  -10.337241571    0.000000000
       1      34  -10.337241571    0.000000000
       1      35  -10.366137484    0.000000000
       1      36  -10.366137484   -0.000000000
       1      37   -8.811706017   -0.000000000
       1      38   -8.811706015   -0.000000000
       1      39   -9.097166967   -0.000000000
       1      40   -9.097166966   -0.000000000
       1      41  -10.210557310   -0.000000000
       1      42  -10.210557312    0.000000000
       1      43  -10.598647040    0.000000000
       1      44  -10.598647040   -0.000000000
       1      45  -10.599218757   -0.000000000
       1      46  -10.599218757   -0.000000000
       1      47   -8.979375691    0.000000000
       1      48   -8.979375692    0.000000000
       1      49   -8.979434024    0.000000000
       1      50   -8.979434022    0.000000000
       1      51   -9.765281820   -0.000000000
       1      52   -9.765281818   -0.000000000
       1      53   -8.910340549   -0.000000000
       1      54   -8.910340552   -0.000000000
       1      55  -10.025154465    0.000000000
       1      56  -10.025154461    0.000000000
       1      57   -8.997013793   -0.000000000
       1      58   -8.997013791   -0.000000000
       1      59  -10.170949611   -0.000000000
       1      60  -10.170949637    0.000000000
       1      61  -10.172150350    0.000000000
       1      62  -10.172150350    0.000000000
 -0.000000000  0.250000000  0.500000000      62       0
       1       1  -10.792098097    0.000000000
       1       2  -10.792098097    0.000000000
       1       3  -10.762789301    0.000000000
       1       4  -10.762789301    0.000000000
       1       5  -10.212071132    0.000000000
       1       6  -10.212071132    0.000000000
       1       7  -10.719717078   -0.000000000
       1       8  -10.719717078    0.000000000
       1       9   -9.198712555    0.000000000
       1      10   -9.198712555   -0.000000000
       1      11   -9.599214527    0.000000000
       1      12   -9.599214527   -0.000000000
       1      13  -10.414263407   -0.000000000
       1      14  -10.414263407    0.000000000
       1      15  -10.092111928    0.000000000
       1      16  -10.092111928    0.000000000
       1      17   -9.761235998   -0.000000000
       1      18   -9.761235998    0.000000000
       1      19  -10.171861765   -0.000000000
       1      20  -10.171861765    0.000000000
       1      21  -10.352494505   -0.000000000
       1      22  -10.352494505   -0.000000000
       1      23  -10.009490004   -0.000000000
       1      24  -10.009490004    0.000000000
       1      25   -9.089187518    0.000000000
       1      26   -9.089187518   -0.000000000
       1      27   -9.302464802   -0.000000000
       1      28   -9.302464802   -0.000000000
       1      29   -9.858579582    0.000000000
       1      30   -9.858579582    0.000000000
       1      31  -10.555183382    0.000000000
       1      32  -10.555183383    0.000000000
       1      33   -9.329226053   -0.000000000
       1      34   -9.329226053    0.000000000
       1      35   -9.422355896   -0.000000000
       1      36   -9.422355896   -0.000000000
       1      37   -9.293798390   -0.000000000
       1      38   -9.293798391   -0.000000000
       1      39   -9.119060196   -0.000000000
       1      40   -9.119060196   -0.000000000
       1      41  -10.127163245   -0.000000000
       1      42  -10.127163245    0.000000000
       1      43   -9.192137383    0.000000000
       1      44   -9.192137384    0.000000000
       1      45   -8.886883839    0.000000000
       1      46   -8.886883840   -0.000000000
       1      47   -8.341442457    0.000000000
       1      48   -8.341442457    0.000000000
       1      49   -9.836716630   -0.000000000
       1      50   -9.836716630    0.000000000
       1      51   -9.204166679   -0.000000000
       1      52   -9.204166677    0.000000000
       1      53   -9.616336646    0.000000000
       1      54   -9.616336646    0.000000000
       1      55   -8.920848080    0.000000000
       1      56   -8.920848081    0.000000000
       1      57   -8.637642470   -0.000000000
       1      58   -8.637642474    0.000000000
       1      59   -8.909739910    0.000000000
       1      60   -8.909739908    0.000000000
       1      61   -8.976377760   -0.000000000
       1      62   -8.976377764    0.000000000
 -0.000000000  0.250000000  0.750000000      62       0
       1       1  -10.694707573    0.000000000
       1       2  -10.694707573    0.000000000
       1       3  -10.898196029   -0.000000000
       1       4  -10.898196029    0.000000000
       1       5  -10.045611738    0.000000000
       1       6  -10.045611738    0.000000000
       1       7  -10.967336595    0.000000000
       1       8  -10.967336595   -0.000000000
       1       9   -9.563342119    0.000000000
       1      10   -9.563342120    0.000000000
       1      11  -10.103861207    0.000000000
       1      12  -10.103861207    0.000000000
       1      13  -10.215664237   -0.000000000
       1      14  -10.215664237   -0.000000000
       1      15   -9.875159610   -0.000000000
       1      16   -9.875159610   -0.000000000
       1      17   -9.550964031    0.000000000
       1      18   -9.550964031   -0.000000000
       1      19   -9.907650666   -0.000000000
       1      20   -9.907650666   -0.000000000
       1      21   -8.838325817   -0.000000000
       1      22   -8.838325817    0.000000000
       1      23  -10.616771103   -0.000000000
       1      24  -10.616771103    0.000000000
       1      25   -8.361365004   -0.000000000
       1      26   -8.361365004    0.000000000
       1      27   -8.797166068   -0.000000000
       1      28   -8.797166068   -0.000000000
       1      29  -10.628397454   -0.000000000
       1      30  -10.628397454   -0.000000000
       1      31  -10.390380670    0.000000000
       1      32  -10.390380670    0.000000000
       1      33  -10.533128341   -0.000000000
       1      34  -10.533128341    0.000000000
       1      35  -10.737520726   -0.000000000
       1      36  -10.737520726   -0.000000000
       1      37   -8.726600134    0.000000000
       1      38   -8.726600134    0.000000000
       1      39   -9.539060871    0.000000000
       1      40   -9.539060872   -0.000000000
       1      41   -7.372065541    0.000000000
       1      42   -7.372065541   -0.000000000
       1      43   -9.952898253   -0.000000000
       1      44   -9.952898253   -0.000000000
       1      45   -9.383062548   -0.000000000
       1      46   -9.383062548    0.000000000
       1      47   -8.753311671   -0.000000000
       1      48   -8.753311671    0.000000000
       1      49   -9.623018943   -0.000000000
       1      50   -9.623018944   -0.000000000
       1      51   -9.990486799   -0.000000000
       1      52   -9.990486799   -0.000000000
       1      53   -9.296732881   -0.000000000
       1      54   -9.296732882   -0.000000000
       1      55   -8.790068588   -0.000000000
       1      56   -8.790068589   -0.000000000
       1      57   -9.825295745    0.000000000
       1      58   -9.825295743    0.000000000
       1      59   -9.018181767    0.000000000
       1      60   -9.018181765   -0.000000000
       1      61   -8.864238349   -0.000000000
       1      62   -8.864238369   -0.000000000
  0.000000000  0.500000000  0.500000000      62       0
       1       1  -10.853957819    0.000000000
       1       2  -10.853957820    0.000000000
       1       3  -10.853957820   -0.000000000
       1       4  -10.853957819    0.000000000
       1       5  -10.592182781   -0.000000000
       1       6  -10.592182781    0.000000000
       1       7  -10.592182781    0.000000000
       1       8  -10.592182781    0.000000000
       1       9   -8.959239810    0.000000000
       1      10   -8.959239810    0.000000000
       1      11   -8.959239810    0.000000000
       1      12   -8.959239810    0.000000000
       1      13  -10.550763162   -0.000000000
       1      14  -10.550763162   -0.000000000
       1      15  -10.550763162    0.000000000
       1      16  -10.550763162    0.000000000
       1      17  -10.567861199   -0.000000000
       1      18  -10.567861199   -0.000000000
       1      19  -10.567861199   -0.000000000
       1      20  -10.567861199   -0.000000000
       1      21  -10.164035259   -0.000000000
       1      22  -10.164035260    0.000000000
       1      23  -10.164035256   -0.000000000
       1      24  -10.164035257   -0.000000000
       1      25  -10.263886604    0.000000000
       1      26  -10.263886604   -0.000000000
       1      27  -10.263886604   -0.000000000
       1      28  -10.263886604   -0.000000000
       1      29   -9.018329516   -0.000000000
       1      30   -9.018329517   -0.000000000
       1      31   -9.018329516   -0.000000000
       1      32   -9.018329515    0.000000000
       1      33   -8.053201748    0.000000000
       1      34   -8.053201746   -0.000000000
       1      35   -8.053201746    0.000000000
       1      36   -8.053201747   -0.000000000
       1      37   -9.176156222   -0.000000000
       1      38   -9.176156223   -0.000000000
       1      39   -9.176156223   -0.000000000
       1      40   -9.176156221    0.000000000
       1      41   -8.498109658    0.000000000
       1      42   -8.498109656    0.000000000
       1      43   -8.498109662   -0.000000000
       1      44   -8.498109666    0.000000000
       1      45  -10.736294515    0.000000000
       1      46  -10.736294515   -0.000000000
       1      47  -10.736294514   -0.000000000
       1      48  -10.736294515    0.000000000
       1      49  -10.659831150    0.000000000
       1      50  -10.659831137    0.000000000
       1      51  -10.659831142   -0.000000000
       1      52  -10.659831141    0.000000000
       1      53   -8.726842780   -0.000000000
       1      54   -8.726842787   -0.000000000
       1      55   -8.726842788   -0.000000000
       1      56   -8.726842783   -0.000000000
       1      57   -8.072157684   -0.000000000
       1      58   -8.072157691   -0.000000000
       1      59   -8.072157693   -0.000000000
       1      60   -8.072157712   -0.000000000
       1      61   -9.365655503   -0.000000000
       1      62   -9.365655485   -0.000000000
  0.250000000  0.500000000  0.750000000      62       0
       1       1  -10.979089722    0.000000000
       1       2  -10.979089722    0.000000000
       1       3  -10.978862945   -0.000000000
       1       4  -10.978862945    0.000000000
       1       5   -9.971518644    0.000000000
       1       6   -9.971518644    0.000000000
       1       7   -9.968488793    0.000000000
       1       8   -9.968488793    0.000000000
       1       9   -9.557506662    0.000000000
       1      10   -9.557506662   -0.000000000
       1      11   -9.557100554   -0.000000000
       1      12   -9.557100554    0.000000000
       1      13  -10.037351550   -0.000000000
       1      14  -10.037351550    0.000000000
       1      15  -10.031671291   -0.000000000
       1      16  -10.031671291   -0.000000000
       1      17  -10.608162993    0.000000000
       1      18  -10.608162993   -0.000000000
       1      19  -10.610672930    0.000000000
       1      20  -10.610672930    0.000000000
       1      21  -10.321974643    0.000000000
       1      22  -10.321974643   -0.000000000
       1      23  -10.325856752   -0.000000000
       1      24  -10.325856752    0.000000000
       1      25   -8.654187245    0.000000000
       1      26   -8.654187245    0.000000000
       1      27   -8.651685164    0.000000000
       1      28   -8.651685164    0.000000000
       1      29   -8.189714662   -0.000000000
       1      30   -8.189714662   -0.000000000
       1      31   -8.186665600    0.000000000
       1      32   -8.186665600    0.000000000
       1      33  -10.812065529   -0.000000000
       1      34  -10.812065529   -0.000000000
       1      35  -10.812205915    0.000000000
       1      36  -10.812205915   -0.000000000
       1      37  -10.948584589   -0.000000000
       1      38  -10.948584589    0.000000000
       1      39  -10.951355473   -0.000000000
       1      40  -10.951355473   -0.000000000
       1      41   -9.126992878   -0.000000000
       1      42   -9.126992878   -0.000000000
       1      43   -9.126452311   -0.000000000
       1      44   -9.126452311   -0.000000000
       1      45   -8.483140898    0.000000000
       1      46   -8.483140896    0.000000000
       1      47   -8.483216117   -0.000000000
       1      48   -8.483216117   -0.000000000
       1      49   -8.669815615   -0.000000000
       1      50   -8.669815614   -0.000000000
       1      51   -8.669929958    0.000000000
       1      52   -8.669929957    0.000000000
       1      53   -8.814632598    0.000000000
       1      54   -8.814632598    0.000000000
       1      55   -8.815495764   -0.000000000
       1      56   -8.815495766   -0.000000000
       1      57   -9.727260737    0.000000000
       1      58   -9.727260750   -0.000000000
       1      59   -9.724848830    0.000000000
       1      60   -9.724848835    0.000000000
       1      61   -8.726740202    0.000000000
       1      62   -8.726740458    0.000000000
