# k =   0.000000   0.000000   0.000000 spin = 1
# <ib|Sigma_CH[1..Nb]|ib> (eV), partial and symmetrized sum with up to Nb "inner" bands
# Reporting only VBM and CBM, use 'full_ch_conv_log 1' keyword for full report.
# 1/N extrap for CH(vbm) CH(cbm) diff =  -1.08300627E+01  -9.82207191E+00   1.00799082E+00
# Error est. for CH(vbm) CH(cbm) diff =   2.88372211E-01   2.23896090E-01  -6.44761210E-02
#    Nb          CH(vbm)          CH(cbm)             diff
      1  -2.38950283E-01  -2.00843256E-01   3.81070269E-02
      2  -4.77900567E-01  -4.01686510E-01   7.62140567E-02
      3  -7.45678491E-01  -5.75427808E-01   1.70250683E-01
      4  -1.01345642E+00  -7.49169106E-01   2.64287310E-01
      5  -1.91006350E+00  -9.76386788E-01   9.33676707E-01
      6  -2.80667057E+00  -1.20345161E+00   1.60321896E+00
      7  -3.83311278E+00  -1.34334966E+00   2.48976312E+00
      8  -4.85955499E+00  -1.48337260E+00   3.37618239E+00
      9  -4.97770784E+00  -2.90212984E+00   2.07557800E+00
     10  -5.09586069E+00  -4.32088707E+00   7.74973613E-01
     11  -5.18223797E+00  -4.58055658E+00   6.01681385E-01
     12  -5.26861525E+00  -4.84022610E+00   4.28389157E-01
     13  -5.36221256E+00  -4.96321392E+00   3.98998641E-01
     14  -5.45580986E+00  -5.08620173E+00   3.69608128E-01
     15  -5.52605658E+00  -5.20101067E+00   3.25045902E-01
     16  -5.59630329E+00  -5.31581961E+00   2.80483678E-01
     17  -5.74543989E+00  -5.54844933E+00   1.96990557E-01
     18  -5.89457642E+00  -5.78107905E+00   1.13497372E-01
     19  -6.06316743E+00  -5.84415256E+00   2.19014868E-01
     20  -6.23173522E+00  -5.90722607E+00   3.24509149E-01
     21  -6.30602109E+00  -6.05029355E+00   2.55727538E-01
     22  -6.38030696E+00  -6.19336103E+00   1.86945927E-01
     23  -6.53773359E+00  -6.27037086E+00   2.67362731E-01
     24  -6.69516023E+00  -6.34738069E+00   3.47779535E-01
     25  -6.84663362E+00  -6.39361427E+00   4.53019350E-01
     26  -6.99810700E+00  -6.43987857E+00   5.58228436E-01
     27  -7.11679473E+00  -6.51240538E+00   6.04389343E-01
     28  -7.23548245E+00  -6.58487135E+00   6.50611098E-01
     29  -7.31488062E+00  -6.64805466E+00   6.66825954E-01
     30  -7.39427879E+00  -6.71123797E+00   6.83040811E-01
     31  -7.47285141E+00  -6.78710990E+00   6.85741508E-01
     32  -7.55142404E+00  -6.86298183E+00   6.88442205E-01
     33  -7.58593441E+00  -6.90704734E+00   6.78887077E-01
     34  -7.62044478E+00  -6.95111277E+00   6.69332013E-01
     35  -7.65831852E+00  -6.99616125E+00   6.62157262E-01
     36  -7.69619225E+00  -7.04120978E+00   6.54982476E-01
     37  -7.74625897E+00  -7.11050793E+00   6.35751041E-01
     38  -7.79632569E+00  -7.17980359E+00   6.16522095E-01
     39  -7.83921612E+00  -7.26665560E+00   5.72560521E-01
     40  -7.88210656E+00  -7.35350810E+00   5.28598454E-01
     41  -7.90349621E+00  -7.40287066E+00   5.00625550E-01
     42  -7.92488587E+00  -7.45223322E+00   4.72652647E-01
     43  -7.96493340E+00  -7.49785212E+00   4.67081280E-01
     44  -8.00498092E+00  -7.54347101E+00   4.61509905E-01
     45  -8.07391989E+00  -7.58648240E+00   4.87437495E-01
     46  -8.14285887E+00  -7.62949378E+00   5.13365086E-01
     47  -8.20958176E+00  -7.66649020E+00   5.43091556E-01
     48  -8.27623507E+00  -7.70359984E+00   5.72635229E-01
     49  -8.37048419E+00  -7.73531937E+00   6.35164812E-01
     50  -8.46491552E+00  -7.76652752E+00   6.98387996E-01
     51  -8.51345156E+00  -7.79289609E+00   7.20555467E-01
     52  -8.56179759E+00  -7.81954803E+00   7.42249563E-01
     53  -8.61105274E+00  -7.84993521E+00   7.61117530E-01
     54  -8.66030789E+00  -7.88032239E+00   7.79985498E-01
     55  -8.67698624E+00  -7.91117753E+00   7.65808713E-01
     56  -8.69366460E+00  -7.94203267E+00   7.51631921E-01
     57  -8.71668498E+00  -7.96193084E+00   7.54754148E-01
     58  -8.73970537E+00  -7.98182900E+00   7.57876373E-01
     59  -8.75937985E+00  -8.00462667E+00   7.54753172E-01
     60  -8.77905345E+00  -8.02742435E+00   7.51629100E-01
     61  -8.79450743E+00  -8.06407608E+00   7.30431343E-01
     62  -8.80994807E+00  -8.10072782E+00   7.09220252E-01
     63  -8.82964917E+00  -8.12066770E+00   7.08981466E-01
     64  -8.84935027E+00  -8.14060759E+00   7.08742680E-01
     65  -8.86573449E+00  -8.16840060E+00   6.97333898E-01
     66  -8.88211872E+00  -8.19623552E+00   6.85883197E-01
     67  -8.90408495E+00  -8.21717033E+00   6.86914617E-01
     68  -8.92605117E+00  -8.23823054E+00   6.87820639E-01
     69  -8.94421192E+00  -8.25548195E+00   6.88729970E-01
     70  -8.96237266E+00  -8.27273336E+00   6.89639300E-01
     71  -8.98459214E+00  -8.29216327E+00   6.92428869E-01
     72  -9.00681162E+00  -8.31165197E+00   6.95159646E-01
     73  -9.02363504E+00  -8.33337915E+00   6.90255895E-01
     74  -9.04045847E+00  -8.35512902E+00   6.85329454E-01
     75  -9.06411553E+00  -8.37760291E+00   6.86512622E-01
     76  -9.08777259E+00  -8.40007680E+00   6.87695793E-01
     77  -9.10638156E+00  -8.42152948E+00   6.84852084E-01
     78  -9.12499053E+00  -8.44298216E+00   6.82008372E-01
     79  -9.14132367E+00  -8.45936340E+00   6.81960276E-01
     80  -9.15765681E+00  -8.47574464E+00   6.81912174E-01
     81  -9.18194024E+00  -8.49286404E+00   6.89076199E-01
     82  -9.20622366E+00  -8.50998344E+00   6.96240223E-01
     83  -9.22840270E+00  -8.52280067E+00   7.05602026E-01
     84  -9.25035913E+00  -8.53489141E+00   7.15467723E-01
     85  -9.26734051E+00  -8.55084297E+00   7.16497541E-01
     86  -9.28426241E+00  -8.56661837E+00   7.17644039E-01
     87  -9.30284777E+00  -8.57950040E+00   7.23347367E-01
     88  -9.32148150E+00  -8.59253931E+00   7.28942195E-01
     89  -9.34170366E+00  -8.60381601E+00   7.37887650E-01
     90  -9.36192582E+00  -8.61509271E+00   7.46833105E-01
     91  -9.38032402E+00  -8.62969427E+00   7.50629754E-01
     92  -9.39872222E+00  -8.64429277E+00   7.54429458E-01
     93  -9.40882726E+00  -8.65710813E+00   7.51719131E-01
     94  -9.41893230E+00  -8.66992656E+00   7.49005741E-01
     95  -9.43132022E+00  -8.68048162E+00   7.50838597E-01
     96  -9.44352136E+00  -8.69057469E+00   7.52946674E-01
     97  -9.45983313E+00  -8.69996827E+00   7.59864854E-01
     98  -9.47610194E+00  -8.70925211E+00   7.66849830E-01
     99  -9.49289692E+00  -8.71953336E+00   7.73363558E-01
    100  -9.51005458E+00  -8.73073814E+00   7.79316438E-01
    101  -9.51832453E+00  -8.74163100E+00   7.76693528E-01
    102  -9.52659447E+00  -8.75252386E+00   7.74070617E-01
    103  -9.53603355E+00  -8.76482282E+00   7.71210726E-01
    104  -9.54547262E+00  -8.77712179E+00   7.68350834E-01
    105  -9.55679439E+00  -8.78841015E+00   7.68384233E-01
    106  -9.56811615E+00  -8.79970030E+00   7.68415851E-01
    107  -9.58374356E+00  -8.81280188E+00   7.70941678E-01
    108  -9.59937096E+00  -8.82590986E+00   7.73461099E-01
    109  -9.61086812E+00  -8.83975783E+00   7.71110294E-01
    110  -9.62236528E+00  -8.85360579E+00   7.68759489E-01
    111  -9.63267277E+00  -8.86250206E+00   7.70170711E-01
    112  -9.64298026E+00  -8.87139833E+00   7.71581934E-01
    113  -9.65142031E+00  -8.88089771E+00   7.70522595E-01
    114  -9.65986035E+00  -8.89039710E+00   7.69463255E-01
    115  -9.67253223E+00  -8.89856735E+00   7.73964879E-01
    116  -9.68520412E+00  -8.90673761E+00   7.78466505E-01
    117  -9.69328437E+00  -8.91551916E+00   7.77765209E-01
    118  -9.70136463E+00  -8.92430072E+00   7.77063914E-01
    119  -9.71070757E+00  -8.93223250E+00   7.78475079E-01
    120  -9.72005052E+00  -8.94016264E+00   7.79887876E-01
    121  -9.72959339E+00  -8.94759885E+00   7.81994536E-01
    122  -9.73913625E+00  -8.95503646E+00   7.84099796E-01
    123  -9.74976843E+00  -8.96297412E+00   7.86794314E-01
    124  -9.76040061E+00  -8.97091177E+00   7.89488832E-01
    125  -9.76826861E+00  -8.97914013E+00   7.89128485E-01
    126  -9.77613661E+00  -8.98736848E+00   7.88768123E-01
    127  -9.78534071E+00  -8.99441739E+00   7.90923321E-01
    128  -9.79454483E+00  -9.00146631E+00   7.93078520E-01
    129  -9.79994082E+00  -9.00651613E+00   7.93424691E-01
    130  -9.80533834E+00  -9.01156595E+00   7.93772389E-01
    131  -9.81038253E+00  -9.01636186E+00   7.94020672E-01
    132  -9.81542619E+00  -9.02115777E+00   7.94268420E-01
    133  -9.82200262E+00  -9.02753619E+00   7.94466426E-01
    134  -9.82857904E+00  -9.03391461E+00   7.94664433E-01
    135  -9.83947064E+00  -9.04054637E+00   7.98924263E-01
    136  -9.85036223E+00  -9.04717142E+00   8.03190807E-01
    137  -9.85655414E+00  -9.05212498E+00   8.04429160E-01
    138  -9.86274605E+00  -9.05707024E+00   8.05675811E-01
    139  -9.86913460E+00  -9.06262872E+00   8.06505886E-01
    140  -9.87552315E+00  -9.06818719E+00   8.07335960E-01
    141  -9.88396558E+00  -9.07265632E+00   8.11309264E-01
    142  -9.89240802E+00  -9.07712545E+00   8.15282568E-01
    143  -9.89672738E+00  -9.08118203E+00   8.15545346E-01
    144  -9.90104674E+00  -9.08523861E+00   8.15808124E-01
    145  -9.90808958E+00  -9.09203206E+00   8.16057516E-01
    146  -9.91513243E+00  -9.09882552E+00   8.16306909E-01
    147  -9.92232635E+00  -9.10642337E+00   8.15902980E-01
    148  -9.92956775E+00  -9.11378822E+00   8.15779528E-01
    149  -9.93721884E+00  -9.11998539E+00   8.17233448E-01
    150  -9.94490919E+00  -9.12586197E+00   8.19047213E-01
    151  -9.95324341E+00  -9.13126237E+00   8.21981043E-01
    152  -9.96161300E+00  -9.13651939E+00   8.25093610E-01
    153  -9.97114855E+00  -9.14208646E+00   8.29062092E-01
    154  -9.98068410E+00  -9.14765542E+00   8.33028680E-01
    155  -9.98992744E+00  -9.15461352E+00   8.35313929E-01
    156  -9.99917079E+00  -9.16157275E+00   8.37598033E-01
    157  -1.00074843E+01  -9.16612761E+00   8.41356712E-01
    158  -1.00158042E+01  -9.17066427E+00   8.45139886E-01
    159  -1.00240251E+01  -9.17598015E+00   8.48044963E-01
    160  -1.00322294E+01  -9.18131851E+00   8.50910878E-01
    161  -1.00396255E+01  -9.18913286E+00   8.50492671E-01
    162  -1.00470015E+01  -9.19698442E+00   8.50017112E-01
    163  -1.00507467E+01  -9.20183047E+00   8.48916273E-01
    164  -1.00544920E+01  -9.20667653E+00   8.47815434E-01
    165  -1.00613486E+01  -9.21293181E+00   8.48416809E-01
    166  -1.00682053E+01  -9.21918666E+00   8.49018608E-01
    167  -1.00751019E+01  -9.22249380E+00   8.52608116E-01
    168  -1.00819986E+01  -9.22579720E+00   8.56201354E-01
    169  -1.00861077E+01  -9.22999948E+00   8.56108181E-01
    170  -1.00902168E+01  -9.23420177E+00   8.56015008E-01
    171  -1.00941193E+01  -9.23833838E+00   8.55780963E-01
    172  -1.00980219E+01  -9.24247499E+00   8.55546917E-01
    173  -1.01031356E+01  -9.24579109E+00   8.57344479E-01
    174  -1.01082492E+01  -9.24910718E+00   8.59142042E-01
    175  -1.01123150E+01  -9.25265534E+00   8.59659679E-01
    176  -1.01163824E+01  -9.25620350E+00   8.60178868E-01
    177  -1.01204892E+01  -9.25939567E+00   8.61093507E-01
    178  -1.01245954E+01  -9.26258785E+00   8.62007538E-01
    179  -1.01287649E+01  -9.26666746E+00   8.62097448E-01
    180  -1.01329344E+01  -9.27074707E+00   8.62187359E-01
    181  -1.01359075E+01  -9.27396388E+00   8.61943621E-01
    182  -1.01388806E+01  -9.27718069E+00   8.61699884E-01
    183  -1.01418974E+01  -9.28030463E+00   8.61592745E-01
    184  -1.01449142E+01  -9.28342917E+00   8.61485001E-01
    185  -1.01485065E+01  -9.28672928E+00   8.61777245E-01
    186  -1.01520989E+01  -9.29002827E+00   8.62070618E-01
    187  -1.01563971E+01  -9.29315223E+00   8.63244850E-01
    188  -1.01606958E+01  -9.29627728E+00   8.64418507E-01
    189  -1.01639553E+01  -9.29887356E+00   8.65081714E-01
    190  -1.01672378E+01  -9.30152159E+00   8.65716251E-01
    191  -1.01709909E+01  -9.30453157E+00   8.66459338E-01
    192  -1.01747341E+01  -9.30751947E+00   8.67214670E-01
    193  -1.01779465E+01  -9.31035084E+00   8.67595656E-01
    194  -1.01811630E+01  -9.31316506E+00   8.67997938E-01
    195  -1.01843298E+01  -9.31624629E+00   8.68083460E-01
    196  -1.01875108E+01  -9.31926802E+00   8.68242752E-01
    197  -1.01927222E+01  -9.32284848E+00   8.69873765E-01
    198  -1.01979443E+01  -9.32638484E+00   8.71559507E-01
    199  -1.02018932E+01  -9.32894135E+00   8.72951888E-01
    200  -1.02058421E+01  -9.33149786E+00   8.74344269E-01
    201  -1.02090679E+01  -9.33531245E+00   8.73755451E-01
    202  -1.02122937E+01  -9.33912703E+00   8.73166633E-01
    203  -1.02151012E+01  -9.34248803E+00   8.72613220E-01
    204  -1.02179088E+01  -9.34584902E+00   8.72059808E-01
    205  -1.02217113E+01  -9.34918192E+00   8.72529397E-01
    206  -1.02255138E+01  -9.35251482E+00   8.72998986E-01
    207  -1.02294323E+01  -9.35553252E+00   8.73899786E-01
    208  -1.02333508E+01  -9.35855022E+00   8.74800585E-01
    209  -1.02369059E+01  -9.36102496E+00   8.75880917E-01
    210  -1.02404610E+01  -9.36349956E+00   8.76961390E-01
    211  -1.02434964E+01  -9.36597003E+00   8.77526411E-01
    212  -1.02465319E+01  -9.36844070E+00   8.78091222E-01
    213  -1.02500541E+01  -9.37082160E+00   8.79232485E-01
    214  -1.02535762E+01  -9.37320250E+00   8.80373747E-01
    215  -1.02566785E+01  -9.37528462E+00   8.81393883E-01
    216  -1.02597808E+01  -9.37736675E+00   8.82414020E-01
    217  -1.02620217E+01  -9.37916291E+00   8.82858817E-01
    218  -1.02642580E+01  -9.38097077E+00   8.83287234E-01
    219  -1.02676226E+01  -9.38283754E+00   8.84785013E-01
    220  -1.02709902E+01  -9.38469714E+00   8.86293060E-01
    221  -1.02729561E+01  -9.38638340E+00   8.86572667E-01
    222  -1.02749222E+01  -9.38806944E+00   8.86852738E-01
    223  -1.02768162E+01  -9.38997493E+00   8.86841229E-01
    224  -1.02787101E+01  -9.39188042E+00   8.86829720E-01
    225  -1.02814751E+01  -9.39381894E+00   8.87656153E-01
    226  -1.02842401E+01  -9.39575747E+00   8.88482586E-01
    227  -1.02864826E+01  -9.39773810E+00   8.88744533E-01
    228  -1.02887252E+01  -9.39971589E+00   8.89009330E-01
    229  -1.02904860E+01  -9.40192495E+00   8.88561092E-01
    230  -1.02922469E+01  -9.40413788E+00   8.88108986E-01
    231  -1.02945001E+01  -9.40620906E+00   8.88291093E-01
    232  -1.02967534E+01  -9.40828024E+00   8.88473187E-01
    233  -1.02997882E+01  -9.41099705E+00   8.88791191E-01
    234  -1.03028231E+01  -9.41371390E+00   8.89109155E-01
    235  -1.03066221E+01  -9.41613170E+00   8.90490398E-01
    236  -1.03104211E+01  -9.41854949E+00   8.91871641E-01
    237  -1.03129611E+01  -9.42081938E+00   8.92141712E-01
    238  -1.03155010E+01  -9.42308926E+00   8.92411783E-01
    239  -1.03175492E+01  -9.42482628E+00   8.92722884E-01
    240  -1.03195973E+01  -9.42656331E+00   8.93033985E-01
    241  -1.03226770E+01  -9.42887410E+00   8.93802935E-01
    242  -1.03257568E+01  -9.43118489E+00   8.94571887E-01
    243  -1.03280126E+01  -9.43306318E+00   8.94949449E-01
    244  -1.03302691E+01  -9.43494203E+00   8.95327095E-01
    245  -1.03320868E+01  -9.43637703E+00   8.95709766E-01
    246  -1.03339052E+01  -9.43781306E+00   8.96092141E-01
    247  -1.03362782E+01  -9.43925247E+00   8.97025708E-01
    248  -1.03386487E+01  -9.44068849E+00   8.97960193E-01
    249  -1.03415007E+01  -9.44280860E+00   8.98692124E-01
    250  -1.03443493E+01  -9.44491627E+00   8.99433062E-01
    251  -1.03471707E+01  -9.44732876E+00   8.99841915E-01
    252  -1.03499936E+01  -9.44974728E+00   9.00246371E-01
    253  -1.03532174E+01  -9.45134038E+00   9.01876997E-01
    254  -1.03564385E+01  -9.45292421E+00   9.03514326E-01
    255  -1.03596747E+01  -9.45459739E+00   9.05077323E-01
    256  -1.03629109E+01  -9.45626968E+00   9.06641213E-01
    257  -1.03652443E+01  -9.45774081E+00   9.07503510E-01
    258  -1.03675777E+01  -9.45921200E+00   9.08365746E-01
    259  -1.03698913E+01  -9.46097077E+00   9.08920513E-01
    260  -1.03722048E+01  -9.46272954E+00   9.09475279E-01
    261  -1.03742883E+01  -9.46442448E+00   9.09863780E-01
    262  -1.03763721E+01  -9.46611941E+00   9.10252654E-01
    263  -1.03790533E+01  -9.46807875E+00   9.10974547E-01
    264  -1.03817354E+01  -9.47003810E+00   9.11697275E-01
    265  -1.03841104E+01  -9.47131466E+00   9.12795763E-01
    266  -1.03864855E+01  -9.47259122E+00   9.13894251E-01
    267  -1.03882098E+01  -9.47409100E+00   9.14118850E-01
    268  -1.03899342E+01  -9.47559077E+00   9.14343449E-01
    269  -1.03916380E+01  -9.47724093E+00   9.14397026E-01
    270  -1.03933417E+01  -9.47889108E+00   9.14450603E-01
    271  -1.03949040E+01  -9.48053804E+00   9.14365976E-01
    272  -1.03964663E+01  -9.48218499E+00   9.14281349E-01
    273  -1.03980141E+01  -9.48372386E+00   9.14290256E-01
    274  -1.03995619E+01  -9.48526274E+00   9.14299127E-01
    275  -1.04009640E+01  -9.48656170E+00   9.14402338E-01
    276  -1.04023660E+01  -9.48786065E+00   9.14505393E-01
    277  -1.04034092E+01  -9.48906242E+00   9.14346756E-01
    278  -1.04044523E+01  -9.49026418E+00   9.14188118E-01
    279  -1.04059070E+01  -9.49191798E+00   9.13988997E-01
    280  -1.04073617E+01  -9.49357178E+00   9.13789876E-01
    281  -1.04090353E+01  -9.49483461E+00   9.14200737E-01
    282  -1.04107090E+01  -9.49609743E+00   9.14611598E-01
    283  -1.04128864E+01  -9.49724347E+00   9.15642936E-01
    284  -1.04150638E+01  -9.49838951E+00   9.16674274E-01
    285  -1.04166533E+01  -9.49948443E+00   9.17168859E-01
    286  -1.04182428E+01  -9.50057945E+00   9.17663337E-01
    287  -1.04196221E+01  -9.50183982E+00   9.17782265E-01
    288  -1.04210014E+01  -9.50310019E+00   9.17901197E-01
    289  -1.04229516E+01  -9.50409344E+00   9.18858130E-01
    290  -1.04249017E+01  -9.50508668E+00   9.19815063E-01
    291  -1.04265662E+01  -9.50633733E+00   9.20228905E-01
    292  -1.04282307E+01  -9.50758781E+00   9.20642920E-01
    293  -1.04292373E+01  -9.50862306E+00   9.20614244E-01
    294  -1.04302439E+01  -9.50965885E+00   9.20585025E-01
    295  -1.04316339E+01  -9.51074067E+00   9.20893269E-01
    296  -1.04330240E+01  -9.51182248E+00   9.21201513E-01
    297  -1.04343454E+01  -9.51293306E+00   9.21412348E-01
    298  -1.04356668E+01  -9.51404364E+00   9.21623182E-01
    299  -1.04369838E+01  -9.51517495E+00   9.21808815E-01
    300  -1.04383007E+01  -9.51630625E+00   9.21994449E-01
    301  -1.04398707E+01  -9.51733551E+00   9.22535147E-01
    302  -1.04414406E+01  -9.51836477E+00   9.23075844E-01
    303  -1.04431730E+01  -9.51952753E+00   9.23645448E-01
    304  -1.04449053E+01  -9.52069029E+00   9.24215052E-01
    305  -1.04462222E+01  -9.52188826E+00   9.24333909E-01
    306  -1.04475390E+01  -9.52308630E+00   9.24452697E-01
    307  -1.04488015E+01  -9.52402943E+00   9.24772090E-01
    308  -1.04500640E+01  -9.52497256E+00   9.25091469E-01
    309  -1.04509999E+01  -9.52569986E+00   9.25300027E-01
    310  -1.04519357E+01  -9.52642716E+00   9.25508585E-01
    311  -1.04529981E+01  -9.52766661E+00   9.25331501E-01
    312  -1.04540632E+01  -9.52891269E+00   9.25150459E-01
    313  -1.04552181E+01  -9.53002917E+00   9.25188899E-01
    314  -1.04563808E+01  -9.53116503E+00   9.25215810E-01
    315  -1.04574513E+01  -9.53219760E+00   9.25253708E-01
    316  -1.04585052E+01  -9.53318925E+00   9.25315927E-01
    317  -1.04595466E+01  -9.53385547E+00   9.25691100E-01
    318  -1.04605917E+01  -9.53453340E+00   9.26058331E-01
    319  -1.04615495E+01  -9.53516879E+00   9.26380733E-01
    320  -1.04625081E+01  -9.53580683E+00   9.26701272E-01
    321  -1.04636359E+01  -9.53686607E+00   9.26769810E-01
    322  -1.04647595E+01  -9.53791211E+00   9.26847362E-01
    323  -1.04659218E+01  -9.53891441E+00   9.27007348E-01
    324  -1.04670840E+01  -9.53991670E+00   9.27167333E-01
    325  -1.04682737E+01  -9.54103655E+00   9.27237121E-01
    326  -1.04694633E+01  -9.54215536E+00   9.27307945E-01
    327  -1.04705768E+01  -9.54316106E+00   9.27415709E-01
    328  -1.04716902E+01  -9.54416832E+00   9.27521909E-01
    329  -1.04730590E+01  -9.54525175E+00   9.27807217E-01
    330  -1.04744277E+01  -9.54633519E+00   9.28092525E-01
    331  -1.04758186E+01  -9.54747954E+00   9.28339078E-01
    332  -1.04772095E+01  -9.54862390E+00   9.28585630E-01
    333  -1.04783283E+01  -9.54930872E+00   9.29019631E-01
    334  -1.04794472E+01  -9.54999353E+00   9.29453632E-01
    335  -1.04808558E+01  -9.55081745E+00   9.30038355E-01
    336  -1.04822644E+01  -9.55164137E+00   9.30623078E-01
    337  -1.04832358E+01  -9.55242027E+00   9.30815553E-01
    338  -1.04842072E+01  -9.55319916E+00   9.31008029E-01
    339  -1.04853562E+01  -9.55387942E+00   9.31476773E-01
    340  -1.04865052E+01  -9.55456355E+00   9.31941638E-01
    341  -1.04875710E+01  -9.55531266E+00   9.32258316E-01
    342  -1.04886368E+01  -9.55605668E+00   9.32580087E-01
    343  -1.04895095E+01  -9.55675720E+00   9.32752284E-01
    344  -1.04903822E+01  -9.55745772E+00   9.32924481E-01
    345  -1.04915105E+01  -9.55830918E+00   9.33201351E-01
    346  -1.04926389E+01  -9.55916164E+00   9.33477219E-01
    347  -1.04935693E+01  -9.55996866E+00   9.33600665E-01
    348  -1.04944998E+01  -9.56077465E+00   9.33725129E-01
    349  -1.04954115E+01  -9.56152190E+00   9.33889619E-01
    350  -1.04963233E+01  -9.56226916E+00   9.34054109E-01
    351  -1.04974576E+01  -9.56317832E+00   9.34279314E-01
    352  -1.04985920E+01  -9.56408748E+00   9.34504519E-01
    353  -1.04995071E+01  -9.56465131E+00   9.34855782E-01
    354  -1.05004222E+01  -9.56521514E+00   9.35207045E-01
    355  -1.05010875E+01  -9.56582087E+00   9.35266639E-01
    356  -1.05017541E+01  -9.56642455E+00   9.35329513E-01
    357  -1.05025649E+01  -9.56707979E+00   9.35485093E-01
    358  -1.05033757E+01  -9.56773507E+00   9.35640613E-01
    359  -1.05041110E+01  -9.56831851E+00   9.35792525E-01
    360  -1.05048485E+01  -9.56889852E+00   9.35949940E-01
    361  -1.05058397E+01  -9.56959552E+00   9.36244164E-01
    362  -1.05068307E+01  -9.57029252E+00   9.36538198E-01
    363  -1.05074702E+01  -9.57085648E+00   9.36613681E-01
    364  -1.05081094E+01  -9.57142044E+00   9.36688995E-01
    365  -1.05086442E+01  -9.57198553E+00   9.36658661E-01
    366  -1.05091789E+01  -9.57255061E+00   9.36628326E-01
    367  -1.05097623E+01  -9.57319495E+00   9.36567375E-01
    368  -1.05103457E+01  -9.57383929E+00   9.36506423E-01
    369  -1.05110048E+01  -9.57446047E+00   9.36544373E-01
    370  -1.05116640E+01  -9.57508164E+00   9.36582324E-01
    371  -1.05122442E+01  -9.57558402E+00   9.36660221E-01
    372  -1.05128245E+01  -9.57608639E+00   9.36738118E-01
    373  -1.05135088E+01  -9.57677601E+00   9.36732748E-01
    374  -1.05141930E+01  -9.57746565E+00   9.36727363E-01
    375  -1.05150393E+01  -9.57811152E+00   9.36927742E-01
    376  -1.05158855E+01  -9.57875740E+00   9.37128106E-01
    377  -1.05168396E+01  -9.57949268E+00   9.37346886E-01
    378  -1.05177857E+01  -9.58024105E+00   9.37544607E-01
    379  -1.05186246E+01  -9.58104226E+00   9.37582371E-01
    380  -1.05194617E+01  -9.58184705E+00   9.37614670E-01
    381  -1.05203757E+01  -9.58249644E+00   9.37879237E-01
    382  -1.05212883E+01  -9.58314822E+00   9.38140078E-01
    383  -1.05223172E+01  -9.58374485E+00   9.38572345E-01
    384  -1.05233461E+01  -9.58434148E+00   9.39004612E-01
    385  -1.05241768E+01  -9.58496185E+00   9.39214955E-01
    386  -1.05250075E+01  -9.58558223E+00   9.39425287E-01
    387  -1.05258725E+01  -9.58623995E+00   9.39632571E-01
    388  -1.05267375E+01  -9.58689768E+00   9.39839851E-01
    389  -1.05276009E+01  -9.58748170E+00   9.40119180E-01
    390  -1.05284642E+01  -9.58806572E+00   9.40398508E-01
    391  -1.05293877E+01  -9.58866366E+00   9.40724022E-01
    392  -1.05303111E+01  -9.58926160E+00   9.41049536E-01
    393  -1.05313049E+01  -9.58978396E+00   9.41520911E-01
    394  -1.05322986E+01  -9.59030631E+00   9.41992286E-01
    395  -1.05331416E+01  -9.59089216E+00   9.42249418E-01
    396  -1.05339846E+01  -9.59147800E+00   9.42506551E-01
    397  -1.05346099E+01  -9.59197979E+00   9.42630125E-01
    398  -1.05352353E+01  -9.59248158E+00   9.42753699E-01
    399  -1.05358734E+01  -9.59319401E+00   9.42679387E-01
    400  -1.05365106E+01  -9.59390443E+00   9.42606180E-01
    401  -1.05372662E+01  -9.59446686E+00   9.42799365E-01
    402  -1.05380225E+01  -9.59503079E+00   9.42991727E-01
    403  -1.05387930E+01  -9.59552115E+00   9.43271861E-01
    404  -1.05395583E+01  -9.59599999E+00   9.43558337E-01
    405  -1.05400915E+01  -9.59654035E+00   9.43551128E-01
    406  -1.05406246E+01  -9.59708067E+00   9.43543969E-01
    407  -1.05411576E+01  -9.59762822E+00   9.43529351E-01
    408  -1.05416905E+01  -9.59817582E+00   9.43514697E-01
# k =  -0.000000  -0.000000   0.500000 spin = 1
# <ib|Sigma_CH[1..Nb]|ib> (eV), partial and symmetrized sum with up to Nb "inner" bands
# Reporting only VBM and CBM, use 'full_ch_conv_log 1' keyword for full report.
# 1/N extrap for CH(vbm) CH(cbm) diff =  -1.06097071E+01  -9.92529557E+00   6.84411485E-01
# Error est. for CH(vbm) CH(cbm) diff =   2.52677409E-01   2.44118120E-01  -8.55928945E-03
#    Nb          CH(vbm)          CH(cbm)             diff
      1  -2.85956427E-01  -2.57255481E-01   2.87009458E-02
      2  -5.84002987E-01  -4.98211750E-01   8.57912374E-02
      3  -8.55974593E-01  -7.30827993E-01   1.25146600E-01
      4  -1.11717563E+00  -9.77964488E-01   1.39211144E-01
      5  -1.44307048E+00  -1.08501914E+00   3.58051343E-01
      6  -1.74854699E+00  -1.21149926E+00   5.37047730E-01
      7  -3.32722606E+00  -1.32749375E+00   1.99973231E+00
      8  -4.85575615E+00  -1.47394225E+00   3.38181390E+00
      9  -4.96017378E+00  -2.93888349E+00   2.02129029E+00
     10  -5.06531687E+00  -4.39861743E+00   6.66699440E-01
     11  -5.21536288E+00  -4.52563185E+00   6.89731027E-01
     12  -5.34929741E+00  -4.66802729E+00   6.81270125E-01
     13  -5.50056756E+00  -4.82996873E+00   6.70598824E-01
     14  -5.64747625E+00  -5.00197751E+00   6.45498744E-01
     15  -5.73108549E+00  -5.20214276E+00   5.28942727E-01
     16  -5.81492200E+00  -5.40125216E+00   4.13669842E-01
     17  -5.97453511E+00  -5.50717101E+00   4.67364105E-01
     18  -6.13433726E+00  -5.56774618E+00   5.66591082E-01
     19  -6.31752650E+00  -5.66741745E+00   6.50109048E-01
     20  -6.48163037E+00  -5.73040561E+00   7.51224757E-01
     21  -6.57270721E+00  -5.83744834E+00   7.35258871E-01
     22  -6.64509801E+00  -5.93506943E+00   7.10028582E-01
     23  -6.77935151E+00  -6.02404121E+00   7.55310291E-01
     24  -6.89502498E+00  -6.10364482E+00   7.91380160E-01
     25  -7.02643761E+00  -6.26794779E+00   7.58489819E-01
     26  -7.15689259E+00  -6.42226256E+00   7.34630031E-01
     27  -7.25791170E+00  -6.61985606E+00   6.38055637E-01
     28  -7.35765775E+00  -6.81005344E+00   5.47604305E-01
     29  -7.41603367E+00  -6.87418822E+00   5.41845452E-01
     30  -7.47414576E+00  -6.93912391E+00   5.35021846E-01
     31  -7.53634636E+00  -6.98936002E+00   5.46986341E-01
     32  -7.59889726E+00  -7.03853278E+00   5.60364484E-01
     33  -7.63969383E+00  -7.08261945E+00   5.57074384E-01
     34  -7.67951697E+00  -7.12487567E+00   5.54641301E-01
     35  -7.71984741E+00  -7.17042885E+00   5.49418557E-01
     36  -7.75992384E+00  -7.21538576E+00   5.44538078E-01
     37  -7.81548463E+00  -7.27447809E+00   5.41006541E-01
     38  -7.87491859E+00  -7.33023210E+00   5.44686489E-01
     39  -7.92479788E+00  -7.38684919E+00   5.37948683E-01
     40  -7.97272659E+00  -7.44535093E+00   5.27375657E-01
     41  -7.99697154E+00  -7.49484317E+00   5.02128370E-01
     42  -8.02364628E+00  -7.54736436E+00   4.76281921E-01
     43  -8.06097202E+00  -7.59345243E+00   4.67519589E-01
     44  -8.10330788E+00  -7.64172549E+00   4.61582389E-01
     45  -8.16834862E+00  -7.68936125E+00   4.78987373E-01
     46  -8.22893894E+00  -7.73628331E+00   4.92655631E-01
     47  -8.28118990E+00  -7.78482994E+00   4.96359966E-01
     48  -8.33409099E+00  -7.83321433E+00   5.00876653E-01
     49  -8.40388504E+00  -7.87704488E+00   5.26840156E-01
     50  -8.47824315E+00  -7.91735085E+00   5.60892299E-01
     51  -8.51160461E+00  -7.94524769E+00   5.66356915E-01
     52  -8.55202059E+00  -7.97127297E+00   5.80747618E-01
     53  -8.59379440E+00  -8.00113796E+00   5.92656446E-01
     54  -8.63412772E+00  -8.02990775E+00   6.04219971E-01
     55  -8.64935337E+00  -8.05185835E+00   5.97495015E-01
     56  -8.66548351E+00  -8.07543448E+00   5.90049029E-01
     57  -8.68857655E+00  -8.09983687E+00   5.88739683E-01
     58  -8.71226034E+00  -8.12422613E+00   5.88034211E-01
     59  -8.73487644E+00  -8.14642122E+00   5.88455220E-01
     60  -8.75793875E+00  -8.16860705E+00   5.89331700E-01
     61  -8.77585651E+00  -8.19380001E+00   5.82056496E-01
     62  -8.79283620E+00  -8.21589678E+00   5.76939422E-01
     63  -8.81327269E+00  -8.24695457E+00   5.66318117E-01
     64  -8.83299747E+00  -8.27552454E+00   5.57472935E-01
     65  -8.85016744E+00  -8.29852901E+00   5.51638426E-01
     66  -8.86865061E+00  -8.31417810E+00   5.54472502E-01
     67  -8.88878258E+00  -8.33435813E+00   5.54424448E-01
     68  -8.90756554E+00  -8.36060293E+00   5.46962609E-01
     69  -8.92571656E+00  -8.37684704E+00   5.48869518E-01
     70  -8.94220176E+00  -8.38989233E+00   5.52309429E-01
     71  -8.96185207E+00  -8.40623001E+00   5.55622056E-01
     72  -8.98121016E+00  -8.42244399E+00   5.58766169E-01
     73  -8.99727229E+00  -8.44394168E+00   5.53330603E-01
     74  -9.01060464E+00  -8.46835669E+00   5.42247947E-01
     75  -9.03223430E+00  -8.48754584E+00   5.44688455E-01
     76  -9.05441685E+00  -8.50595626E+00   5.48460581E-01
     77  -9.07114022E+00  -8.52160097E+00   5.49539253E-01
     78  -9.08766278E+00  -8.53697967E+00   5.50683116E-01
     79  -9.10194071E+00  -8.55329826E+00   5.48642458E-01
     80  -9.11684649E+00  -8.57112759E+00   5.45718899E-01
     81  -9.13678943E+00  -8.58929447E+00   5.47494957E-01
     82  -9.15535310E+00  -8.60821553E+00   5.47137571E-01
     83  -9.17458707E+00  -8.62369854E+00   5.50888535E-01
     84  -9.19537595E+00  -8.63744292E+00   5.57933029E-01
     85  -9.21185684E+00  -8.65024523E+00   5.61611611E-01
     86  -9.22808266E+00  -8.66286061E+00   5.65222045E-01
     87  -9.24502349E+00  -8.67603704E+00   5.68986445E-01
     88  -9.26224300E+00  -8.68944553E+00   5.72797468E-01
     89  -9.28156393E+00  -8.70690608E+00   5.74657847E-01
     90  -9.30167636E+00  -8.72429016E+00   5.77386193E-01
     91  -9.31913724E+00  -8.73589647E+00   5.83240768E-01
     92  -9.33817266E+00  -8.74721259E+00   5.90960068E-01
     93  -9.34851292E+00  -8.75576552E+00   5.92747405E-01
     94  -9.35895213E+00  -8.76440988E+00   5.94542257E-01
     95  -9.36994025E+00  -8.77828759E+00   5.91652662E-01
     96  -9.38128441E+00  -8.79119879E+00   5.90085622E-01
     97  -9.39483021E+00  -8.80547627E+00   5.89353946E-01
     98  -9.40944870E+00  -8.81805310E+00   5.91395604E-01
     99  -9.42390112E+00  -8.83254457E+00   5.91356547E-01
    100  -9.43735814E+00  -8.84659162E+00   5.90766520E-01
    101  -9.44590432E+00  -8.85547698E+00   5.90427338E-01
    102  -9.45440858E+00  -8.86303943E+00   5.91369147E-01
    103  -9.46337776E+00  -8.87215441E+00   5.91223347E-01
    104  -9.47237606E+00  -8.88218871E+00   5.90187351E-01
    105  -9.48227375E+00  -8.89064304E+00   5.91630704E-01
    106  -9.49206350E+00  -8.89927081E+00   5.92792689E-01
    107  -9.50552544E+00  -8.91169847E+00   5.93826971E-01
    108  -9.51825236E+00  -8.92644054E+00   5.91811819E-01
    109  -9.52833967E+00  -8.94082488E+00   5.87514791E-01
    110  -9.53861046E+00  -8.95507539E+00   5.83535066E-01
    111  -9.54888967E+00  -8.96389114E+00   5.84998523E-01
    112  -9.55903468E+00  -8.97280953E+00   5.86225151E-01
    113  -9.56715796E+00  -8.97941004E+00   5.87747918E-01
    114  -9.57503819E+00  -8.98659100E+00   5.88447188E-01
    115  -9.58597619E+00  -8.99857593E+00   5.87400263E-01
    116  -9.59683280E+00  -9.01111534E+00   5.85717464E-01
    117  -9.60432067E+00  -9.02048648E+00   5.83834197E-01
    118  -9.61175568E+00  -9.03033115E+00   5.81424524E-01
    119  -9.61960860E+00  -9.03754964E+00   5.82058956E-01
    120  -9.62748371E+00  -9.04434036E+00   5.83143351E-01
    121  -9.63607930E+00  -9.05129252E+00   5.84786780E-01
    122  -9.64474965E+00  -9.05854862E+00   5.86201029E-01
    123  -9.65429812E+00  -9.06561950E+00   5.88678626E-01
    124  -9.66381312E+00  -9.07306762E+00   5.90745500E-01
    125  -9.67145268E+00  -9.08148977E+00   5.89962905E-01
    126  -9.67909673E+00  -9.08977924E+00   5.89317488E-01
    127  -9.68782138E+00  -9.09796562E+00   5.89855767E-01
    128  -9.69657495E+00  -9.10624447E+00   5.90330475E-01
    129  -9.70157168E+00  -9.11017352E+00   5.91398168E-01
    130  -9.70675216E+00  -9.11397769E+00   5.92774474E-01
    131  -9.71142489E+00  -9.11792351E+00   5.93501377E-01
    132  -9.71635570E+00  -9.12169780E+00   5.94657901E-01
    133  -9.72247616E+00  -9.12749461E+00   5.94981543E-01
    134  -9.72868936E+00  -9.13316752E+00   5.95521838E-01
    135  -9.73769827E+00  -9.13969897E+00   5.97999304E-01
    136  -9.74671697E+00  -9.14631763E+00   6.00399339E-01
    137  -9.75126937E+00  -9.15068977E+00   6.00579602E-01
    138  -9.75721960E+00  -9.15523027E+00   6.01989329E-01
    139  -9.76180397E+00  -9.15946793E+00   6.02336033E-01
    140  -9.76784348E+00  -9.16387945E+00   6.03964022E-01
    141  -9.77511917E+00  -9.16926498E+00   6.05854195E-01
    142  -9.78240844E+00  -9.17463142E+00   6.07777020E-01
    143  -9.78649335E+00  -9.17850216E+00   6.07991183E-01
    144  -9.79057459E+00  -9.18237675E+00   6.08197845E-01
    145  -9.79737078E+00  -9.18740786E+00   6.09962919E-01
    146  -9.80419450E+00  -9.19240551E+00   6.11788987E-01
    147  -9.81134542E+00  -9.19795870E+00   6.13386726E-01
    148  -9.81788860E+00  -9.20368217E+00   6.14206433E-01
    149  -9.82432528E+00  -9.20956972E+00   6.14755567E-01
    150  -9.83136479E+00  -9.21622730E+00   6.15137496E-01
    151  -9.83834714E+00  -9.22235294E+00   6.15994197E-01
    152  -9.84535443E+00  -9.22869304E+00   6.16661390E-01
    153  -9.85376282E+00  -9.23379397E+00   6.19968858E-01
    154  -9.86192262E+00  -9.23975005E+00   6.22172570E-01
    155  -9.87015318E+00  -9.24486232E+00   6.25290862E-01
    156  -9.87807628E+00  -9.25091270E+00   6.27163586E-01
    157  -9.88466361E+00  -9.25583432E+00   6.28829285E-01
    158  -9.89223836E+00  -9.25992686E+00   6.32311497E-01
    159  -9.89944573E+00  -9.26430029E+00   6.35145436E-01
    160  -9.90579038E+00  -9.26928024E+00   6.36510138E-01
    161  -9.91231252E+00  -9.27710870E+00   6.35203817E-01
    162  -9.91909537E+00  -9.28528902E+00   6.33806351E-01
    163  -9.92263697E+00  -9.28928764E+00   6.33349328E-01
    164  -9.92618749E+00  -9.29308350E+00   6.33103995E-01
    165  -9.93159448E+00  -9.29920987E+00   6.32384610E-01
    166  -9.93747127E+00  -9.30585256E+00   6.31618709E-01
    167  -9.94395913E+00  -9.31296912E+00   6.30990010E-01
    168  -9.94977917E+00  -9.31954276E+00   6.30236406E-01
    169  -9.95343130E+00  -9.32335994E+00   6.30071362E-01
    170  -9.95723463E+00  -9.32709756E+00   6.30137063E-01
    171  -9.96085810E+00  -9.33037153E+00   6.30486571E-01
    172  -9.96439571E+00  -9.33369878E+00   6.30696933E-01
    173  -9.96900455E+00  -9.33673549E+00   6.32269055E-01
    174  -9.97363004E+00  -9.33949328E+00   6.34136765E-01
    175  -9.97718425E+00  -9.34215312E+00   6.35031123E-01
    176  -9.98073922E+00  -9.34492831E+00   6.35810909E-01
    177  -9.98462196E+00  -9.34776438E+00   6.36857574E-01
    178  -9.98842139E+00  -9.35083743E+00   6.37583961E-01
    179  -9.99223512E+00  -9.35425333E+00   6.37981793E-01
    180  -9.99600406E+00  -9.35786632E+00   6.38137740E-01
    181  -9.99876545E+00  -9.36090164E+00   6.37863807E-01
    182  -1.00016590E+01  -9.36392497E+00   6.37734074E-01
    183  -1.00046065E+01  -9.36658475E+00   6.38021750E-01
    184  -1.00073922E+01  -9.36919360E+00   6.38198595E-01
    185  -1.00109506E+01  -9.37171700E+00   6.39233589E-01
    186  -1.00144065E+01  -9.37401787E+00   6.40388618E-01
    187  -1.00180801E+01  -9.37674189E+00   6.41338209E-01
    188  -1.00214909E+01  -9.37972555E+00   6.41765355E-01
    189  -1.00245004E+01  -9.38259713E+00   6.41903271E-01
    190  -1.00275362E+01  -9.38549264E+00   6.42043569E-01
    191  -1.00309743E+01  -9.38857644E+00   6.42397888E-01
    192  -1.00343757E+01  -9.39161904E+00   6.42756657E-01
    193  -1.00375865E+01  -9.39377516E+00   6.43811318E-01
    194  -1.00405781E+01  -9.39609320E+00   6.44484950E-01
    195  -1.00431902E+01  -9.39874498E+00   6.44445262E-01
    196  -1.00456557E+01  -9.40150394E+00   6.44151769E-01
    197  -1.00499688E+01  -9.40548242E+00   6.44486379E-01
    198  -1.00544484E+01  -9.40897335E+00   6.45475076E-01
    199  -1.00580855E+01  -9.41218460E+00   6.45900922E-01
    200  -1.00617382E+01  -9.41535064E+00   6.46387604E-01
    201  -1.00644920E+01  -9.41799303E+00   6.46498922E-01
    202  -1.00672187E+01  -9.42058800E+00   6.46630740E-01
    203  -1.00699177E+01  -9.42338281E+00   6.46534904E-01
    204  -1.00725396E+01  -9.42542709E+00   6.47112530E-01
    205  -1.00758763E+01  -9.42794690E+00   6.47929365E-01
    206  -1.00792167E+01  -9.43045045E+00   6.48766213E-01
    207  -1.00827900E+01  -9.43304015E+00   6.49749845E-01
    208  -1.00863699E+01  -9.43560146E+00   6.50768421E-01
    209  -1.00896801E+01  -9.43829186E+00   6.51388211E-01
    210  -1.00929191E+01  -9.44087975E+00   6.52039385E-01
    211  -1.00956623E+01  -9.44319090E+00   6.52471405E-01
    212  -1.00984468E+01  -9.44560421E+00   6.52842578E-01
    213  -1.01013228E+01  -9.44824723E+00   6.53075584E-01
    214  -1.01042448E+01  -9.45101475E+00   6.53230002E-01
    215  -1.01067200E+01  -9.45324119E+00   6.53478794E-01
    216  -1.01093018E+01  -9.45578171E+00   6.53520071E-01
    217  -1.01110501E+01  -9.45714549E+00   6.53904604E-01
    218  -1.01130425E+01  -9.45901387E+00   6.54028627E-01
    219  -1.01159119E+01  -9.46131503E+00   6.54596867E-01
    220  -1.01185184E+01  -9.46317310E+00   6.55345283E-01
    221  -1.01202916E+01  -9.46490017E+00   6.55391398E-01
    222  -1.01220840E+01  -9.46660698E+00   6.55477025E-01
    223  -1.01238943E+01  -9.46877387E+00   6.55120432E-01
    224  -1.01255805E+01  -9.47080584E+00   6.54774676E-01
    225  -1.01280666E+01  -9.47307971E+00   6.54986847E-01
    226  -1.01305412E+01  -9.47534478E+00   6.55196432E-01
    227  -1.01324421E+01  -9.47723191E+00   6.55210231E-01
    228  -1.01345303E+01  -9.47913349E+00   6.55396791E-01
    229  -1.01362103E+01  -9.48072717E+00   6.55483117E-01
    230  -1.01378802E+01  -9.48241426E+00   6.55465922E-01
    231  -1.01399994E+01  -9.48433497E+00   6.55664460E-01
    232  -1.01420822E+01  -9.48623876E+00   6.55843398E-01
    233  -1.01447716E+01  -9.48844537E+00   6.56326188E-01
    234  -1.01474345E+01  -9.49049964E+00   6.56934811E-01
    235  -1.01507347E+01  -9.49296204E+00   6.57772650E-01
    236  -1.01540089E+01  -9.49527673E+00   6.58732148E-01
    237  -1.01562089E+01  -9.49737109E+00   6.58837788E-01
    238  -1.01584204E+01  -9.49943616E+00   6.58984234E-01
    239  -1.01602844E+01  -9.50137329E+00   6.58911158E-01
    240  -1.01622072E+01  -9.50344324E+00   6.58763959E-01
    241  -1.01649025E+01  -9.50577065E+00   6.59131822E-01
    242  -1.01676415E+01  -9.50813148E+00   6.59510032E-01
    243  -1.01697104E+01  -9.50981235E+00   6.59898044E-01
    244  -1.01717205E+01  -9.51162836E+00   6.60092152E-01
    245  -1.01733544E+01  -9.51296873E+00   6.60385701E-01
    246  -1.01750607E+01  -9.51427456E+00   6.60786186E-01
    247  -1.01771222E+01  -9.51597635E+00   6.61145864E-01
    248  -1.01791873E+01  -9.51770807E+00   6.61479191E-01
    249  -1.01816870E+01  -9.51970696E+00   6.61980001E-01
    250  -1.01841043E+01  -9.52164384E+00   6.62460416E-01
    251  -1.01864784E+01  -9.52379999E+00   6.62678362E-01
    252  -1.01888821E+01  -9.52591562E+00   6.62966433E-01
    253  -1.01916445E+01  -9.52814071E+00   6.63503786E-01
    254  -1.01942188E+01  -9.53042908E+00   6.63789706E-01
    255  -1.01967893E+01  -9.53244678E+00   6.64342572E-01
    256  -1.01994925E+01  -9.53443227E+00   6.65060197E-01
    257  -1.02014084E+01  -9.53634935E+00   6.65059053E-01
    258  -1.02035041E+01  -9.53790116E+00   6.65602945E-01
    259  -1.02053958E+01  -9.53981230E+00   6.65583507E-01
    260  -1.02074108E+01  -9.54133396E+00   6.66076802E-01
    261  -1.02092223E+01  -9.54297226E+00   6.66250007E-01
    262  -1.02110462E+01  -9.54463042E+00   6.66415745E-01
    263  -1.02132637E+01  -9.54641018E+00   6.66853503E-01
    264  -1.02154676E+01  -9.54828717E+00   6.67180475E-01
    265  -1.02174981E+01  -9.55020239E+00   6.67295715E-01
    266  -1.02195071E+01  -9.55214411E+00   6.67363003E-01
    267  -1.02209767E+01  -9.55360846E+00   6.67368208E-01
    268  -1.02224493E+01  -9.55506902E+00   6.67380268E-01
    269  -1.02240171E+01  -9.55654789E+00   6.67469173E-01
    270  -1.02255255E+01  -9.55806986E+00   6.67455660E-01
    271  -1.02270419E+01  -9.55946593E+00   6.67575923E-01
    272  -1.02285878E+01  -9.56082591E+00   6.67761928E-01
    273  -1.02300420E+01  -9.56213822E+00   6.67903781E-01
    274  -1.02313828E+01  -9.56353662E+00   6.67846222E-01
    275  -1.02327263E+01  -9.56464373E+00   6.68082621E-01
    276  -1.02339659E+01  -9.56582981E+00   6.68136048E-01
    277  -1.02349473E+01  -9.56692675E+00   6.68020580E-01
    278  -1.02359281E+01  -9.56800924E+00   6.67918912E-01
    279  -1.02372291E+01  -9.56956923E+00   6.67659862E-01
    280  -1.02385281E+01  -9.57112195E+00   6.67406143E-01
    281  -1.02400028E+01  -9.57263934E+00   6.67363491E-01
    282  -1.02414588E+01  -9.57415033E+00   6.67308494E-01
    283  -1.02434347E+01  -9.57592175E+00   6.67513001E-01
    284  -1.02453932E+01  -9.57768719E+00   6.67705988E-01
    285  -1.02468130E+01  -9.57873694E+00   6.68076028E-01
    286  -1.02482602E+01  -9.57971143E+00   6.68548794E-01
    287  -1.02495236E+01  -9.58078774E+00   6.68735822E-01
    288  -1.02507946E+01  -9.58182598E+00   6.68968579E-01
    289  -1.02524229E+01  -9.58297010E+00   6.69452830E-01
    290  -1.02541179E+01  -9.58401407E+00   6.70103813E-01
    291  -1.02555162E+01  -9.58516256E+00   6.70353643E-01
    292  -1.02569738E+01  -9.58621766E+00   6.70756104E-01
    293  -1.02579099E+01  -9.58715026E+00   6.70759661E-01
    294  -1.02588502E+01  -9.58808394E+00   6.70766296E-01
    295  -1.02600361E+01  -9.58907283E+00   6.70963259E-01
    296  -1.02612229E+01  -9.59006136E+00   6.71161533E-01
    297  -1.02624028E+01  -9.59118278E+00   6.71220051E-01
    298  -1.02635512E+01  -9.59234321E+00   6.71207984E-01
    299  -1.02647614E+01  -9.59341148E+00   6.71349875E-01
    300  -1.02659961E+01  -9.59446071E+00   6.71535383E-01
    301  -1.02673227E+01  -9.59555120E+00   6.71771453E-01
    302  -1.02686438E+01  -9.59676249E+00   6.71881325E-01
    303  -1.02700711E+01  -9.59809098E+00   6.71980165E-01
    304  -1.02715023E+01  -9.59934789E+00   6.72154370E-01
    305  -1.02727349E+01  -9.60075411E+00   6.71980780E-01
    306  -1.02737756E+01  -9.60237624E+00   6.71399409E-01
    307  -1.02749421E+01  -9.60333080E+00   6.71611317E-01
    308  -1.02760852E+01  -9.60431183E+00   6.71773392E-01
    309  -1.02769466E+01  -9.60513009E+00   6.71816516E-01
    310  -1.02778071E+01  -9.60589606E+00   6.71911039E-01
    311  -1.02787909E+01  -9.60681091E+00   6.71979983E-01
    312  -1.02797697E+01  -9.60786322E+00   6.71906430E-01
    313  -1.02808513E+01  -9.60899818E+00   6.71853164E-01
    314  -1.02819262E+01  -9.61017464E+00   6.71751553E-01
    315  -1.02828518E+01  -9.61124955E+00   6.71602228E-01
    316  -1.02838809E+01  -9.61213335E+00   6.71747579E-01
    317  -1.02848246E+01  -9.61285892E+00   6.71965638E-01
    318  -1.02857310E+01  -9.61365061E+00   6.72080367E-01
    319  -1.02865020E+01  -9.61447058E+00   6.72031433E-01
    320  -1.02873035E+01  -9.61528146E+00   6.72021995E-01
    321  -1.02883442E+01  -9.61619394E+00   6.72150242E-01
    322  -1.02893285E+01  -9.61707983E+00   6.72248653E-01
    323  -1.02904281E+01  -9.61807827E+00   6.72349786E-01
    324  -1.02914817E+01  -9.61902828E+00   6.72453437E-01
    325  -1.02925737E+01  -9.62010357E+00   6.72470167E-01
    326  -1.02936104E+01  -9.62104032E+00   6.72570053E-01
    327  -1.02946093E+01  -9.62210277E+00   6.72506512E-01
    328  -1.02955439E+01  -9.62304921E+00   6.72494716E-01
    329  -1.02967388E+01  -9.62408455E+00   6.72654230E-01
    330  -1.02979143E+01  -9.62506770E+00   6.72846561E-01
    331  -1.02991318E+01  -9.62602283E+00   6.73109017E-01
    332  -1.03003773E+01  -9.62705248E+00   6.73324830E-01
    333  -1.03013406E+01  -9.62790552E+00   6.73435094E-01
    334  -1.03023036E+01  -9.62871987E+00   6.73583706E-01
    335  -1.03034796E+01  -9.62973254E+00   6.73747087E-01
    336  -1.03046803E+01  -9.63063071E+00   6.74049606E-01
    337  -1.03055335E+01  -9.63142204E+00   6.74111494E-01
    338  -1.03063684E+01  -9.63225954E+00   6.74108829E-01
    339  -1.03074103E+01  -9.63310071E+00   6.74309611E-01
    340  -1.03084474E+01  -9.63389331E+00   6.74554103E-01
    341  -1.03093760E+01  -9.63471033E+00   6.74665696E-01
    342  -1.03103084E+01  -9.63555812E+00   6.74750322E-01
    343  -1.03110926E+01  -9.63633255E+00   6.74760050E-01
    344  -1.03118796E+01  -9.63710596E+00   6.74773607E-01
    345  -1.03128009E+01  -9.63807336E+00   6.74727547E-01
    346  -1.03138456E+01  -9.63902764E+00   6.74817970E-01
    347  -1.03146028E+01  -9.63988503E+00   6.74717754E-01
    348  -1.03154971E+01  -9.64072785E+00   6.74769212E-01
    349  -1.03163402E+01  -9.64146309E+00   6.74877150E-01
    350  -1.03171377E+01  -9.64230012E+00   6.74837614E-01
    351  -1.03181018E+01  -9.64322398E+00   6.74877822E-01
    352  -1.03191024E+01  -9.64408581E+00   6.75016630E-01
    353  -1.03199056E+01  -9.64485229E+00   6.75053361E-01
    354  -1.03207073E+01  -9.64561335E+00   6.75093981E-01
    355  -1.03213494E+01  -9.64621208E+00   6.75137349E-01
    356  -1.03219617E+01  -9.64680882E+00   6.75152827E-01
    357  -1.03226395E+01  -9.64741390E+00   6.75225593E-01
    358  -1.03233454E+01  -9.64799997E+00   6.75345464E-01
    359  -1.03240088E+01  -9.64861564E+00   6.75393176E-01
    360  -1.03246412E+01  -9.64923229E+00   6.75408862E-01
    361  -1.03254871E+01  -9.65007076E+00   6.75416342E-01
    362  -1.03263385E+01  -9.65090311E+00   6.75435416E-01
    363  -1.03269232E+01  -9.65150963E+00   6.75413577E-01
    364  -1.03275042E+01  -9.65211985E+00   6.75384371E-01
    365  -1.03279984E+01  -9.65271776E+00   6.75280641E-01
    366  -1.03284861E+01  -9.65330457E+00   6.75181548E-01
    367  -1.03290208E+01  -9.65396544E+00   6.75055392E-01
    368  -1.03295647E+01  -9.65464287E+00   6.74921838E-01
    369  -1.03301771E+01  -9.65527567E+00   6.74901381E-01
    370  -1.03308100E+01  -9.65591091E+00   6.74899081E-01
    371  -1.03313521E+01  -9.65630066E+00   6.75051425E-01
    372  -1.03318667E+01  -9.65668717E+00   6.75179559E-01
    373  -1.03325104E+01  -9.65739876E+00   6.75111622E-01
    374  -1.03331665E+01  -9.65810159E+00   6.75064951E-01
    375  -1.03339111E+01  -9.65887325E+00   6.75037812E-01
    376  -1.03346512E+01  -9.65964679E+00   6.75004388E-01
    377  -1.03354661E+01  -9.66040442E+00   6.75061656E-01
    378  -1.03362809E+01  -9.66117614E+00   6.75104786E-01
    379  -1.03370126E+01  -9.66188142E+00   6.75131139E-01
    380  -1.03377627E+01  -9.66258576E+00   6.75176945E-01
    381  -1.03385646E+01  -9.66330030E+00   6.75264330E-01
    382  -1.03394142E+01  -9.66409515E+00   6.75319033E-01
    383  -1.03403056E+01  -9.66482809E+00   6.75477518E-01
    384  -1.03411189E+01  -9.66551454E+00   6.75604373E-01
    385  -1.03418200E+01  -9.66625221E+00   6.75567761E-01
    386  -1.03425600E+01  -9.66694402E+00   6.75615974E-01
    387  -1.03432867E+01  -9.66770133E+00   6.75585417E-01
    388  -1.03440486E+01  -9.66837972E+00   6.75668876E-01
    389  -1.03447900E+01  -9.66900869E+00   6.75781314E-01
    390  -1.03454895E+01  -9.66965806E+00   6.75831473E-01
    391  -1.03462670E+01  -9.67031837E+00   6.75948596E-01
    392  -1.03471100E+01  -9.67094853E+00   6.76161487E-01
    393  -1.03480608E+01  -9.67187911E+00   6.76181709E-01
    394  -1.03488833E+01  -9.67275676E+00   6.76126497E-01
    395  -1.03494480E+01  -9.67361168E+00   6.75836286E-01
    396  -1.03501656E+01  -9.67452127E+00   6.75644295E-01
    397  -1.03507046E+01  -9.67518819E+00   6.75516450E-01
    398  -1.03512433E+01  -9.67585544E+00   6.75387864E-01
    399  -1.03518392E+01  -9.67643118E+00   6.75408038E-01
    400  -1.03524507E+01  -9.67698373E+00   6.75466953E-01
    401  -1.03530966E+01  -9.67750192E+00   6.75594683E-01
    402  -1.03537510E+01  -9.67802137E+00   6.75729597E-01
    403  -1.03544189E+01  -9.67853120E+00   6.75887660E-01
    404  -1.03550749E+01  -9.67904607E+00   6.76028832E-01
    405  -1.03555648E+01  -9.67959606E+00   6.75968716E-01
    406  -1.03560410E+01  -9.68016791E+00   6.75873089E-01
    407  -1.03565053E+01  -9.68073314E+00   6.75772129E-01
    408  -1.03570296E+01  -9.68117745E+00   6.75852196E-01
# k =   0.000000   0.500000   0.500000 spin = 1
# <ib|Sigma_CH[1..Nb]|ib> (eV), partial and symmetrized sum with up to Nb "inner" bands
# Reporting only VBM and CBM, use 'full_ch_conv_log 1' keyword for full report.
# 1/N extrap for CH(vbm) CH(cbm) diff =  -1.02037566E+01  -8.89659623E+00   1.30716039E+00
# Error est. for CH(vbm) CH(cbm) diff =   2.07433416E-01   1.64748070E-01  -4.26853459E-02
#    Nb          CH(vbm)          CH(cbm)             diff
      1  -3.38640759E-01  -1.65732852E-01   1.72907908E-01
      2  -6.77264952E-01  -3.31465844E-01   3.45799108E-01
      3  -9.76167034E-01  -5.57865598E-01   4.18301435E-01
      4  -1.27508359E+00  -7.84264846E-01   4.90818744E-01
      5  -2.16368394E+00  -8.95861724E-01   1.26782222E+00
      6  -3.04703538E+00  -1.01021013E+00   2.03682525E+00
      7  -3.93480679E+00  -1.12220543E+00   2.81260135E+00
      8  -4.82563786E+00  -1.23276094E+00   3.59287693E+00
      9  -4.96313925E+00  -2.03795592E+00   2.92518333E+00
     10  -5.10064745E+00  -2.84315001E+00   2.25749744E+00
     11  -5.30467255E+00  -3.60958039E+00   1.69509216E+00
     12  -5.49380890E+00  -4.39531100E+00   1.09849791E+00
     13  -5.67418732E+00  -4.55054237E+00   1.12364495E+00
     14  -5.85643430E+00  -4.70335585E+00   1.15307845E+00
     15  -5.92983231E+00  -4.91971170E+00   1.01012061E+00
     16  -6.00323027E+00  -5.13606688E+00   8.67163391E-01
     17  -6.16449322E+00  -5.21228026E+00   9.52212968E-01
     18  -6.29997290E+00  -5.30799526E+00   9.91977634E-01
     19  -6.44603349E+00  -5.39571238E+00   1.05032110E+00
     20  -6.59663103E+00  -5.47998936E+00   1.11664167E+00
     21  -6.69985079E+00  -5.60157422E+00   1.09827657E+00
     22  -6.80301072E+00  -5.72315925E+00   1.07985148E+00
     23  -6.91014521E+00  -5.84226697E+00   1.06787824E+00
     24  -7.01722023E+00  -5.96137485E+00   1.05584537E+00
     25  -7.11834041E+00  -6.05691175E+00   1.06142866E+00
     26  -7.21830206E+00  -6.15452167E+00   1.06378039E+00
     27  -7.30791742E+00  -6.24892519E+00   1.05899224E+00
     28  -7.39697383E+00  -6.34429649E+00   1.05267734E+00
     29  -7.44776280E+00  -6.39389352E+00   1.05386929E+00
     30  -7.49856003E+00  -6.44349281E+00   1.05506722E+00
     31  -7.55236350E+00  -6.48996433E+00   1.06239917E+00
     32  -7.60615702E+00  -6.53643391E+00   1.06972311E+00
     33  -7.64750162E+00  -6.58838977E+00   1.05911185E+00
     34  -7.68798626E+00  -6.63906975E+00   1.04891651E+00
     35  -7.72611304E+00  -6.68625790E+00   1.03985514E+00
     36  -7.76590482E+00  -6.73591735E+00   1.02998747E+00
     37  -7.81646480E+00  -6.79076656E+00   1.02569824E+00
     38  -7.86695970E+00  -6.84584990E+00   1.02110980E+00
     39  -7.91649246E+00  -6.90677575E+00   1.00971671E+00
     40  -7.96608369E+00  -6.96744656E+00   9.98637130E-01
     41  -7.99591059E+00  -7.00685092E+00   9.89059673E-01
     42  -8.02572897E+00  -7.04625269E+00   9.79476283E-01
     43  -8.06387126E+00  -7.08775808E+00   9.76113176E-01
     44  -8.10265064E+00  -7.12921469E+00   9.73435952E-01
     45  -8.14638642E+00  -7.16258874E+00   9.83797682E-01
     46  -8.19254580E+00  -7.19578634E+00   9.96759465E-01
     47  -8.23912969E+00  -7.22532439E+00   1.01380530E+00
     48  -8.28608537E+00  -7.25644180E+00   1.02964357E+00
     49  -8.33436793E+00  -7.28434602E+00   1.05002190E+00
     50  -8.38224083E+00  -7.31050954E+00   1.07173129E+00
     51  -8.41149346E+00  -7.33563298E+00   1.07586048E+00
     52  -8.44172481E+00  -7.36491446E+00   1.07681035E+00
     53  -8.47416182E+00  -7.38879311E+00   1.08536870E+00
     54  -8.50578034E+00  -7.41215360E+00   1.09362674E+00
     55  -8.52262044E+00  -7.43036080E+00   1.09225965E+00
     56  -8.53989213E+00  -7.44884090E+00   1.09105124E+00
     57  -8.55845094E+00  -7.46879124E+00   1.08965970E+00
     58  -8.57700991E+00  -7.48872417E+00   1.08828574E+00
     59  -8.59694212E+00  -7.51122977E+00   1.08571235E+00
     60  -8.61573528E+00  -7.53464573E+00   1.08108955E+00
     61  -8.63480049E+00  -7.55554524E+00   1.07925525E+00
     62  -8.65332461E+00  -7.57692590E+00   1.07639871E+00
     63  -8.67140595E+00  -7.59611996E+00   1.07528599E+00
     64  -8.68952915E+00  -7.61531404E+00   1.07421511E+00
     65  -8.70908642E+00  -7.63752718E+00   1.07155924E+00
     66  -8.72880262E+00  -7.65980568E+00   1.06899694E+00
     67  -8.74667350E+00  -7.67963925E+00   1.06703424E+00
     68  -8.76489460E+00  -7.69953058E+00   1.06536402E+00
     69  -8.78103398E+00  -7.71548405E+00   1.06554994E+00
     70  -8.79717336E+00  -7.73143728E+00   1.06573608E+00
     71  -8.81321836E+00  -7.74744001E+00   1.06577835E+00
     72  -8.82943590E+00  -7.76330510E+00   1.06613080E+00
     73  -8.84444624E+00  -7.77836988E+00   1.06607635E+00
     74  -8.85988294E+00  -7.79309459E+00   1.06678835E+00
     75  -8.87614433E+00  -7.80814650E+00   1.06799783E+00
     76  -8.89240572E+00  -7.82319842E+00   1.06920730E+00
     77  -8.90736369E+00  -7.83809633E+00   1.06926737E+00
     78  -8.92362170E+00  -7.85278128E+00   1.07084042E+00
     79  -8.93631367E+00  -7.86650849E+00   1.06980517E+00
     80  -8.94927173E+00  -7.88019277E+00   1.06907897E+00
     81  -8.96633587E+00  -7.89196225E+00   1.07437362E+00
     82  -8.98340001E+00  -7.90373576E+00   1.07966425E+00
     83  -8.99895974E+00  -7.91526581E+00   1.08369393E+00
     84  -9.01445606E+00  -7.92676049E+00   1.08769558E+00
     85  -9.02987759E+00  -7.93764483E+00   1.09223276E+00
     86  -9.04438669E+00  -7.94807420E+00   1.09631248E+00
     87  -9.05894566E+00  -7.95854090E+00   1.10040477E+00
     88  -9.07443575E+00  -7.96947102E+00   1.10496473E+00
     89  -9.09093241E+00  -7.98102163E+00   1.10991078E+00
     90  -9.10746941E+00  -7.99257230E+00   1.11489711E+00
     91  -9.12357764E+00  -8.00244450E+00   1.12113314E+00
     92  -9.13893698E+00  -8.01326286E+00   1.12567412E+00
     93  -9.14813997E+00  -8.02183467E+00   1.12630530E+00
     94  -9.15799345E+00  -8.02963682E+00   1.12835663E+00
     95  -9.16761302E+00  -8.03820368E+00   1.12940934E+00
     96  -9.17718522E+00  -8.04677706E+00   1.13040816E+00
     97  -9.18836220E+00  -8.05617507E+00   1.13218713E+00
     98  -9.19952571E+00  -8.06557393E+00   1.13395177E+00
     99  -9.21074134E+00  -8.07496196E+00   1.13577938E+00
    100  -9.22178552E+00  -8.08436040E+00   1.13742512E+00
    101  -9.22957045E+00  -8.09264586E+00   1.13692459E+00
    102  -9.23735958E+00  -8.10093150E+00   1.13642808E+00
    103  -9.24536809E+00  -8.11025271E+00   1.13511538E+00
    104  -9.25337369E+00  -8.11957380E+00   1.13379989E+00
    105  -9.26201819E+00  -8.12806436E+00   1.13395383E+00
    106  -9.27071710E+00  -8.13644314E+00   1.13427397E+00
    107  -9.28114673E+00  -8.14554168E+00   1.13560505E+00
    108  -9.29154503E+00  -8.15470874E+00   1.13683629E+00
    109  -9.30132401E+00  -8.16418614E+00   1.13713787E+00
    110  -9.31110300E+00  -8.17366353E+00   1.13743946E+00
    111  -9.31944013E+00  -8.18103077E+00   1.13840936E+00
    112  -9.32777877E+00  -8.18839595E+00   1.13938282E+00
    113  -9.33538750E+00  -8.19527763E+00   1.14010986E+00
    114  -9.34296045E+00  -8.20222465E+00   1.14073581E+00
    115  -9.35201795E+00  -8.20979771E+00   1.14222024E+00
    116  -9.36107545E+00  -8.21739056E+00   1.14368489E+00
    117  -9.36771877E+00  -8.22435453E+00   1.14336424E+00
    118  -9.37435054E+00  -8.23131862E+00   1.14303191E+00
    119  -9.38107465E+00  -8.23720878E+00   1.14386586E+00
    120  -9.38782754E+00  -8.24307608E+00   1.14475145E+00
    121  -9.39522205E+00  -8.24929505E+00   1.14592700E+00
    122  -9.40259825E+00  -8.25553970E+00   1.14705855E+00
    123  -9.41027963E+00  -8.26183432E+00   1.14844532E+00
    124  -9.41808560E+00  -8.26821542E+00   1.14987017E+00
    125  -9.42480620E+00  -8.27505890E+00   1.14974730E+00
    126  -9.43157637E+00  -8.28193528E+00   1.14964109E+00
    127  -9.43864617E+00  -8.28803680E+00   1.15060936E+00
    128  -9.44571531E+00  -8.29413830E+00   1.15157701E+00
    129  -9.45023363E+00  -8.29790456E+00   1.15232907E+00
    130  -9.45475225E+00  -8.30167475E+00   1.15307750E+00
    131  -9.45915066E+00  -8.30501481E+00   1.15413585E+00
    132  -9.46354673E+00  -8.30835061E+00   1.15519612E+00
    133  -9.46884988E+00  -8.31262937E+00   1.15622051E+00
    134  -9.47415302E+00  -8.31690812E+00   1.15724491E+00
    135  -9.48163248E+00  -8.32172157E+00   1.15991090E+00
    136  -9.48917579E+00  -8.32659466E+00   1.16258113E+00
    137  -9.49367995E+00  -8.33063231E+00   1.16304764E+00
    138  -9.49808421E+00  -8.33460646E+00   1.16347775E+00
    139  -9.50270487E+00  -8.33873627E+00   1.16396860E+00
    140  -9.50729391E+00  -8.34286638E+00   1.16442753E+00
    141  -9.51303859E+00  -8.34652376E+00   1.16651483E+00
    142  -9.51880689E+00  -8.35019317E+00   1.16861372E+00
    143  -9.52232976E+00  -8.35350567E+00   1.16882409E+00
    144  -9.52588122E+00  -8.35683265E+00   1.16904857E+00
    145  -9.53183186E+00  -8.36129362E+00   1.17053824E+00
    146  -9.53778250E+00  -8.36575362E+00   1.17202887E+00
    147  -9.54370106E+00  -8.37079460E+00   1.17290646E+00
    148  -9.54960319E+00  -8.37530538E+00   1.17429781E+00
    149  -9.55508320E+00  -8.38047430E+00   1.17460890E+00
    150  -9.56055053E+00  -8.38521711E+00   1.17533342E+00
    151  -9.56602675E+00  -8.39039903E+00   1.17562772E+00
    152  -9.57148274E+00  -8.39490739E+00   1.17657536E+00
    153  -9.57802424E+00  -8.39927335E+00   1.17875090E+00
    154  -9.58456768E+00  -8.40361348E+00   1.18095420E+00
    155  -9.59113773E+00  -8.40790123E+00   1.18323649E+00
    156  -9.59771023E+00  -8.41215979E+00   1.18555044E+00
    157  -9.60338503E+00  -8.41552147E+00   1.18786356E+00
    158  -9.60905673E+00  -8.41893534E+00   1.19012139E+00
    159  -9.61472364E+00  -8.42232548E+00   1.19239816E+00
    160  -9.62039656E+00  -8.42559351E+00   1.19480305E+00
    161  -9.62595961E+00  -8.43085492E+00   1.19510468E+00
    162  -9.63152840E+00  -8.43616448E+00   1.19536392E+00
    163  -9.63474882E+00  -8.43928139E+00   1.19546743E+00
    164  -9.63796670E+00  -8.44239803E+00   1.19556866E+00
    165  -9.64273191E+00  -8.44640256E+00   1.19632935E+00
    166  -9.64746628E+00  -8.45034853E+00   1.19711775E+00
    167  -9.65213859E+00  -8.45420897E+00   1.19792962E+00
    168  -9.65679905E+00  -8.45809065E+00   1.19870840E+00
    169  -9.66021578E+00  -8.46114061E+00   1.19907517E+00
    170  -9.66363245E+00  -8.46419059E+00   1.19944186E+00
    171  -9.66714858E+00  -8.46709690E+00   1.20005168E+00
    172  -9.67065046E+00  -8.47003354E+00   1.20061692E+00
    173  -9.67392894E+00  -8.47280578E+00   1.20112315E+00
    174  -9.67720092E+00  -8.47559178E+00   1.20160913E+00
    175  -9.68019665E+00  -8.47774330E+00   1.20245336E+00
    176  -9.68316706E+00  -8.47985683E+00   1.20331023E+00
    177  -9.68637760E+00  -8.48260243E+00   1.20377517E+00
    178  -9.68960877E+00  -8.48537904E+00   1.20422972E+00
    179  -9.69288078E+00  -8.48833518E+00   1.20454559E+00
    180  -9.69615278E+00  -8.49129131E+00   1.20486147E+00
    181  -9.69865969E+00  -8.49395572E+00   1.20470397E+00
    182  -9.70116735E+00  -8.49662012E+00   1.20454723E+00
    183  -9.70377581E+00  -8.49905729E+00   1.20471852E+00
    184  -9.70622931E+00  -8.50159535E+00   1.20463396E+00
    185  -9.70911643E+00  -8.50373711E+00   1.20537932E+00
    186  -9.71197235E+00  -8.50589908E+00   1.20607326E+00
    187  -9.71505285E+00  -8.50801391E+00   1.20703894E+00
    188  -9.71804503E+00  -8.51014121E+00   1.20790382E+00
    189  -9.72060808E+00  -8.51231614E+00   1.20829194E+00
    190  -9.72315620E+00  -8.51449237E+00   1.20866383E+00
    191  -9.72626656E+00  -8.51667087E+00   1.20959568E+00
    192  -9.72902189E+00  -8.51887948E+00   1.21014241E+00
    193  -9.73140975E+00  -8.52099996E+00   1.21040979E+00
    194  -9.73380904E+00  -8.52313144E+00   1.21067759E+00
    195  -9.73614926E+00  -8.52540688E+00   1.21074238E+00
    196  -9.73851355E+00  -8.52771576E+00   1.21079779E+00
    197  -9.74192302E+00  -8.53024250E+00   1.21168051E+00
    198  -9.74533331E+00  -8.53277046E+00   1.21256285E+00
    199  -9.74818369E+00  -8.53516886E+00   1.21301483E+00
    200  -9.75103406E+00  -8.53756723E+00   1.21346683E+00
    201  -9.75359373E+00  -8.53974537E+00   1.21384836E+00
    202  -9.75614038E+00  -8.54190600E+00   1.21423438E+00
    203  -9.75861623E+00  -8.54421179E+00   1.21440443E+00
    204  -9.76107930E+00  -8.54649995E+00   1.21457935E+00
    205  -9.76399069E+00  -8.54879069E+00   1.21520000E+00
    206  -9.76690208E+00  -8.55108085E+00   1.21582123E+00
    207  -9.76974604E+00  -8.55332355E+00   1.21642249E+00
    208  -9.77259001E+00  -8.55556524E+00   1.21702477E+00
    209  -9.77517230E+00  -8.55761496E+00   1.21755733E+00
    210  -9.77775523E+00  -8.55966435E+00   1.21809088E+00
    211  -9.78015245E+00  -8.56164269E+00   1.21850976E+00
    212  -9.78255106E+00  -8.56361927E+00   1.21893179E+00
    213  -9.78485148E+00  -8.56544576E+00   1.21940572E+00
    214  -9.78715005E+00  -8.56726629E+00   1.21988376E+00
    215  -9.78928474E+00  -8.56889829E+00   1.22038646E+00
    216  -9.79140951E+00  -8.57054652E+00   1.22086299E+00
    217  -9.79294390E+00  -8.57191925E+00   1.22102465E+00
    218  -9.79446082E+00  -8.57334105E+00   1.22111977E+00
    219  -9.79659944E+00  -8.57481615E+00   1.22178329E+00
    220  -9.79875385E+00  -8.57628163E+00   1.22247222E+00
    221  -9.80020064E+00  -8.57765692E+00   1.22254373E+00
    222  -9.80164933E+00  -8.57896810E+00   1.22268122E+00
    223  -9.80324374E+00  -8.58043559E+00   1.22280815E+00
    224  -9.80483816E+00  -8.58190945E+00   1.22292871E+00
    225  -9.80686374E+00  -8.58342357E+00   1.22344017E+00
    226  -9.80888933E+00  -8.58493770E+00   1.22395162E+00
    227  -9.81067159E+00  -8.58641655E+00   1.22425504E+00
    228  -9.81243901E+00  -8.58791408E+00   1.22452493E+00
    229  -9.81393096E+00  -8.58926353E+00   1.22466742E+00
    230  -9.81543581E+00  -8.59059682E+00   1.22483900E+00
    231  -9.81730764E+00  -8.59199969E+00   1.22530795E+00
    232  -9.81915012E+00  -8.59344161E+00   1.22570851E+00
    233  -9.82145589E+00  -8.59507638E+00   1.22637951E+00
    234  -9.82373639E+00  -8.59675291E+00   1.22698348E+00
    235  -9.82633389E+00  -8.59831542E+00   1.22801847E+00
    236  -9.82893139E+00  -8.59988566E+00   1.22904573E+00
    237  -9.83060567E+00  -8.60134741E+00   1.22925826E+00
    238  -9.83227994E+00  -8.60280903E+00   1.22947091E+00
    239  -9.83395747E+00  -8.60427823E+00   1.22967924E+00
    240  -9.83562470E+00  -8.60572459E+00   1.22990011E+00
    241  -9.83791174E+00  -8.60731450E+00   1.23059725E+00
    242  -9.84015292E+00  -8.60880005E+00   1.23135287E+00
    243  -9.84184610E+00  -8.61018459E+00   1.23166151E+00
    244  -9.84353179E+00  -8.61156981E+00   1.23196198E+00
    245  -9.84490399E+00  -8.61267226E+00   1.23223173E+00
    246  -9.84625584E+00  -8.61377624E+00   1.23247961E+00
    247  -9.84797237E+00  -8.61500549E+00   1.23296688E+00
    248  -9.84970628E+00  -8.61623341E+00   1.23347287E+00
    249  -9.85165715E+00  -8.61760673E+00   1.23405042E+00
    250  -9.85354332E+00  -8.61901372E+00   1.23452960E+00
    251  -9.85560664E+00  -8.62046813E+00   1.23513851E+00
    252  -9.85757097E+00  -8.62197402E+00   1.23559695E+00
    253  -9.85961538E+00  -8.62341975E+00   1.23619562E+00
    254  -9.86165601E+00  -8.62486745E+00   1.23678857E+00
    255  -9.86362738E+00  -8.62612117E+00   1.23750621E+00
    256  -9.86563400E+00  -8.62738799E+00   1.23824601E+00
    257  -9.86722272E+00  -8.62859400E+00   1.23862872E+00
    258  -9.86877539E+00  -8.62978602E+00   1.23898937E+00
    259  -9.87036566E+00  -8.63099185E+00   1.23937381E+00
    260  -9.87195794E+00  -8.63219768E+00   1.23976025E+00
    261  -9.87348002E+00  -8.63338020E+00   1.24009982E+00
    262  -9.87497225E+00  -8.63458155E+00   1.24039069E+00
    263  -9.87668403E+00  -8.63586699E+00   1.24081704E+00
    264  -9.87836983E+00  -8.63716883E+00   1.24120100E+00
    265  -9.88004490E+00  -8.63835750E+00   1.24168740E+00
    266  -9.88172026E+00  -8.63954615E+00   1.24217411E+00
    267  -9.88301728E+00  -8.64058422E+00   1.24243306E+00
    268  -9.88431427E+00  -8.64162230E+00   1.24269197E+00
    269  -9.88568598E+00  -8.64276876E+00   1.24291722E+00
    270  -9.88702224E+00  -8.64392035E+00   1.24310189E+00
    271  -9.88831996E+00  -8.64512890E+00   1.24319105E+00
    272  -9.88964621E+00  -8.64633333E+00   1.24331288E+00
    273  -9.89090470E+00  -8.64735517E+00   1.24354954E+00
    274  -9.89211692E+00  -8.64841208E+00   1.24370485E+00
    275  -9.89316810E+00  -8.64933677E+00   1.24383134E+00
    276  -9.89425413E+00  -8.65023623E+00   1.24401790E+00
    277  -9.89514618E+00  -8.65109341E+00   1.24405278E+00
    278  -9.89603736E+00  -8.65194985E+00   1.24408750E+00
    279  -9.89721080E+00  -8.65296401E+00   1.24424679E+00
    280  -9.89838527E+00  -8.65397899E+00   1.24440628E+00
    281  -9.89957566E+00  -8.65502215E+00   1.24455351E+00
    282  -9.90076604E+00  -8.65606552E+00   1.24470052E+00
    283  -9.90226020E+00  -8.65706129E+00   1.24519891E+00
    284  -9.90375437E+00  -8.65805727E+00   1.24569710E+00
    285  -9.90488739E+00  -8.65898437E+00   1.24590302E+00
    286  -9.90603977E+00  -8.65988929E+00   1.24615048E+00
    287  -9.90717047E+00  -8.66082006E+00   1.24635041E+00
    288  -9.90832670E+00  -8.66172191E+00   1.24660479E+00
    289  -9.90956713E+00  -8.66259605E+00   1.24697107E+00
    290  -9.91080755E+00  -8.66347019E+00   1.24733736E+00
    291  -9.91206563E+00  -8.66434303E+00   1.24772259E+00
    292  -9.91330356E+00  -8.66521763E+00   1.24808593E+00
    293  -9.91411264E+00  -8.66596707E+00   1.24814557E+00
    294  -9.91493725E+00  -8.66671523E+00   1.24822202E+00
    295  -9.91592013E+00  -8.66745741E+00   1.24846272E+00
    296  -9.91690314E+00  -8.66819966E+00   1.24870348E+00
    297  -9.91790939E+00  -8.66905961E+00   1.24884978E+00
    298  -9.91891599E+00  -8.66991955E+00   1.24899644E+00
    299  -9.91992737E+00  -8.67076432E+00   1.24916304E+00
    300  -9.92094299E+00  -8.67160721E+00   1.24933577E+00
    301  -9.92205585E+00  -8.67242615E+00   1.24962970E+00
    302  -9.92314239E+00  -8.67325543E+00   1.24988695E+00
    303  -9.92426301E+00  -8.67406310E+00   1.25019991E+00
    304  -9.92538412E+00  -8.67487075E+00   1.25051337E+00
    305  -9.92640902E+00  -8.67573525E+00   1.25067377E+00
    306  -9.92742967E+00  -8.67660117E+00   1.25082850E+00
    307  -9.92835061E+00  -8.67728941E+00   1.25106120E+00
    308  -9.92928300E+00  -8.67797571E+00   1.25130729E+00
    309  -9.93001099E+00  -8.67858378E+00   1.25142721E+00
    310  -9.93073903E+00  -8.67919189E+00   1.25154714E+00
    311  -9.93161358E+00  -8.67998940E+00   1.25162419E+00
    312  -9.93249403E+00  -8.68079181E+00   1.25170222E+00
    313  -9.93343052E+00  -8.68160063E+00   1.25182989E+00
    314  -9.93436179E+00  -8.68240520E+00   1.25195659E+00
    315  -9.93518107E+00  -8.68309862E+00   1.25208246E+00
    316  -9.93600153E+00  -8.68379250E+00   1.25220904E+00
    317  -9.93669545E+00  -8.68433460E+00   1.25236085E+00
    318  -9.93739080E+00  -8.68487712E+00   1.25251368E+00
    319  -9.93807841E+00  -8.68541411E+00   1.25266430E+00
    320  -9.93878478E+00  -8.68596302E+00   1.25282176E+00
    321  -9.93969128E+00  -8.68668604E+00   1.25300524E+00
    322  -9.94058690E+00  -8.68740220E+00   1.25318470E+00
    323  -9.94145866E+00  -8.68812947E+00   1.25332919E+00
    324  -9.94233043E+00  -8.68885659E+00   1.25347384E+00
    325  -9.94323992E+00  -8.68964395E+00   1.25359596E+00
    326  -9.94414152E+00  -8.69042904E+00   1.25371248E+00
    327  -9.94499270E+00  -8.69117849E+00   1.25381421E+00
    328  -9.94584387E+00  -8.69192752E+00   1.25391636E+00
    329  -9.94677113E+00  -8.69267313E+00   1.25409800E+00
    330  -9.94769838E+00  -8.69341875E+00   1.25427963E+00
    331  -9.94872215E+00  -8.69421957E+00   1.25450258E+00
    332  -9.94974500E+00  -8.69504475E+00   1.25470025E+00
    333  -9.95051766E+00  -8.69563690E+00   1.25488076E+00
    334  -9.95129134E+00  -8.69620038E+00   1.25509096E+00
    335  -9.95223080E+00  -8.69680203E+00   1.25542877E+00
    336  -9.95317027E+00  -8.69740322E+00   1.25576705E+00
    337  -9.95391112E+00  -8.69793372E+00   1.25597739E+00
    338  -9.95465197E+00  -8.69846423E+00   1.25618773E+00
    339  -9.95545907E+00  -8.69903885E+00   1.25642022E+00
    340  -9.95627291E+00  -8.69961626E+00   1.25665665E+00
    341  -9.95701604E+00  -8.70013617E+00   1.25687987E+00
    342  -9.95775946E+00  -8.70065620E+00   1.25710327E+00
    343  -9.95845320E+00  -8.70121201E+00   1.25724120E+00
    344  -9.95914688E+00  -8.70176780E+00   1.25737908E+00
    345  -9.95992054E+00  -8.70237370E+00   1.25754684E+00
    346  -9.96072208E+00  -8.70300028E+00   1.25772180E+00
    347  -9.96141170E+00  -8.70355822E+00   1.25785348E+00
    348  -9.96212274E+00  -8.70413199E+00   1.25799075E+00
    349  -9.96278981E+00  -8.70467793E+00   1.25811188E+00
    350  -9.96347407E+00  -8.70521783E+00   1.25825624E+00
    351  -9.96424433E+00  -8.70580301E+00   1.25844132E+00
    352  -9.96501709E+00  -8.70638731E+00   1.25862979E+00
    353  -9.96568107E+00  -8.70690278E+00   1.25877829E+00
    354  -9.96634515E+00  -8.70741824E+00   1.25892691E+00
    355  -9.96684999E+00  -8.70786236E+00   1.25898763E+00
    356  -9.96734744E+00  -8.70829505E+00   1.25905239E+00
    357  -9.96793706E+00  -8.70877576E+00   1.25916130E+00
    358  -9.96853528E+00  -8.70927112E+00   1.25926416E+00
    359  -9.96908035E+00  -8.70973711E+00   1.25934324E+00
    360  -9.96962332E+00  -8.71019956E+00   1.25942377E+00
    361  -9.97030651E+00  -8.71072954E+00   1.25957697E+00
    362  -9.97099103E+00  -8.71126021E+00   1.25973082E+00
    363  -9.97147704E+00  -8.71170761E+00   1.25976943E+00
    364  -9.97196127E+00  -8.71215410E+00   1.25980717E+00
    365  -9.97240127E+00  -8.71258536E+00   1.25981591E+00
    366  -9.97283968E+00  -8.71301642E+00   1.25982326E+00
    367  -9.97330713E+00  -8.71347856E+00   1.25982857E+00
    368  -9.97377609E+00  -8.71394076E+00   1.25983533E+00
    369  -9.97430291E+00  -8.71441567E+00   1.25988724E+00
    370  -9.97482969E+00  -8.71489056E+00   1.25993913E+00
    371  -9.97528258E+00  -8.71524412E+00   1.26003846E+00
    372  -9.97573547E+00  -8.71559767E+00   1.26013780E+00
    373  -9.97627179E+00  -8.71611098E+00   1.26016081E+00
    374  -9.97680754E+00  -8.71662465E+00   1.26018288E+00
    375  -9.97746352E+00  -8.71714157E+00   1.26032194E+00
    376  -9.97811892E+00  -8.71765894E+00   1.26045997E+00
    377  -9.97876451E+00  -8.71815524E+00   1.26060927E+00
    378  -9.97941006E+00  -8.71865407E+00   1.26075599E+00
    379  -9.98003272E+00  -8.71914280E+00   1.26088992E+00
    380  -9.98065462E+00  -8.71963917E+00   1.26101545E+00
    381  -9.98132232E+00  -8.72013835E+00   1.26118397E+00
    382  -9.98198855E+00  -8.72064950E+00   1.26133905E+00
    383  -9.98266405E+00  -8.72110244E+00   1.26156161E+00
    384  -9.98333944E+00  -8.72155539E+00   1.26178406E+00
    385  -9.98394282E+00  -8.72201984E+00   1.26192298E+00
    386  -9.98454186E+00  -8.72248693E+00   1.26205493E+00
    387  -9.98514326E+00  -8.72295257E+00   1.26219069E+00
    388  -9.98574327E+00  -8.72341900E+00   1.26232427E+00
    389  -9.98634005E+00  -8.72384975E+00   1.26249030E+00
    390  -9.98693684E+00  -8.72428095E+00   1.26265589E+00
    391  -9.98757121E+00  -8.72472354E+00   1.26284768E+00
    392  -9.98819749E+00  -8.72516659E+00   1.26303090E+00
    393  -9.98882421E+00  -8.72560410E+00   1.26322012E+00
    394  -9.98944369E+00  -8.72604264E+00   1.26340105E+00
    395  -9.99004151E+00  -8.72651094E+00   1.26353057E+00
    396  -9.99063932E+00  -8.72697916E+00   1.26366016E+00
    397  -9.99108954E+00  -8.72738607E+00   1.26370347E+00
    398  -9.99153976E+00  -8.72779299E+00   1.26374677E+00
    399  -9.99204613E+00  -8.72825164E+00   1.26379448E+00
    400  -9.99255115E+00  -8.72871150E+00   1.26383965E+00
    401  -9.99307755E+00  -8.72910009E+00   1.26397746E+00
    402  -9.99360143E+00  -8.72949097E+00   1.26411046E+00
    403  -9.99413220E+00  -8.72987540E+00   1.26425680E+00
    404  -9.99465695E+00  -8.73026521E+00   1.26439174E+00
    405  -9.99507279E+00  -8.73065802E+00   1.26441477E+00
    406  -9.99548866E+00  -8.73105068E+00   1.26443798E+00
    407  -9.99590573E+00  -8.73145011E+00   1.26445562E+00
    408  -9.99632320E+00  -8.73184816E+00   1.26447505E+00
# k =   0.500000   0.500000   0.500000 spin = 1
# <ib|Sigma_CH[1..Nb]|ib> (eV), partial and symmetrized sum with up to Nb "inner" bands
# Reporting only VBM and CBM, use 'full_ch_conv_log 1' keyword for full report.
# 1/N extrap for CH(vbm) CH(cbm) diff =  -1.06097070E+01  -9.92529567E+00   6.84411355E-01
# Error est. for CH(vbm) CH(cbm) diff =   2.52677409E-01   2.44118122E-01  -8.55928700E-03
#    Nb          CH(vbm)          CH(cbm)             diff
      1  -2.85956427E-01  -2.57255482E-01   2.87009447E-02
      2  -5.84002987E-01  -4.98211752E-01   8.57912351E-02
      3  -8.55974603E-01  -7.30827995E-01   1.25146608E-01
      4  -1.11717565E+00  -9.77964490E-01   1.39211156E-01
      5  -1.44340685E+00  -1.08494847E+00   3.58458378E-01
      6  -1.72480202E+00  -1.21648857E+00   5.08313453E-01
      7  -3.35822485E+00  -1.32098030E+00   2.03724455E+00
      8  -4.85575616E+00  -1.47394228E+00   3.38181388E+00
      9  -4.96017379E+00  -2.93888352E+00   2.02129028E+00
     10  -5.06531690E+00  -4.39861746E+00   6.66699440E-01
     11  -5.21475185E+00  -4.52620241E+00   6.88549443E-01
     12  -5.37338423E+00  -4.64553759E+00   7.27846640E-01
     13  -5.51272065E+00  -4.81862148E+00   6.94099173E-01
     14  -5.64747625E+00  -5.00197754E+00   6.45498713E-01
     15  -5.73108549E+00  -5.20214279E+00   5.28942694E-01
     16  -5.81492200E+00  -5.40125219E+00   4.13669808E-01
     17  -5.97423351E+00  -5.50717106E+00   4.67062452E-01
     18  -6.13492355E+00  -5.56774621E+00   5.67177344E-01
     19  -6.29812121E+00  -5.66741798E+00   6.30703221E-01
     20  -6.48163036E+00  -5.73040567E+00   7.51224691E-01
     21  -6.57270720E+00  -5.83744840E+00   7.35258800E-01
     22  -6.64509799E+00  -5.93506949E+00   7.10028500E-01
     23  -6.77935149E+00  -6.02404128E+00   7.55310211E-01
     24  -6.89502497E+00  -6.10364489E+00   7.91380081E-01
     25  -7.02641581E+00  -6.26812919E+00   7.58286621E-01
     26  -7.15568840E+00  -6.43228586E+00   7.23402546E-01
     27  -7.25710130E+00  -6.62660160E+00   6.30499692E-01
     28  -7.35765774E+00  -6.81005351E+00   5.47604233E-01
     29  -7.41603366E+00  -6.87418829E+00   5.41845378E-01
     30  -7.47414575E+00  -6.93912398E+00   5.35021769E-01
     31  -7.53634635E+00  -6.98936009E+00   5.46986263E-01
     32  -7.59889725E+00  -7.03853284E+00   5.60364404E-01
     33  -7.63985733E+00  -7.08323466E+00   5.56622667E-01
     34  -7.67991246E+00  -7.12636371E+00   5.53548752E-01
     35  -7.71978181E+00  -7.17018215E+00   5.49599656E-01
     36  -7.75992383E+00  -7.21538583E+00   5.44538002E-01
     37  -7.81470264E+00  -7.27447605E+00   5.40226596E-01
     38  -7.87372791E+00  -7.33022896E+00   5.43498956E-01
     39  -7.92464116E+00  -7.38684884E+00   5.37792324E-01
     40  -7.97272658E+00  -7.44535100E+00   5.27375580E-01
     41  -7.99697153E+00  -7.49484324E+00   5.02128293E-01
     42  -8.02364627E+00  -7.54736442E+00   4.76281842E-01
     43  -8.06506333E+00  -7.59385904E+00   4.71204287E-01
     44  -8.10966375E+00  -7.64235713E+00   4.67306622E-01
     45  -8.16947332E+00  -7.68947306E+00   4.80000259E-01
     46  -8.22893893E+00  -7.73628334E+00   4.92655584E-01
     47  -8.28128647E+00  -7.78482795E+00   4.96458522E-01
     48  -8.33997855E+00  -7.82876344E+00   5.11215101E-01
     49  -8.41098180E+00  -7.87174858E+00   5.39233219E-01
     50  -8.47962163E+00  -7.91651774E+00   5.63103888E-01
     51  -8.51423318E+00  -7.94345580E+00   5.70777385E-01
     52  -8.55202058E+00  -7.97127301E+00   5.80747573E-01
     53  -8.59385528E+00  -8.00135790E+00   5.92497379E-01
     54  -8.63415716E+00  -8.03001426E+00   6.04142904E-01
     55  -8.64960671E+00  -8.05277314E+00   5.96833568E-01
     56  -8.66548345E+00  -8.07543453E+00   5.90048921E-01
     57  -8.68857650E+00  -8.09983694E+00   5.88739562E-01
     58  -8.71226029E+00  -8.12422621E+00   5.88034084E-01
     59  -8.73489115E+00  -8.14642153E+00   5.88469619E-01
     60  -8.75795509E+00  -8.16860738E+00   5.89347706E-01
     61  -8.77582096E+00  -8.19379953E+00   5.82021428E-01
     62  -8.79283615E+00  -8.21589685E+00   5.76939300E-01
     63  -8.81327265E+00  -8.24695465E+00   5.66317996E-01
     64  -8.83299743E+00  -8.27552461E+00   5.57472814E-01
     65  -8.84989116E+00  -8.29852919E+00   5.51361964E-01
     66  -8.86846924E+00  -8.31417825E+00   5.54290996E-01
     67  -8.88861463E+00  -8.33435827E+00   5.54256360E-01
     68  -8.90756550E+00  -8.36060300E+00   5.46962495E-01
     69  -8.92571652E+00  -8.37684712E+00   5.48869405E-01
     70  -8.94220172E+00  -8.38989241E+00   5.52309316E-01
     71  -8.96137479E+00  -8.40635047E+00   5.55024322E-01
     72  -8.98142642E+00  -8.42238951E+00   5.59036915E-01
     73  -8.99656698E+00  -8.44411967E+00   5.52447311E-01
     74  -9.01060462E+00  -8.46835677E+00   5.42247843E-01
     75  -9.03223428E+00  -8.48754593E+00   5.44688349E-01
     76  -9.05441682E+00  -8.50595635E+00   5.48460472E-01
     77  -9.07108890E+00  -8.52145914E+00   5.49629758E-01
     78  -9.08767612E+00  -8.53701671E+00   5.50659410E-01
     79  -9.10225307E+00  -8.55416255E+00   5.48090524E-01
     80  -9.11684646E+00  -8.57112767E+00   5.45718784E-01
     81  -9.13678940E+00  -8.58929456E+00   5.47494841E-01
     82  -9.15535307E+00  -8.60821562E+00   5.47137454E-01
     83  -9.17473234E+00  -8.62330876E+00   5.51423578E-01
     84  -9.19517976E+00  -8.63879074E+00   5.56389026E-01
     85  -9.21171211E+00  -8.65111930E+00   5.60592814E-01
     86  -9.22837837E+00  -8.66136517E+00   5.67013203E-01
     87  -9.24528828E+00  -8.67483572E+00   5.70452560E-01
     88  -9.26224297E+00  -8.68944561E+00   5.72797352E-01
     89  -9.28156390E+00  -8.70690617E+00   5.74657731E-01
     90  -9.30167633E+00  -8.72429025E+00   5.77386077E-01
     91  -9.31910220E+00  -8.73578730E+00   5.83314900E-01
     92  -9.33816668E+00  -8.74719412E+00   5.90972557E-01
     93  -9.34858596E+00  -8.75599360E+00   5.92592355E-01
     94  -9.35895210E+00  -8.76440997E+00   5.94542139E-01
     95  -9.36991679E+00  -8.77831182E+00   5.91604974E-01
     96  -9.38090335E+00  -8.79225708E+00   5.88646275E-01
     97  -9.39490668E+00  -8.80478625E+00   5.90120433E-01
     98  -9.40907537E+00  -8.81891922E+00   5.90156149E-01
     99  -9.42372691E+00  -8.83309592E+00   5.90630992E-01
    100  -9.43735811E+00  -8.84659171E+00   5.90766404E-01
    101  -9.44590429E+00  -8.85547707E+00   5.90427221E-01
    102  -9.45440855E+00  -8.86303952E+00   5.91369030E-01
    103  -9.46337773E+00  -8.87215450E+00   5.91223233E-01
    104  -9.47237604E+00  -8.88218880E+00   5.90187239E-01
    105  -9.48227746E+00  -8.89064685E+00   5.91630606E-01
    106  -9.49216290E+00  -8.89936996E+00   5.92792939E-01
    107  -9.50564041E+00  -8.91181313E+00   5.93827278E-01
    108  -9.51825233E+00  -8.92644063E+00   5.91811707E-01
    109  -9.52833965E+00  -8.94082497E+00   5.87514678E-01
    110  -9.53861044E+00  -8.95507549E+00   5.83534953E-01
    111  -9.54888643E+00  -8.96389390E+00   5.84992531E-01
    112  -9.55902895E+00  -8.97281436E+00   5.86214588E-01
    113  -9.56705746E+00  -8.97949353E+00   5.87563926E-01
    114  -9.57503816E+00  -8.98659109E+00   5.88447070E-01
    115  -9.58597616E+00  -8.99857602E+00   5.87400145E-01
    116  -9.59683277E+00  -9.01111543E+00   5.85717346E-01
    117  -9.60432065E+00  -9.02048657E+00   5.83834079E-01
    118  -9.61175565E+00  -9.03033124E+00   5.81424407E-01
    119  -9.61960883E+00  -9.03754973E+00   5.82059095E-01
    120  -9.62753457E+00  -9.04434044E+00   5.83194131E-01
    121  -9.63613324E+00  -9.05129259E+00   5.84840645E-01
    122  -9.64474962E+00  -9.05854871E+00   5.86200910E-01
    123  -9.65427819E+00  -9.06564343E+00   5.88634761E-01
    124  -9.66391340E+00  -9.07294750E+00   5.90965904E-01
    125  -9.67150329E+00  -9.08142918E+00   5.90074110E-01
    126  -9.67909670E+00  -9.08977933E+00   5.89317369E-01
    127  -9.68782136E+00  -9.09796571E+00   5.89855649E-01
    128  -9.69657492E+00  -9.10624456E+00   5.90330357E-01
    129  -9.70157453E+00  -9.11017434E+00   5.91400188E-01
    130  -9.70676121E+00  -9.11398011E+00   5.92781102E-01
    131  -9.71143224E+00  -9.11792550E+00   5.93506738E-01
    132  -9.71635567E+00  -9.12169789E+00   5.94657781E-01
    133  -9.72247613E+00  -9.12749471E+00   5.94981424E-01
    134  -9.72868933E+00  -9.13316762E+00   5.95521718E-01
    135  -9.73780095E+00  -9.13970879E+00   5.98092159E-01
    136  -9.74682858E+00  -9.14632831E+00   6.00500274E-01
    137  -9.75130213E+00  -9.15069297E+00   6.00609161E-01
    138  -9.75721957E+00  -9.15523036E+00   6.01989209E-01
    139  -9.76180394E+00  -9.15946802E+00   6.02335914E-01
    140  -9.76784345E+00  -9.16387955E+00   6.03963903E-01
    141  -9.77513276E+00  -9.16924713E+00   6.05885624E-01
    142  -9.78241969E+00  -9.17461664E+00   6.07803054E-01
    143  -9.78650549E+00  -9.17848622E+00   6.08019275E-01
    144  -9.79057457E+00  -9.18237684E+00   6.08197726E-01
    145  -9.79737075E+00  -9.18740795E+00   6.09962798E-01
    146  -9.80419447E+00  -9.19240561E+00   6.11788865E-01
    147  -9.81083624E+00  -9.19776885E+00   6.13067382E-01
    148  -9.81742599E+00  -9.20346776E+00   6.13958233E-01
    149  -9.82424222E+00  -9.20950766E+00   6.14734560E-01
    150  -9.83112409E+00  -9.21611771E+00   6.15006387E-01
    151  -9.83831129E+00  -9.22232946E+00   6.15981830E-01
    152  -9.84535440E+00  -9.22869314E+00   6.16661263E-01
    153  -9.85377737E+00  -9.23379408E+00   6.19983290E-01
    154  -9.86190367E+00  -9.23975012E+00   6.22153548E-01
    155  -9.87015773E+00  -9.24486242E+00   6.25295311E-01
    156  -9.87807625E+00  -9.25091280E+00   6.27163458E-01
    157  -9.88474143E+00  -9.25574472E+00   6.28996708E-01
    158  -9.89188637E+00  -9.26026365E+00   6.31622717E-01
    159  -9.89908278E+00  -9.26464596E+00   6.34436828E-01
    160  -9.90578700E+00  -9.26929215E+00   6.36494853E-01
    161  -9.91260972E+00  -9.27682024E+00   6.35789481E-01
    162  -9.91909534E+00  -9.28528912E+00   6.33806224E-01
    163  -9.92263694E+00  -9.28928774E+00   6.33349200E-01
    164  -9.92618746E+00  -9.29308360E+00   6.33103867E-01
    165  -9.93156578E+00  -9.29920972E+00   6.32356052E-01
    166  -9.93738184E+00  -9.30585191E+00   6.31529934E-01
    167  -9.94382729E+00  -9.31296812E+00   6.30859175E-01
    168  -9.94977914E+00  -9.31954286E+00   6.30236283E-01
    169  -9.95343127E+00  -9.32336003E+00   6.30071239E-01
    170  -9.95723460E+00  -9.32709766E+00   6.30136940E-01
    171  -9.96079495E+00  -9.33039392E+00   6.30401028E-01
    172  -9.96434492E+00  -9.33371681E+00   6.30628110E-01
    173  -9.96891219E+00  -9.33676821E+00   6.32143983E-01
    174  -9.97363001E+00  -9.33949337E+00   6.34136642E-01
    175  -9.97721908E+00  -9.34215327E+00   6.35065804E-01
    176  -9.98077176E+00  -9.34492845E+00   6.35843305E-01
    177  -9.98460804E+00  -9.34776445E+00   6.36843581E-01
    178  -9.98842136E+00  -9.35083752E+00   6.37583837E-01
    179  -9.99223509E+00  -9.35425342E+00   6.37981670E-01
    180  -9.99600403E+00  -9.35786641E+00   6.38137616E-01
    181  -9.99876541E+00  -9.36090173E+00   6.37863683E-01
    182  -1.00016590E+01  -9.36392506E+00   6.37733950E-01
    183  -1.00045755E+01  -9.36652478E+00   6.38050767E-01
    184  -1.00074352E+01  -9.36927728E+00   6.38157918E-01
    185  -1.00108761E+01  -9.37157242E+00   6.39303654E-01
    186  -1.00144065E+01  -9.37401796E+00   6.40388494E-01
    187  -1.00180937E+01  -9.37685493E+00   6.41238810E-01
    188  -1.00215033E+01  -9.37973284E+00   6.41770451E-01
    189  -1.00245299E+01  -9.38246907E+00   6.42060818E-01
    190  -1.00275807E+01  -9.38530402E+00   6.42276666E-01
    191  -1.00310107E+01  -9.38839113E+00   6.42619558E-01
    192  -1.00343757E+01  -9.39161914E+00   6.42756533E-01
    193  -1.00376424E+01  -9.39384863E+00   6.43793759E-01
    194  -1.00406422E+01  -9.39623978E+00   6.44402432E-01
    195  -1.00432794E+01  -9.39878220E+00   6.44497229E-01
    196  -1.00457124E+01  -9.40148194E+00   6.44230488E-01
    197  -1.00499643E+01  -9.40547240E+00   6.44491873E-01
    198  -1.00544484E+01  -9.40897345E+00   6.45474952E-01
    199  -1.00580855E+01  -9.41218469E+00   6.45900800E-01
    200  -1.00617382E+01  -9.41535073E+00   6.46387483E-01
    201  -1.00644700E+01  -9.41799018E+00   6.46479856E-01
    202  -1.00672013E+01  -9.42058575E+00   6.46615549E-01
    203  -1.00699040E+01  -9.42338107E+00   6.46522946E-01
    204  -1.00725396E+01  -9.42542718E+00   6.47112408E-01
    205  -1.00758762E+01  -9.42794699E+00   6.47929244E-01
    206  -1.00792166E+01  -9.43045055E+00   6.48766091E-01
    207  -1.00827900E+01  -9.43304024E+00   6.49749722E-01
    208  -1.00863699E+01  -9.43560156E+00   6.50768299E-01
    209  -1.00896071E+01  -9.43835288E+00   6.51254202E-01
    210  -1.00928690E+01  -9.44092169E+00   6.51947322E-01
    211  -1.00956747E+01  -9.44318062E+00   6.52494085E-01
    212  -1.00984468E+01  -9.44560430E+00   6.52842455E-01
    213  -1.01013217E+01  -9.44824732E+00   6.53074370E-01
    214  -1.01042435E+01  -9.45101485E+00   6.53228690E-01
    215  -1.01067087E+01  -9.45324128E+00   6.53467374E-01
    216  -1.01093018E+01  -9.45578180E+00   6.53519948E-01
    217  -1.01110444E+01  -9.45714544E+00   6.53898951E-01
    218  -1.01130429E+01  -9.45900324E+00   6.54039671E-01
    219  -1.01159210E+01  -9.46128268E+00   6.54638293E-01
    220  -1.01185256E+01  -9.46314761E+00   6.55377967E-01
    221  -1.01203107E+01  -9.46486183E+00   6.55448844E-01
    222  -1.01220840E+01  -9.46660707E+00   6.55476901E-01
    223  -1.01238943E+01  -9.46877397E+00   6.55120309E-01
    224  -1.01255805E+01  -9.47080594E+00   6.54774553E-01
    225  -1.01280665E+01  -9.47307980E+00   6.54986723E-01
    226  -1.01305412E+01  -9.47534488E+00   6.55196308E-01
    227  -1.01324833E+01  -9.47715028E+00   6.55333035E-01
    228  -1.01344945E+01  -9.47920443E+00   6.55290106E-01
    229  -1.01361411E+01  -9.48086451E+00   6.55276555E-01
    230  -1.01378801E+01  -9.48241435E+00   6.55465799E-01
    231  -1.01399994E+01  -9.48433507E+00   6.55664329E-01
    232  -1.01420829E+01  -9.48623883E+00   6.55844052E-01
    233  -1.01447723E+01  -9.48844544E+00   6.56326874E-01
    234  -1.01474344E+01  -9.49049974E+00   6.56934686E-01
    235  -1.01507347E+01  -9.49296214E+00   6.57772525E-01
    236  -1.01540088E+01  -9.49527682E+00   6.58732022E-01
    237  -1.01562088E+01  -9.49737118E+00   6.58837662E-01
    238  -1.01584204E+01  -9.49943626E+00   6.58984108E-01
    239  -1.01603062E+01  -9.50137686E+00   6.58929354E-01
    240  -1.01622652E+01  -9.50345258E+00   6.58812576E-01
    241  -1.01649336E+01  -9.50577571E+00   6.59157859E-01
    242  -1.01676415E+01  -9.50813157E+00   6.59509906E-01
    243  -1.01696416E+01  -9.50992209E+00   6.59719559E-01
    244  -1.01716892E+01  -9.51167878E+00   6.60010442E-01
    245  -1.01733386E+01  -9.51299345E+00   6.60345137E-01
    246  -1.01750169E+01  -9.51434811E+00   6.60668808E-01
    247  -1.01770944E+01  -9.51602146E+00   6.61072909E-01
    248  -1.01791872E+01  -9.51770817E+00   6.61479065E-01
    249  -1.01816483E+01  -9.51974401E+00   6.61904300E-01
    250  -1.01840463E+01  -9.52170092E+00   6.62345380E-01
    251  -1.01864364E+01  -9.52384358E+00   6.62592850E-01
    252  -1.01888062E+01  -9.52598090E+00   6.62825310E-01
    253  -1.01916083E+01  -9.52817120E+00   6.63437082E-01
    254  -1.01942188E+01  -9.53042918E+00   6.63789579E-01
    255  -1.01967304E+01  -9.53248412E+00   6.64246250E-01
    256  -1.01994265E+01  -9.53447401E+00   6.64952515E-01
    257  -1.02014294E+01  -9.53633614E+00   6.65093301E-01
    258  -1.02035041E+01  -9.53790126E+00   6.65602818E-01
    259  -1.02053958E+01  -9.53981240E+00   6.65583380E-01
    260  -1.02074107E+01  -9.54133406E+00   6.66076675E-01
    261  -1.02092294E+01  -9.54297236E+00   6.66257059E-01
    262  -1.02110318E+01  -9.54463052E+00   6.66401307E-01
    263  -1.02132697E+01  -9.54641028E+00   6.66859411E-01
    264  -1.02154676E+01  -9.54828727E+00   6.67180348E-01
    265  -1.02174981E+01  -9.55020249E+00   6.67295587E-01
    266  -1.02195071E+01  -9.55214420E+00   6.67362876E-01
    267  -1.02209766E+01  -9.55360855E+00   6.67368080E-01
    268  -1.02224493E+01  -9.55506912E+00   6.67380141E-01
    269  -1.02239975E+01  -9.55655237E+00   6.67445165E-01
    270  -1.02255457E+01  -9.55806541E+00   6.67480314E-01
    271  -1.02270650E+01  -9.55946082E+00   6.67604195E-01
    272  -1.02285878E+01  -9.56082601E+00   6.67761800E-01
    273  -1.02300419E+01  -9.56213833E+00   6.67903623E-01
    274  -1.02313829E+01  -9.56353671E+00   6.67846205E-01
    275  -1.02327263E+01  -9.56464383E+00   6.68082453E-01
    276  -1.02339658E+01  -9.56582990E+00   6.68135920E-01
    277  -1.02349636E+01  -9.56689192E+00   6.68071707E-01
    278  -1.02359645E+01  -9.56793155E+00   6.68032939E-01
    279  -1.02372589E+01  -9.56950560E+00   6.67753271E-01
    280  -1.02385281E+01  -9.57112205E+00   6.67406016E-01
    281  -1.02400028E+01  -9.57263944E+00   6.67363363E-01
    282  -1.02414588E+01  -9.57415043E+00   6.67308366E-01
    283  -1.02434347E+01  -9.57592184E+00   6.67512873E-01
    284  -1.02453932E+01  -9.57768729E+00   6.67705861E-01
    285  -1.02468238E+01  -9.57873704E+00   6.68086795E-01
    286  -1.02482599E+01  -9.57971153E+00   6.68548390E-01
    287  -1.02495231E+01  -9.58078783E+00   6.68735296E-01
    288  -1.02507945E+01  -9.58182608E+00   6.68968451E-01
    289  -1.02524229E+01  -9.58297020E+00   6.69452703E-01
    290  -1.02541178E+01  -9.58401416E+00   6.70103686E-01
    291  -1.02555310E+01  -9.58516948E+00   6.70361560E-01
    292  -1.02570174E+01  -9.58623779E+00   6.70779588E-01
    293  -1.02579321E+01  -9.58716057E+00   6.70771568E-01
    294  -1.02588502E+01  -9.58808404E+00   6.70766169E-01
    295  -1.02600361E+01  -9.58907293E+00   6.70963131E-01
    296  -1.02612229E+01  -9.59006146E+00   6.71161406E-01
    297  -1.02624028E+01  -9.59118287E+00   6.71219923E-01
    298  -1.02635512E+01  -9.59234331E+00   6.71207857E-01
    299  -1.02647520E+01  -9.59343437E+00   6.71317610E-01
    300  -1.02659968E+01  -9.59445896E+00   6.71537872E-01
    301  -1.02673230E+01  -9.59555043E+00   6.71772553E-01
    302  -1.02686438E+01  -9.59676259E+00   6.71881198E-01
    303  -1.02700711E+01  -9.59809107E+00   6.71980038E-01
    304  -1.02715022E+01  -9.59934799E+00   6.72154242E-01
    305  -1.02727321E+01  -9.60075729E+00   6.71974793E-01
    306  -1.02737701E+01  -9.60238252E+00   6.71387539E-01
    307  -1.02749406E+01  -9.60333253E+00   6.71608087E-01
    308  -1.02760852E+01  -9.60431192E+00   6.71773264E-01
    309  -1.02769466E+01  -9.60513019E+00   6.71816388E-01
    310  -1.02778071E+01  -9.60589615E+00   6.71910910E-01
    311  -1.02787796E+01  -9.60686770E+00   6.71911850E-01
    312  -1.02797581E+01  -9.60791050E+00   6.71847599E-01
    313  -1.02808525E+01  -9.60902779E+00   6.71824729E-01
    314  -1.02819301E+01  -9.61016261E+00   6.71767516E-01
    315  -1.02828563E+01  -9.61125181E+00   6.71604461E-01
    316  -1.02838809E+01  -9.61213345E+00   6.71747452E-01
    317  -1.02848089E+01  -9.61290933E+00   6.71899519E-01
    318  -1.02857108E+01  -9.61368036E+00   6.72030416E-01
    319  -1.02864913E+01  -9.61447223E+00   6.72019121E-01
    320  -1.02873001E+01  -9.61524533E+00   6.72054721E-01
    321  -1.02883460E+01  -9.61618712E+00   6.72158909E-01
    322  -1.02893285E+01  -9.61707993E+00   6.72248525E-01
    323  -1.02904280E+01  -9.61807837E+00   6.72349659E-01
    324  -1.02914817E+01  -9.61902837E+00   6.72453310E-01
    325  -1.02925766E+01  -9.62009829E+00   6.72478289E-01
    326  -1.02936200E+01  -9.62102240E+00   6.72597552E-01
    327  -1.02946146E+01  -9.62209290E+00   6.72521666E-01
    328  -1.02955439E+01  -9.62304931E+00   6.72494589E-01
    329  -1.02967387E+01  -9.62408464E+00   6.72654103E-01
    330  -1.02979142E+01  -9.62506780E+00   6.72846434E-01
    331  -1.02991249E+01  -9.62601180E+00   6.73113104E-01
    332  -1.03003634E+01  -9.62703028E+00   6.73333147E-01
    333  -1.03013292E+01  -9.62788728E+00   6.73441912E-01
    334  -1.03023035E+01  -9.62871996E+00   6.73583579E-01
    335  -1.03034796E+01  -9.62973264E+00   6.73746959E-01
    336  -1.03046803E+01  -9.63063081E+00   6.74049479E-01
    337  -1.03055335E+01  -9.63142214E+00   6.74111367E-01
    338  -1.03063683E+01  -9.63225964E+00   6.74108702E-01
    339  -1.03074121E+01  -9.63311101E+00   6.74301101E-01
    340  -1.03084488E+01  -9.63390111E+00   6.74547649E-01
    341  -1.03093751E+01  -9.63470528E+00   6.74669792E-01
    342  -1.03103084E+01  -9.63555822E+00   6.74750195E-01
    343  -1.03110926E+01  -9.63633265E+00   6.74759923E-01
    344  -1.03118795E+01  -9.63710606E+00   6.74773480E-01
    345  -1.03128009E+01  -9.63807346E+00   6.74727483E-01
    346  -1.03138445E+01  -9.63902776E+00   6.74816779E-01
    347  -1.03146040E+01  -9.63988511E+00   6.74718917E-01
    348  -1.03154970E+01  -9.64072795E+00   6.74769085E-01
    349  -1.03163388E+01  -9.64146372E+00   6.74875132E-01
    350  -1.03171359E+01  -9.64230091E+00   6.74835025E-01
    351  -1.03181074E+01  -9.64322190E+00   6.74885489E-01
    352  -1.03191024E+01  -9.64408591E+00   6.75016503E-01
    353  -1.03199056E+01  -9.64485238E+00   6.75053234E-01
    354  -1.03207073E+01  -9.64561345E+00   6.75093854E-01
    355  -1.03212986E+01  -9.64616960E+00   6.75128958E-01
    356  -1.03218884E+01  -9.64674860E+00   6.75139846E-01
    357  -1.03226045E+01  -9.64738541E+00   6.75219079E-01
    358  -1.03233451E+01  -9.64800014E+00   6.75344984E-01
    359  -1.03240039E+01  -9.64861246E+00   6.75391471E-01
    360  -1.03246411E+01  -9.64923239E+00   6.75408735E-01
    361  -1.03254873E+01  -9.65007085E+00   6.75416479E-01
    362  -1.03263408E+01  -9.65090322E+00   6.75437598E-01
    363  -1.03269253E+01  -9.65150974E+00   6.75415531E-01
    364  -1.03275042E+01  -9.65211995E+00   6.75384244E-01
    365  -1.03279915E+01  -9.65271410E+00   6.75277444E-01
    366  -1.03284864E+01  -9.65330482E+00   6.75181547E-01
    367  -1.03290228E+01  -9.65396663E+00   6.75056160E-01
    368  -1.03295647E+01  -9.65464296E+00   6.74921711E-01
    369  -1.03301770E+01  -9.65527577E+00   6.74901254E-01
    370  -1.03308100E+01  -9.65591101E+00   6.74898953E-01
    371  -1.03313521E+01  -9.65630076E+00   6.75051297E-01
    372  -1.03318667E+01  -9.65668726E+00   6.75179431E-01
    373  -1.03325091E+01  -9.65739885E+00   6.75110264E-01
    374  -1.03331669E+01  -9.65810169E+00   6.75065208E-01
    375  -1.03339098E+01  -9.65887335E+00   6.75036457E-01
    376  -1.03346511E+01  -9.65964689E+00   6.75004261E-01
    377  -1.03354676E+01  -9.66039643E+00   6.75071164E-01
    378  -1.03363128E+01  -9.66113233E+00   6.75180468E-01
    379  -1.03370475E+01  -9.66183662E+00   6.75210906E-01
    380  -1.03377799E+01  -9.66255904E+00   6.75220895E-01
    381  -1.03385554E+01  -9.66330425E+00   6.75251176E-01
    382  -1.03394142E+01  -9.66409525E+00   6.75318905E-01
    383  -1.03403056E+01  -9.66482819E+00   6.75477390E-01
    384  -1.03411189E+01  -9.66551464E+00   6.75604245E-01
    385  -1.03418202E+01  -9.66625411E+00   6.75566091E-01
    386  -1.03425589E+01  -9.66693670E+00   6.75622183E-01
    387  -1.03432847E+01  -9.66768755E+00   6.75597142E-01
    388  -1.03440486E+01  -9.66837981E+00   6.75668749E-01
    389  -1.03447900E+01  -9.66900879E+00   6.75781186E-01
    390  -1.03454895E+01  -9.66965816E+00   6.75831346E-01
    391  -1.03462900E+01  -9.67031298E+00   6.75977039E-01
    392  -1.03471406E+01  -9.67094136E+00   6.76199252E-01
    393  -1.03480878E+01  -9.67187280E+00   6.76215008E-01
    394  -1.03488832E+01  -9.67275685E+00   6.76126369E-01
    395  -1.03494479E+01  -9.67361178E+00   6.75836159E-01
    396  -1.03501655E+01  -9.67452137E+00   6.75644167E-01
    397  -1.03507046E+01  -9.67518829E+00   6.75516323E-01
    398  -1.03512433E+01  -9.67585553E+00   6.75387736E-01
    399  -1.03518399E+01  -9.67643059E+00   6.75409284E-01
    400  -1.03524433E+01  -9.67699539E+00   6.75447906E-01
    401  -1.03530900E+01  -9.67751208E+00   6.75577917E-01
    402  -1.03537463E+01  -9.67802638E+00   6.75719953E-01
    403  -1.03544085E+01  -9.67854540E+00   6.75863072E-01
    404  -1.03550749E+01  -9.67904617E+00   6.76028705E-01
    405  -1.03555667E+01  -9.67957399E+00   6.75992746E-01
    406  -1.03560476E+01  -9.68009451E+00   6.75953061E-01
    407  -1.03565100E+01  -9.68067990E+00   6.75830142E-01
    408  -1.03570296E+01  -9.68117754E+00   6.75852068E-01
