# Generated by LORRAX 0.1.0 at 2026-05-09 02:22:47 UTC
  0.000000000  0.000000000  0.000000000      80
       1       1  -65.372252713  562.565779575
       1       2  -65.372252713  562.565779576
       1       3  -41.997239406  590.309295673
       1       4  -41.997239406  590.309295673
       1       5  -39.497234763  582.003141655
       1       6  -39.497234763  582.003141655
       1       7  -39.272877200  593.342447042
       1       8  -39.272877200  593.342447042
       1       9  -19.398603934  363.717572658
       1      10  -19.398603934  363.717572658
       1      11  -18.214280028  335.696401264
       1      12  -18.214280028  335.696401265
       1      13  -10.873767665  387.025311206
       1      14  -10.873767665  387.025311206
       1      15   -7.815639791  503.943866614
       1      16   -7.815639791  503.943866621
       1      17   -7.759785208  498.314071926
       1      18   -7.759785208  498.314071919
       1      19   -7.145276163  297.975089372
       1      20   -7.145276163  297.975089372
       1      21   -6.779802660  469.657155479
       1      22   -6.779802660  469.657155474
       1      23   -6.699109091  468.858944628
       1      24   -6.699109091  468.858944624
       1      25   -5.386093228  428.802296089
       1      26   -5.386093228  428.802296085
       1      27   -2.581487766  448.373911607
       1      28   -2.581487766  448.373911610
       1      29   -2.505729283  446.225760901
       1      30   -2.505729283  446.225760901
       1      31   -2.332526379  430.497840170
       1      32   -2.332526379  430.497840171
       1      33   -2.326587078  428.070717077
       1      34   -2.326587078  428.070717077
       1      35    1.113319981  441.720074399
       1      36    1.113319981  441.720074400
       1      37    3.714013537  352.519114493
       1      38    3.714013537  352.519114492
       1      39    3.951990992  148.540322491
       1      40    3.951990992  148.540322490
       1      41    4.776396958   30.980570621
       1      42    4.776396958   30.980570621
       1      43    5.486223595  385.455233624
       1      44    5.486223595  385.455233644
       1      45    5.562326938  383.989657273
       1      46    5.562326938  383.989657278
       1      47    7.461580352  360.675138264
       1      48    7.461580352  360.675138311
       1      49    7.478940205  361.711262325
       1      50    7.478940205  361.711262330
       1      51    7.640758303  311.647054075
       1      52    7.640758303  311.647054075
       1      53   10.750583907  351.893339232
       1      54   10.750583907  351.893339269
       1      55   10.765262863  351.947530776
       1      56   10.765262863  351.947530754
       1      57   10.847684787  378.406823754
       1      58   10.847684787  378.406823746
       1      59   11.103918741  371.569817446
       1      60   11.103918741  371.569817438
       1      61   11.110759105  371.495269468
       1      62   11.110759105  371.495269454
       1      63   11.238345647  183.416740283
       1      64   11.238345647  183.416740283
       1      65   14.009904811  164.166272362
       1      66   14.009904811  164.166272366
       1      67   14.263648017  111.235870011
       1      68   14.263648017  111.235870009
       1      69   14.654707915  172.077848705
       1      70   14.654707915  172.077848684
       1      71   16.051968718  216.937852003
       1      72   16.051968718  216.937852031
       1      73   18.076102043  321.670361323
       1      74   18.076102043  321.670361930
       1      75   18.251524864  314.720168979
       1      76   18.251524864  314.720168401
       1      77   20.596317563  187.070756094
       1      78   20.596317563  187.070756056
       1      79   20.815167666  173.954507745
       1      80   20.815167666  173.954508094
  0.000000000  0.333333333  0.000000000      80
       1       1  -65.392798966  568.129997588
       1       2  -65.392798966  568.129997590
       1       3  -42.080406803  590.039608158
       1       4  -42.080406756  590.039608493
       1       5  -39.576633882  583.862347740
       1       6  -39.576633873  583.862347913
       1       7  -39.426547754  587.978238401
       1       8  -39.426547701  587.978238646
       1       9  -18.084492826  365.719240784
       1      10  -18.084492822  365.719240876
       1      11  -17.638782722  352.386754739
       1      12  -17.638782720  352.386754728
       1      13  -10.524665254  415.967138543
       1      14  -10.524665196  415.967139277
       1      15   -9.566582664  377.507197956
       1      16   -9.566582603  377.507198532
       1      17   -9.176329718  371.843810514
       1      18   -9.176329656  371.843810678
       1      19   -8.120290201  454.554245531
       1      20   -8.120290072  454.554247152
       1      21   -7.044057807  321.555733107
       1      22   -7.044057793  321.555734147
       1      23   -6.595082220  431.409259075
       1      24   -6.595079390  431.409212767
       1      25   -6.289899601  479.412775421
       1      26   -6.289896456  479.412728977
       1      27   -3.056465410  514.888541756
       1      28   -3.056463380  514.888572645
       1      29   -2.954588525  487.249361302
       1      30   -2.954586146  487.249393354
       1      31   -1.863615373  467.404569248
       1      32   -1.863614549  467.404566190
       1      33   -1.263891886  453.708561978
       1      34   -1.263891011  453.708558944
       1      35    2.649881844  359.203314666
       1      36    2.649882106  359.203320425
       1      37    2.893229927  336.331596222
       1      38    2.893229985  336.331596768
       1      39    3.304597703  352.821080623
       1      40    3.304598358  352.821087690
       1      41    5.155271593  232.926618724
       1      42    5.155271638  232.926617353
       1      43    5.593536507  313.610829150
       1      44    5.593537153  313.610831887
       1      45    7.168541443  410.034304062
       1      46    7.168541737  410.034307940
       1      47    7.616675743  192.049536736
       1      48    7.616675743  192.049536206
       1      49    7.719676635  335.189576364
       1      50    7.719676785  335.189579589
       1      51    9.143825613  352.030762491
       1      52    9.143825642  352.030763145
       1      53    9.711198701  237.441697659
       1      54    9.711199303  237.441679980
       1      55   10.065542634  388.690526142
       1      56   10.065543235  388.690517401
       1      57   10.144713365  320.555064197
       1      58   10.144713579  320.555073544
       1      59   12.357125907  379.812622137
       1      60   12.357125943  379.812622638
       1      61   13.541741152  135.071181571
       1      62   13.541741179  135.071182284
       1      63   13.877065352  124.824063698
       1      64   13.877065712  124.824060548
       1      65   14.840728597  153.817428753
       1      66   14.840728743  153.817425610
       1      67   15.590640243  165.628290434
       1      68   15.590640323  165.628289751
       1      69   16.288988903  320.085272698
       1      70   16.288989215  320.085277480
       1      71   17.050900062  306.772878961
       1      72   17.050900459  306.772876182
       1      73   17.207930619   92.969468416
       1      74   17.207930631   92.969467793
       1      75   17.657339838  129.870666543
       1      76   17.657339921  129.870668911
       1      77   19.467538755  293.983573474
       1      78   19.467538763  293.983569993
       1      79   19.553067055  336.098422437
       1      80   19.553067233  336.098423516
  0.000000000  0.666666667  0.000000000      80
       1       1  -65.392798966  568.129997588
       1       2  -65.392798966  568.129997590
       1       3  -42.080406803  590.039608158
       1       4  -42.080406756  590.039608493
       1       5  -39.576633882  583.862347740
       1       6  -39.576633873  583.862347913
       1       7  -39.426547754  587.978238401
       1       8  -39.426547701  587.978238646
       1       9  -18.084492826  365.719240784
       1      10  -18.084492822  365.719240876
       1      11  -17.638782722  352.386754739
       1      12  -17.638782720  352.386754728
       1      13  -10.524665254  415.967138543
       1      14  -10.524665196  415.967139277
       1      15   -9.566582664  377.507197956
       1      16   -9.566582603  377.507198532
       1      17   -9.176329718  371.843810514
       1      18   -9.176329656  371.843810678
       1      19   -8.120290201  454.554245531
       1      20   -8.120290072  454.554247152
       1      21   -7.044057807  321.555733107
       1      22   -7.044057793  321.555734147
       1      23   -6.595082220  431.409259075
       1      24   -6.595079390  431.409212767
       1      25   -6.289899601  479.412775421
       1      26   -6.289896456  479.412728977
       1      27   -3.056465410  514.888541756
       1      28   -3.056463380  514.888572645
       1      29   -2.954588525  487.249361302
       1      30   -2.954586146  487.249393354
       1      31   -1.863615373  467.404569248
       1      32   -1.863614549  467.404566190
       1      33   -1.263891886  453.708561978
       1      34   -1.263891011  453.708558944
       1      35    2.649881844  359.203314666
       1      36    2.649882106  359.203320425
       1      37    2.893229927  336.331596222
       1      38    2.893229985  336.331596768
       1      39    3.304597703  352.821080623
       1      40    3.304598358  352.821087690
       1      41    5.155271593  232.926618724
       1      42    5.155271638  232.926617353
       1      43    5.593536507  313.610829150
       1      44    5.593537153  313.610831887
       1      45    7.168541443  410.034304062
       1      46    7.168541737  410.034307940
       1      47    7.616675743  192.049536736
       1      48    7.616675743  192.049536206
       1      49    7.719676635  335.189576364
       1      50    7.719676785  335.189579589
       1      51    9.143825613  352.030762491
       1      52    9.143825642  352.030763145
       1      53    9.711198701  237.441697659
       1      54    9.711199303  237.441679980
       1      55   10.065542634  388.690526142
       1      56   10.065543235  388.690517401
       1      57   10.144713365  320.555064197
       1      58   10.144713579  320.555073544
       1      59   12.357125907  379.812622137
       1      60   12.357125943  379.812622638
       1      61   13.541741152  135.071181571
       1      62   13.541741179  135.071182284
       1      63   13.877065352  124.824063698
       1      64   13.877065712  124.824060548
       1      65   14.840728597  153.817428753
       1      66   14.840728743  153.817425610
       1      67   15.590640243  165.628290434
       1      68   15.590640323  165.628289751
       1      69   16.288988903  320.085272698
       1      70   16.288989215  320.085277480
       1      71   17.050900062  306.772878961
       1      72   17.050900459  306.772876182
       1      73   17.207930619   92.969468416
       1      74   17.207930631   92.969467793
       1      75   17.657339838  129.870666543
       1      76   17.657339921  129.870668911
       1      77   19.467538755  293.983573474
       1      78   19.467538763  293.983569993
       1      79   19.553067055  336.098422437
       1      80   19.553067233  336.098423516
  0.333333333  0.000000000  0.000000000      80
       1       1  -65.392799037  570.829333586
       1       2  -65.392799037  570.829333586
       1       3  -42.080406559  590.270469129
       1       4  -42.080406552  590.270469160
       1       5  -39.576634202  583.313875662
       1       6  -39.576634201  583.313875673
       1       7  -39.426546623  589.199919862
       1       8  -39.426546619  589.199919854
       1       9  -18.084495257  365.673178186
       1      10  -18.084495198  365.673178435
       1      11  -17.638784954  350.925320991
       1      12  -17.638784947  350.925320963
       1      13  -10.524665499  416.044448910
       1      14  -10.524665399  416.044449435
       1      15   -9.566583398  378.690989440
       1      16   -9.566583327  378.690990389
       1      17   -9.176334037  375.774210214
       1      18   -9.176334011  375.774210374
       1      19   -8.120282093  452.513045089
       1      20   -8.120281965  452.513047261
       1      21   -7.044059400  324.687592994
       1      22   -7.044059395  324.687591852
       1      23   -6.595074415  432.855276374
       1      24   -6.595072720  432.855253093
       1      25   -6.289901239  476.314455218
       1      26   -6.289899363  476.314432912
       1      27   -3.056462027  516.851417100
       1      28   -3.056460802  516.851431814
       1      29   -2.954588643  486.414307556
       1      30   -2.954587134  486.414324498
       1      31   -1.863614408  467.644412352
       1      32   -1.863613861  467.644411529
       1      33   -1.263888590  462.014753110
       1      34   -1.263888018  462.014752527
       1      35    2.649882235  360.268661137
       1      36    2.649882457  360.268666914
       1      37    2.893232275  336.511917621
       1      38    2.893232349  336.511918196
       1      39    3.304595995  352.596159849
       1      40    3.304596673  352.596166801
       1      41    5.155271343  231.339669455
       1      42    5.155271378  231.339668078
       1      43    5.593533717  315.347791285
       1      44    5.593534325  315.347793755
       1      45    7.168551725  403.527060371
       1      46    7.168551913  403.527065835
       1      47    7.616670289  186.095763022
       1      48    7.616670291  186.095762326
       1      49    7.719668185  333.481221814
       1      50    7.719668625  333.481228200
       1      51    9.143833046  344.634845613
       1      52    9.143833050  344.634845243
       1      53    9.711196923  237.360027301
       1      54    9.711196973  237.360023120
       1      55   10.065545510  385.628623297
       1      56   10.065545726  385.628624769
       1      57   10.144710139  320.079873922
       1      58   10.144710255  320.079879672
       1      59   12.357129831  367.391644382
       1      60   12.357129844  367.391645086
       1      61   13.541740430  135.171505738
       1      62   13.541740458  135.171506475
       1      63   13.877062637  123.907354715
       1      64   13.877062972  123.907352169
       1      65   14.840724016  154.376826715
       1      66   14.840724107  154.376824020
       1      67   15.590635878  164.609949767
       1      68   15.590635940  164.609949483
       1      69   16.289002142  324.507847079
       1      70   16.289002434  324.507851055
       1      71   17.050897742  301.221686895
       1      72   17.050898016  301.221685502
       1      73   17.207927796   71.246717348
       1      74   17.207927806   71.246716670
       1      75   17.657340173  141.749380395
       1      76   17.657340245  141.749382052
       1      77   19.467532090  278.396285020
       1      78   19.467532288  278.396284515
       1      79   19.553053443  322.457608479
       1      80   19.553053551  322.457610456
  0.333333333  0.333333333  0.000000000      80
       1       1  -65.289462674  570.212259618
       1       2  -65.289458498  570.212279289
       1       3  -42.122164959  589.713620175
       1       4  -42.099980776  589.120554267
       1       5  -39.582218453  588.870473329
       1       6  -39.538369072  581.020486220
       1       7  -39.534507936  587.985124016
       1       8  -39.522506870  580.812538245
       1       9  -17.273677014  372.520811643
       1      10  -17.230830371  363.112843540
       1      11  -17.227364559  362.918435449
       1      12  -17.210674522  371.807142285
       1      13  -10.760539097  414.268731332
       1      14  -10.751426497  415.759443963
       1      15   -9.925139452  376.649595538
       1      16   -9.889645880  376.807065283
       1      17   -9.441757424  388.381342312
       1      18   -9.382373825  386.887132105
       1      19   -8.864992892  371.039159126
       1      20   -8.839966769  374.878605454
       1      21   -8.314099160  343.956808861
       1      22   -8.264529569  343.641486211
       1      23   -7.587981801  350.383039285
       1      24   -7.566418118  349.287427154
       1      25   -5.326194433  524.810556130
       1      26   -5.193615013  521.647272220
       1      27   -3.493546231  562.348151838
       1      28   -3.489961138  561.777232250
       1      29   -2.349113707  435.338108612
       1      30   -2.318860600  435.623370011
       1      31   -1.737564400  519.614144507
       1      32   -1.607455393  521.530024002
       1      33   -0.396867227  522.108733337
       1      34   -0.320176487  522.459781523
       1      35    2.059713038  398.867743274
       1      36    2.197666140  396.179956797
       1      37    2.544442308  317.211701725
       1      38    2.547608527  316.633201113
       1      39    4.779964241  248.507421303
       1      40    4.790014769  248.530807890
       1      41    5.792461787  365.377515433
       1      42    5.847474768  363.481729721
       1      43    6.356892050  395.337899427
       1      44    6.375935048  396.257009213
       1      45    7.147368562  243.613813274
       1      46    7.164537649  244.079495759
       1      47    7.271748297  346.283857927
       1      48    7.332088902  344.842642826
       1      49    7.688872609  358.534414544
       1      50    7.718731243  358.808591483
       1      51    7.723234905  373.324568418
       1      52    7.742221738  373.227555800
       1      53    9.005470692  200.372533857
       1      54    9.005477775  200.373435439
       1      55   10.575349631  245.931202017
       1      56   10.637024943  246.390691659
       1      57   11.728256450  196.677595269
       1      58   11.732589612  195.603747088
       1      59   12.950803713   86.493958400
       1      60   12.953291303  100.151883801
       1      61   13.273329269  292.386080098
       1      62   13.344626934  100.292686987
       1      63   13.372806595  202.181095895
       1      64   13.502358420  406.141318619
       1      65   14.091708187  157.867049439
       1      66   14.097492939  157.594426841
       1      67   14.882463387  119.186075167
       1      68   14.897878531  119.765854180
       1      69   15.456547656  217.387586751
       1      70   15.475578938  217.017824021
       1      71   17.724108897  198.253847831
       1      72   17.738871981  198.228118062
       1      73   19.265162533  359.450030035
       1      74   19.265337873  359.699368521
       1      75   20.119739824  351.741210692
       1      76   20.145671630  345.255428862
       1      77   20.189680980  367.786221553
       1      78   20.193331317  372.583961157
       1      79   20.210405005  125.451418746
       1      80   20.217787930  120.726504829
  0.333333333  0.666666667  0.000000000      80
       1       1  -65.392798949  568.760370929
       1       2  -65.392798949  568.760370931
       1       3  -42.080406898  589.884720171
       1       4  -42.080406858  589.884720476
       1       5  -39.576633312  583.079732388
       1       6  -39.576633304  583.079732550
       1       7  -39.426548780  588.529437147
       1       8  -39.426548732  588.529437401
       1       9  -18.084493443  365.281030190
       1      10  -18.084493388  365.281030346
       1      11  -17.638776812  352.012603508
       1      12  -17.638776807  352.012603491
       1      13  -10.524665075  416.389671212
       1      14  -10.524665033  416.389671000
       1      15   -9.566581673  380.968209292
       1      16   -9.566581663  380.968209654
       1      17   -9.176332360  375.520525791
       1      18   -9.176332325  375.520525789
       1      19   -8.120308135  453.300330056
       1      20   -8.120308134  453.300329515
       1      21   -7.044052525  322.998117561
       1      22   -7.044052507  322.998117463
       1      23   -6.595086813  432.502982515
       1      24   -6.595085679  432.502959501
       1      25   -6.289884454  474.550573136
       1      26   -6.289883185  474.550549001
       1      27   -3.056468204  517.274149616
       1      28   -3.056467399  517.274165812
       1      29   -2.954590279  485.825775847
       1      30   -2.954589408  485.825790971
       1      31   -1.863629800  466.306546007
       1      32   -1.863629524  466.306543780
       1      33   -1.263885267  456.571601207
       1      34   -1.263884964  456.571598758
       1      35    2.649883260  359.354498282
       1      36    2.649883301  359.354498263
       1      37    2.893230932  337.311204651
       1      38    2.893230947  337.311204652
       1      39    3.304594270  351.283197066
       1      40    3.304594293  351.283196943
       1      41    5.155266710  234.904484106
       1      42    5.155266720  234.904484135
       1      43    5.593547721  318.264734889
       1      44    5.593547760  318.264735157
       1      45    7.168538299  404.156045051
       1      46    7.168538404  404.156043486
       1      47    7.616677831  188.964946005
       1      48    7.616677832  188.964945828
       1      49    7.719676925  334.118231137
       1      50    7.719677215  334.118234296
       1      51    9.143823550  347.549569321
       1      52    9.143823583  347.549569560
       1      53    9.711212153  236.707524398
       1      54    9.711212706  236.707510883
       1      55   10.065536718  383.376124786
       1      56   10.065537104  383.376114522
       1      57   10.144727394  321.264133668
       1      58   10.144727493  321.264137268
       1      59   12.357130757  369.793120688
       1      60   12.357130780  369.793120492
       1      61   13.541744720  136.056675968
       1      62   13.541744721  136.056675928
       1      63   13.877057897  120.113566307
       1      64   13.877057921  120.113565750
       1      65   14.840741072  158.381218373
       1      66   14.840741127  158.381217999
       1      67   15.590643645  170.006278456
       1      68   15.590643664  170.006278059
       1      69   16.288971700  328.361869517
       1      70   16.288971721  328.361870600
       1      71   17.050888545  289.750286032
       1      72   17.050888669  289.750284732
       1      73   17.207931321   69.083902267
       1      74   17.207931323   69.083901788
       1      75   17.657339605  143.527620491
       1      76   17.657339616  143.527621051
       1      77   19.467552322  271.028939446
       1      78   19.467552512  271.028941815
       1      79   19.553072934  310.954626277
       1      80   19.553073005  310.954626479
  0.666666667 -0.000000000  0.000000000      80
       1       1  -65.392799037  570.829333586
       1       2  -65.392799037  570.829333586
       1       3  -42.080406559  590.270469129
       1       4  -42.080406552  590.270469160
       1       5  -39.576634202  583.313875662
       1       6  -39.576634201  583.313875673
       1       7  -39.426546623  589.199919862
       1       8  -39.426546619  589.199919854
       1       9  -18.084495257  365.673178186
       1      10  -18.084495198  365.673178435
       1      11  -17.638784954  350.925320991
       1      12  -17.638784947  350.925320963
       1      13  -10.524665499  416.044448910
       1      14  -10.524665399  416.044449435
       1      15   -9.566583398  378.690989440
       1      16   -9.566583327  378.690990389
       1      17   -9.176334037  375.774210214
       1      18   -9.176334011  375.774210374
       1      19   -8.120282093  452.513045089
       1      20   -8.120281965  452.513047261
       1      21   -7.044059400  324.687592994
       1      22   -7.044059395  324.687591852
       1      23   -6.595074415  432.855276374
       1      24   -6.595072720  432.855253093
       1      25   -6.289901239  476.314455218
       1      26   -6.289899363  476.314432912
       1      27   -3.056462027  516.851417100
       1      28   -3.056460802  516.851431814
       1      29   -2.954588643  486.414307556
       1      30   -2.954587134  486.414324498
       1      31   -1.863614408  467.644412352
       1      32   -1.863613861  467.644411529
       1      33   -1.263888590  462.014753110
       1      34   -1.263888018  462.014752527
       1      35    2.649882235  360.268661137
       1      36    2.649882457  360.268666914
       1      37    2.893232275  336.511917621
       1      38    2.893232349  336.511918196
       1      39    3.304595995  352.596159849
       1      40    3.304596673  352.596166801
       1      41    5.155271343  231.339669455
       1      42    5.155271378  231.339668078
       1      43    5.593533717  315.347791285
       1      44    5.593534325  315.347793755
       1      45    7.168551725  403.527060371
       1      46    7.168551913  403.527065835
       1      47    7.616670289  186.095763022
       1      48    7.616670291  186.095762326
       1      49    7.719668185  333.481221814
       1      50    7.719668625  333.481228200
       1      51    9.143833046  344.634845613
       1      52    9.143833050  344.634845243
       1      53    9.711196923  237.360027301
       1      54    9.711196973  237.360023120
       1      55   10.065545510  385.628623297
       1      56   10.065545726  385.628624769
       1      57   10.144710139  320.079873922
       1      58   10.144710255  320.079879672
       1      59   12.357129831  367.391644382
       1      60   12.357129844  367.391645086
       1      61   13.541740430  135.171505738
       1      62   13.541740458  135.171506475
       1      63   13.877062637  123.907354715
       1      64   13.877062972  123.907352169
       1      65   14.840724016  154.376826715
       1      66   14.840724107  154.376824020
       1      67   15.590635878  164.609949767
       1      68   15.590635940  164.609949483
       1      69   16.289002142  324.507847079
       1      70   16.289002434  324.507851055
       1      71   17.050897742  301.221686895
       1      72   17.050898016  301.221685502
       1      73   17.207927796   71.246717348
       1      74   17.207927806   71.246716670
       1      75   17.657340173  141.749380395
       1      76   17.657340245  141.749382052
       1      77   19.467532090  278.396285020
       1      78   19.467532288  278.396284515
       1      79   19.553053443  322.457608479
       1      80   19.553053551  322.457610456
  0.666666667  0.333333333  0.000000000      80
       1       1  -65.392798949  568.760370929
       1       2  -65.392798949  568.760370931
       1       3  -42.080406898  589.884720171
       1       4  -42.080406858  589.884720476
       1       5  -39.576633312  583.079732388
       1       6  -39.576633304  583.079732550
       1       7  -39.426548780  588.529437147
       1       8  -39.426548732  588.529437401
       1       9  -18.084493443  365.281030190
       1      10  -18.084493388  365.281030346
       1      11  -17.638776812  352.012603508
       1      12  -17.638776807  352.012603491
       1      13  -10.524665075  416.389671212
       1      14  -10.524665033  416.389671000
       1      15   -9.566581673  380.968209292
       1      16   -9.566581663  380.968209654
       1      17   -9.176332360  375.520525791
       1      18   -9.176332325  375.520525789
       1      19   -8.120308135  453.300330056
       1      20   -8.120308134  453.300329515
       1      21   -7.044052525  322.998117561
       1      22   -7.044052507  322.998117463
       1      23   -6.595086813  432.502982515
       1      24   -6.595085679  432.502959501
       1      25   -6.289884454  474.550573136
       1      26   -6.289883185  474.550549001
       1      27   -3.056468204  517.274149616
       1      28   -3.056467399  517.274165812
       1      29   -2.954590279  485.825775847
       1      30   -2.954589408  485.825790971
       1      31   -1.863629800  466.306546007
       1      32   -1.863629524  466.306543780
       1      33   -1.263885267  456.571601207
       1      34   -1.263884964  456.571598758
       1      35    2.649883260  359.354498282
       1      36    2.649883301  359.354498263
       1      37    2.893230932  337.311204651
       1      38    2.893230947  337.311204652
       1      39    3.304594270  351.283197066
       1      40    3.304594293  351.283196943
       1      41    5.155266710  234.904484106
       1      42    5.155266720  234.904484135
       1      43    5.593547721  318.264734889
       1      44    5.593547760  318.264735157
       1      45    7.168538299  404.156045051
       1      46    7.168538404  404.156043486
       1      47    7.616677831  188.964946005
       1      48    7.616677832  188.964945828
       1      49    7.719676925  334.118231137
       1      50    7.719677215  334.118234296
       1      51    9.143823550  347.549569321
       1      52    9.143823583  347.549569560
       1      53    9.711212153  236.707524398
       1      54    9.711212706  236.707510883
       1      55   10.065536718  383.376124786
       1      56   10.065537104  383.376114522
       1      57   10.144727394  321.264133668
       1      58   10.144727493  321.264137268
       1      59   12.357130757  369.793120688
       1      60   12.357130780  369.793120492
       1      61   13.541744720  136.056675968
       1      62   13.541744721  136.056675928
       1      63   13.877057897  120.113566307
       1      64   13.877057921  120.113565750
       1      65   14.840741072  158.381218373
       1      66   14.840741127  158.381217999
       1      67   15.590643645  170.006278456
       1      68   15.590643664  170.006278059
       1      69   16.288971700  328.361869517
       1      70   16.288971721  328.361870600
       1      71   17.050888545  289.750286032
       1      72   17.050888669  289.750284732
       1      73   17.207931321   69.083902267
       1      74   17.207931323   69.083901788
       1      75   17.657339605  143.527620491
       1      76   17.657339616  143.527621051
       1      77   19.467552322  271.028939446
       1      78   19.467552512  271.028941815
       1      79   19.553072934  310.954626277
       1      80   19.553073005  310.954626479
  0.666666667  0.666666667  0.000000000      80
       1       1  -65.289462674  570.212259618
       1       2  -65.289458498  570.212279289
       1       3  -42.122164959  589.713620175
       1       4  -42.099980776  589.120554267
       1       5  -39.582218453  588.870473329
       1       6  -39.538369072  581.020486220
       1       7  -39.534507936  587.985124016
       1       8  -39.522506870  580.812538245
       1       9  -17.273677014  372.520811643
       1      10  -17.230830371  363.112843540
       1      11  -17.227364559  362.918435449
       1      12  -17.210674522  371.807142285
       1      13  -10.760539097  414.268731332
       1      14  -10.751426497  415.759443963
       1      15   -9.925139452  376.649595538
       1      16   -9.889645880  376.807065283
       1      17   -9.441757424  388.381342312
       1      18   -9.382373825  386.887132105
       1      19   -8.864992892  371.039159126
       1      20   -8.839966769  374.878605454
       1      21   -8.314099160  343.956808861
       1      22   -8.264529569  343.641486211
       1      23   -7.587981801  350.383039285
       1      24   -7.566418118  349.287427154
       1      25   -5.326194433  524.810556130
       1      26   -5.193615013  521.647272220
       1      27   -3.493546231  562.348151838
       1      28   -3.489961138  561.777232250
       1      29   -2.349113707  435.338108612
       1      30   -2.318860600  435.623370011
       1      31   -1.737564400  519.614144507
       1      32   -1.607455393  521.530024002
       1      33   -0.396867227  522.108733337
       1      34   -0.320176487  522.459781523
       1      35    2.059713038  398.867743274
       1      36    2.197666140  396.179956797
       1      37    2.544442308  317.211701725
       1      38    2.547608527  316.633201113
       1      39    4.779964241  248.507421303
       1      40    4.790014769  248.530807890
       1      41    5.792461787  365.377515433
       1      42    5.847474768  363.481729721
       1      43    6.356892050  395.337899427
       1      44    6.375935048  396.257009213
       1      45    7.147368562  243.613813274
       1      46    7.164537649  244.079495759
       1      47    7.271748297  346.283857927
       1      48    7.332088902  344.842642826
       1      49    7.688872609  358.534414544
       1      50    7.718731243  358.808591483
       1      51    7.723234905  373.324568418
       1      52    7.742221738  373.227555800
       1      53    9.005470692  200.372533857
       1      54    9.005477775  200.373435439
       1      55   10.575349631  245.931202017
       1      56   10.637024943  246.390691659
       1      57   11.728256450  196.677595269
       1      58   11.732589612  195.603747088
       1      59   12.950803713   86.493958400
       1      60   12.953291303  100.151883801
       1      61   13.273329269  292.386080098
       1      62   13.344626934  100.292686987
       1      63   13.372806595  202.181095895
       1      64   13.502358420  406.141318619
       1      65   14.091708187  157.867049439
       1      66   14.097492939  157.594426841
       1      67   14.882463387  119.186075167
       1      68   14.897878531  119.765854180
       1      69   15.456547656  217.387586751
       1      70   15.475578938  217.017824021
       1      71   17.724108897  198.253847831
       1      72   17.738871981  198.228118062
       1      73   19.265162533  359.450030035
       1      74   19.265337873  359.699368521
       1      75   20.119739824  351.741210692
       1      76   20.145671630  345.255428862
       1      77   20.189680980  367.786221553
       1      78   20.193331317  372.583961157
       1      79   20.210405005  125.451418746
       1      80   20.217787930  120.726504829
