# x y z (snapped to FFT grid [24 24 80], 640 unique points)
0.000000 0.000000 0.012500
0.000000 0.041667 0.062500
0.000000 0.041667 0.862500
0.000000 0.208333 0.950000
0.000000 0.333333 0.050000
0.000000 0.416667 0.150000
0.000000 0.416667 0.937500
0.000000 0.458333 0.250000
0.000000 0.500000 0.000000
0.000000 0.583333 0.012500
0.000000 0.625000 0.137500
0.000000 0.666667 0.950000
0.000000 0.666667 0.987500
0.000000 0.708333 0.062500
0.000000 0.833333 0.912500
0.000000 0.916667 0.962500
0.041667 0.250000 0.200000
0.041667 0.250000 0.850000
0.041667 0.291667 0.087500
0.041667 0.333333 0.150000
0.041667 0.375000 0.112500
0.041667 0.458333 0.825000
0.041667 0.500000 0.112500
0.041667 0.500000 0.762500
0.041667 0.500000 0.875000
0.041667 0.500000 0.912500
0.041667 0.541667 0.037500
0.041667 0.541667 0.075000
0.041667 0.541667 0.900000
0.041667 0.541667 0.962500
0.041667 0.583333 0.162500
0.041667 0.583333 0.850000
0.041667 0.625000 0.112500
0.041667 0.625000 0.925000
0.041667 0.708333 0.175000
0.041667 0.750000 0.787500
0.041667 0.958333 0.175000
0.083333 0.166667 0.800000
0.083333 0.208333 0.987500
0.083333 0.250000 0.025000
0.083333 0.250000 0.762500
0.083333 0.291667 0.112500
0.083333 0.333333 0.912500
0.083333 0.333333 0.962500
0.083333 0.375000 0.800000
0.083333 0.416667 0.025000
0.083333 0.458333 0.062500
0.083333 0.458333 0.975000
0.083333 0.583333 0.125000
0.083333 0.583333 0.687500
0.083333 0.625000 0.200000
0.083333 0.666667 0.050000
0.083333 0.666667 0.987500
0.083333 0.708333 0.837500
0.083333 0.791667 0.125000
0.083333 0.791667 0.212500
0.083333 0.791667 0.287500
0.083333 0.875000 0.825000
0.083333 0.958333 0.112500
0.125000 0.041667 0.237500
0.125000 0.041667 0.687500
0.125000 0.208333 0.912500
0.125000 0.291667 0.075000
0.125000 0.291667 0.275000
0.125000 0.375000 0.062500
0.125000 0.416667 0.850000
0.125000 0.416667 0.875000
0.125000 0.416667 0.937500
0.125000 0.458333 0.150000
0.125000 0.458333 0.900000
0.125000 0.500000 0.087500
0.125000 0.500000 0.125000
0.125000 0.500000 0.175000
0.125000 0.666667 0.087500
0.125000 0.666667 0.812500
0.125000 0.708333 0.787500
0.125000 0.708333 0.875000
0.125000 0.791667 0.037500
0.125000 0.833333 0.987500
0.125000 0.875000 0.937500
0.125000 0.958333 0.012500
0.166667 0.000000 0.762500
0.166667 0.208333 0.087500
0.166667 0.250000 0.162500
0.166667 0.333333 0.850000
0.166667 0.333333 0.887500
0.166667 0.333333 0.950000
0.166667 0.416667 0.000000
0.166667 0.416667 0.112500
0.166667 0.416667 0.187500
0.166667 0.500000 0.762500
0.166667 0.541667 0.112500
0.166667 0.541667 0.212500
0.166667 0.541667 0.825000
0.166667 0.541667 0.850000
0.166667 0.541667 0.912500
0.166667 0.583333 0.025000
0.166667 0.583333 0.800000
0.166667 0.583333 0.875000
0.166667 0.625000 0.062500
0.166667 0.625000 0.900000
0.166667 0.625000 0.937500
0.166667 0.666667 0.150000
0.166667 0.666667 0.850000
0.166667 0.708333 0.112500
0.166667 0.750000 0.187500
0.166667 0.750000 0.237500
0.166667 0.750000 0.962500
0.166667 0.791667 0.150000
0.166667 0.791667 0.750000
0.166667 0.833333 0.087500
0.166667 0.916667 0.062500
0.166667 0.916667 0.875000
0.208333 0.000000 0.162500
0.208333 0.000000 0.987500
0.208333 0.125000 0.062500
0.208333 0.166667 0.025000
0.208333 0.208333 0.112500
0.208333 0.208333 0.975000
0.208333 0.291667 0.825000
0.208333 0.416667 0.225000
0.208333 0.458333 0.075000
0.208333 0.458333 0.150000
0.208333 0.458333 0.825000
0.208333 0.541667 0.050000
0.208333 0.583333 0.175000
0.208333 0.583333 0.962500
0.208333 0.750000 0.037500
0.208333 0.750000 0.987500
0.208333 0.791667 0.012500
0.208333 0.791667 0.887500
0.208333 0.791667 0.912500
0.250000 0.083333 0.850000
0.250000 0.083333 0.937500
0.250000 0.208333 0.200000
0.250000 0.208333 0.875000
0.250000 0.375000 0.050000
0.250000 0.416667 0.737500
0.250000 0.416667 0.775000
0.250000 0.416667 0.912500
0.250000 0.416667 0.975000
0.250000 0.458333 0.137500
0.250000 0.458333 0.800000
0.250000 0.500000 0.187500
0.250000 0.500000 0.887500
0.250000 0.500000 0.937500
0.250000 0.583333 0.275000
0.250000 0.625000 0.062500
0.250000 0.666667 0.100000
0.250000 0.750000 0.062500
0.250000 0.750000 0.887500
0.250000 0.791667 0.812500
0.250000 0.833333 0.137500
0.250000 0.833333 0.850000
0.250000 0.916667 0.825000
0.291667 0.041667 0.037500
0.291667 0.333333 0.012500
0.291667 0.333333 0.075000
0.291667 0.333333 0.137500
0.291667 0.333333 0.162500
0.291667 0.375000 0.950000
0.291667 0.416667 0.850000
0.291667 0.416667 0.887500
0.291667 0.500000 0.862500
0.291667 0.541667 0.100000
0.291667 0.541667 0.837500
0.291667 0.583333 0.150000
0.291667 0.583333 0.775000
0.291667 0.583333 0.900000
0.291667 0.625000 0.812500
0.291667 0.666667 0.100000
0.291667 0.666667 0.187500
0.291667 0.666667 0.737500
0.291667 0.666667 0.937500
0.291667 0.708333 0.137500
0.291667 0.708333 0.825000
0.291667 0.708333 0.900000
0.291667 0.750000 0.775000
0.291667 0.750000 0.862500
0.291667 0.791667 0.162500
0.291667 0.791667 0.200000
0.291667 0.791667 0.937500
0.291667 0.833333 0.100000
0.291667 0.916667 0.062500
0.291667 0.916667 0.187500
0.291667 0.916667 0.962500
0.291667 0.916667 0.987500
0.291667 0.958333 0.025000
0.291667 0.958333 0.125000
0.291667 0.958333 0.787500
0.333333 0.000000 0.887500
0.333333 0.000000 0.912500
0.333333 0.083333 0.087500
0.333333 0.125000 0.987500
0.333333 0.208333 0.012500
0.333333 0.250000 0.787500
0.333333 0.291667 0.050000
0.333333 0.416667 0.100000
0.333333 0.416667 0.187500
0.333333 0.416667 0.825000
0.333333 0.500000 0.050000
0.333333 0.500000 0.137500
0.333333 0.541667 0.962500
0.333333 0.583333 0.012500
0.333333 0.583333 0.175000
0.333333 0.583333 0.937500
0.333333 0.708333 0.225000
0.333333 0.750000 0.025000
0.333333 0.750000 0.975000
0.333333 0.791667 0.075000
0.333333 0.833333 0.137500
0.333333 0.833333 0.837500
0.333333 0.916667 0.875000
0.375000 0.041667 0.837500
0.375000 0.125000 0.175000
0.375000 0.166667 0.025000
0.375000 0.166667 0.962500
0.375000 0.250000 0.087500
0.375000 0.250000 0.137500
0.375000 0.250000 0.912500
0.375000 0.250000 0.975000
0.375000 0.291667 0.287500
0.375000 0.416667 0.775000
0.375000 0.500000 0.162500
0.375000 0.500000 0.912500
0.375000 0.541667 0.250000
0.375000 0.541667 0.800000
0.375000 0.583333 0.200000
0.375000 0.583333 0.875000
0.375000 0.583333 0.937500
0.375000 0.625000 0.075000
0.375000 0.708333 0.050000
0.375000 0.708333 0.950000
0.375000 0.791667 0.812500
0.375000 0.833333 0.887500
0.375000 0.833333 0.912500
0.375000 0.916667 0.087500
0.375000 0.916667 0.262500
0.375000 0.916667 0.750000
0.375000 0.958333 0.937500
0.416667 0.000000 0.112500
0.416667 0.041667 0.025000
0.416667 0.041667 0.225000
0.416667 0.041667 0.962500
0.416667 0.083333 0.787500
0.416667 0.125000 0.987500
0.416667 0.208333 0.050000
0.416667 0.250000 0.000000
0.416667 0.291667 0.725000
0.416667 0.375000 0.200000
0.416667 0.375000 0.862500
0.416667 0.416667 0.975000
0.416667 0.458333 0.050000
0.416667 0.458333 0.937500
0.416667 0.500000 0.087500
0.416667 0.500000 0.887500
0.416667 0.541667 0.112500
0.416667 0.541667 0.125000
0.416667 0.583333 0.687500
0.416667 0.583333 0.750000
0.416667 0.583333 0.825000
0.416667 0.666667 0.100000
0.416667 0.666667 0.800000
0.416667 0.666667 0.912500
0.416667 0.708333 0.825000
0.416667 0.750000 0.162500
0.416667 0.750000 0.775000
0.416667 0.750000 0.850000
0.416667 0.791667 0.087500
0.416667 0.791667 0.212500
0.416667 0.833333 0.937500
0.416667 0.875000 0.112500
0.416667 0.875000 0.150000
0.416667 0.875000 0.187500
0.416667 0.875000 0.837500
0.416667 0.916667 0.037500
0.416667 0.958333 0.700000
0.416667 0.958333 0.987500
0.458333 0.000000 0.912500
0.458333 0.041667 0.000000
0.458333 0.041667 0.150000
0.458333 0.125000 0.112500
0.458333 0.125000 0.975000
0.458333 0.166667 0.012500
0.458333 0.166667 0.037500
0.458333 0.208333 0.075000
0.458333 0.208333 0.937500
0.458333 0.250000 0.012500
0.458333 0.250000 0.987500
0.458333 0.291667 0.000000
0.458333 0.291667 0.962500
0.458333 0.333333 0.012500
0.458333 0.333333 0.037500
0.458333 0.375000 0.000000
0.458333 0.375000 0.075000
0.458333 0.375000 0.812500
0.458333 0.416667 0.112500
0.458333 0.416667 0.900000
0.458333 0.458333 0.150000
0.458333 0.500000 0.025000
0.458333 0.541667 0.900000
0.458333 0.583333 0.850000
0.458333 0.625000 0.150000
0.458333 0.625000 0.987500
0.458333 0.666667 0.050000
0.458333 0.666667 0.887500
0.458333 0.666667 0.925000
0.458333 0.750000 0.125000
0.458333 0.833333 0.825000
0.458333 0.875000 0.962500
0.458333 0.916667 0.787500
0.500000 0.000000 0.087500
0.500000 0.041667 0.850000
0.500000 0.083333 0.012500
0.500000 0.083333 0.037500
0.500000 0.083333 0.062500
0.500000 0.083333 0.887500
0.500000 0.083333 0.937500
0.500000 0.166667 0.075000
0.500000 0.208333 0.000000
0.500000 0.208333 0.050000
0.500000 0.208333 0.925000
0.500000 0.250000 0.862500
0.500000 0.250000 0.962500
0.500000 0.333333 0.912500
0.500000 0.500000 0.875000
0.500000 0.541667 0.837500
0.500000 0.541667 0.950000
0.500000 0.583333 0.087500
0.500000 0.583333 0.212500
0.500000 0.583333 0.800000
0.500000 0.625000 0.912500
0.500000 0.666667 0.187500
0.500000 0.750000 0.862500
0.500000 0.791667 0.000000
0.500000 0.791667 0.062500
0.500000 0.833333 0.737500
0.500000 0.833333 0.887500
0.500000 0.833333 0.912500
0.500000 0.875000 0.112500
0.500000 0.916667 0.050000
0.500000 0.916667 0.862500
0.500000 0.958333 0.837500
0.500000 0.958333 0.912500
0.541667 0.000000 0.025000
0.541667 0.041667 0.125000
0.541667 0.125000 0.987500
0.541667 0.166667 0.187500
0.541667 0.166667 0.962500
0.541667 0.208333 0.037500
0.541667 0.208333 0.987500
0.541667 0.250000 0.012500
0.541667 0.250000 0.812500
0.541667 0.291667 0.037500
0.541667 0.333333 0.100000
0.541667 0.375000 0.000000
0.541667 0.375000 0.025000
0.541667 0.375000 0.950000
0.541667 0.375000 0.962500
0.541667 0.375000 0.987500
0.541667 0.416667 0.250000
0.541667 0.500000 0.025000
0.541667 0.500000 0.075000
0.541667 0.583333 0.037500
0.541667 0.583333 0.112500
0.541667 0.583333 0.162500
0.541667 0.708333 0.062500
0.541667 0.708333 0.112500
0.541667 0.708333 0.950000
0.541667 0.750000 0.087500
0.541667 0.750000 0.175000
0.541667 0.750000 0.775000
0.541667 0.791667 0.275000
0.541667 0.791667 0.800000
0.541667 0.833333 0.825000
0.541667 0.875000 0.150000
0.541667 0.916667 0.087500
0.541667 0.916667 0.800000
0.541667 0.958333 0.175000
0.541667 0.958333 0.987500
0.583333 0.041667 0.875000
0.583333 0.083333 0.762500
0.583333 0.083333 0.962500
0.583333 0.083333 0.987500
0.583333 0.125000 0.000000
0.583333 0.125000 0.062500
0.583333 0.125000 0.825000
0.583333 0.166667 0.937500
0.583333 0.208333 0.037500
0.583333 0.208333 0.062500
0.583333 0.208333 0.975000
0.583333 0.250000 0.012500
0.583333 0.250000 0.137500
0.583333 0.250000 0.975000
0.583333 0.291667 0.037500
0.583333 0.291667 0.062500
0.583333 0.291667 0.950000
0.583333 0.333333 0.012500
0.583333 0.333333 0.925000
0.583333 0.333333 0.962500
0.583333 0.375000 0.000000
0.583333 0.375000 0.062500
0.583333 0.375000 0.987500
0.583333 0.416667 0.012500
0.583333 0.416667 0.037500
0.583333 0.416667 0.762500
0.583333 0.416667 0.950000
0.583333 0.416667 0.962500
0.583333 0.458333 0.000000
0.583333 0.458333 0.187500
0.583333 0.458333 0.975000
0.583333 0.500000 0.125000
0.583333 0.500000 0.925000
0.583333 0.541667 0.050000
0.583333 0.625000 0.887500
0.583333 0.625000 0.987500
0.583333 0.708333 0.150000
0.583333 0.708333 0.825000
0.583333 0.750000 0.900000
0.583333 0.791667 0.212500
0.583333 0.791667 0.862500
0.583333 0.916667 0.050000
0.583333 0.958333 0.950000
0.625000 0.041667 0.237500
0.625000 0.041667 0.925000
0.625000 0.083333 0.087500
0.625000 0.125000 0.900000
0.625000 0.166667 0.037500
0.625000 0.250000 0.100000
0.625000 0.250000 0.900000
0.625000 0.416667 0.875000
0.625000 0.500000 0.950000
0.625000 0.583333 0.012500
0.625000 0.583333 0.825000
0.625000 0.583333 0.875000
0.625000 0.625000 0.750000
0.625000 0.666667 0.087500
0.625000 0.708333 0.025000
0.625000 0.708333 0.200000
0.625000 0.708333 0.800000
0.625000 0.833333 0.075000
0.625000 0.833333 0.175000
0.625000 0.875000 0.925000
0.625000 0.875000 0.962500
0.625000 0.958333 0.112500
0.625000 0.958333 0.837500
0.625000 0.958333 0.887500
0.666667 0.000000 0.150000
0.666667 0.083333 0.037500
0.666667 0.125000 0.050000
0.666667 0.166667 0.012500
0.666667 0.166667 0.950000
0.666667 0.166667 0.975000
0.666667 0.208333 0.000000
0.666667 0.291667 0.012500
0.666667 0.291667 0.037500
0.666667 0.291667 0.050000
0.666667 0.291667 0.075000
0.666667 0.291667 0.962500
0.666667 0.333333 0.950000
0.666667 0.416667 0.012500
0.666667 0.416667 0.037500
0.666667 0.416667 0.062500
0.666667 0.416667 0.912500
0.666667 0.416667 0.987500
0.666667 0.458333 0.125000
0.666667 0.458333 0.962500
0.666667 0.500000 0.012500
0.666667 0.500000 0.987500
0.666667 0.666667 0.125000
0.666667 0.666667 0.950000
0.666667 0.708333 0.862500
0.666667 0.708333 0.925000
0.666667 0.791667 0.987500
0.666667 0.833333 0.037500
0.666667 0.833333 0.125000
0.666667 0.875000 0.862500
0.666667 0.916667 0.012500
0.666667 0.916667 0.762500
0.708333 0.000000 0.037500
0.708333 0.000000 0.825000
0.708333 0.083333 0.000000
0.708333 0.083333 0.962500
0.708333 0.083333 0.987500
0.708333 0.125000 0.875000
0.708333 0.166667 0.175000
0.708333 0.166667 0.925000
0.708333 0.208333 0.050000
0.708333 0.333333 0.862500
0.708333 0.333333 0.987500
0.708333 0.416667 0.075000
0.708333 0.500000 0.037500
0.708333 0.500000 0.912500
0.708333 0.541667 0.062500
0.708333 0.583333 0.925000
0.708333 0.666667 0.175000
0.708333 0.708333 0.050000
0.708333 0.833333 0.825000
0.708333 0.833333 0.900000
0.708333 0.875000 0.225000
0.708333 0.958333 0.075000
0.750000 0.000000 0.975000
0.750000 0.083333 0.112500
0.750000 0.083333 0.937500
0.750000 0.125000 0.062500
0.750000 0.166667 0.012500
0.750000 0.166667 0.787500
0.750000 0.250000 0.000000
0.750000 0.250000 0.037500
0.750000 0.250000 0.125000
0.750000 0.250000 0.962500
0.750000 0.250000 0.987500
0.750000 0.291667 0.012500
0.750000 0.291667 0.075000
0.750000 0.333333 0.225000
0.750000 0.333333 0.712500
0.750000 0.333333 0.925000
0.750000 0.333333 0.950000
0.750000 0.333333 0.962500
0.750000 0.375000 0.050000
0.750000 0.375000 0.800000
0.750000 0.416667 0.012500
0.750000 0.416667 0.037500
0.750000 0.416667 0.112500
0.750000 0.416667 0.937500
0.750000 0.416667 0.962500
0.750000 0.458333 0.000000
0.750000 0.458333 0.175000
0.750000 0.500000 0.962500
0.750000 0.500000 0.987500
0.750000 0.583333 0.787500
0.750000 0.625000 0.012500
0.750000 0.625000 0.975000
0.750000 0.666667 0.262500
0.750000 0.750000 0.000000
0.750000 0.791667 0.100000
0.750000 0.833333 0.787500
0.750000 0.833333 0.950000
0.750000 0.916667 0.700000
0.791667 0.000000 0.875000
0.791667 0.166667 0.000000
0.791667 0.250000 0.025000
0.791667 0.250000 0.062500
0.791667 0.291667 0.000000
0.791667 0.291667 0.900000
0.791667 0.291667 0.987500
0.791667 0.333333 0.025000
0.791667 0.333333 0.062500
0.791667 0.333333 0.300000
0.791667 0.416667 0.000000
0.791667 0.416667 0.025000
0.791667 0.416667 0.062500
0.791667 0.416667 0.900000
0.791667 0.416667 0.950000
0.791667 0.416667 0.987500
0.791667 0.500000 0.000000
0.791667 0.500000 0.987500
0.791667 0.541667 0.025000
0.791667 0.583333 0.125000
0.791667 0.750000 0.850000
0.791667 0.916667 0.075000
0.791667 0.916667 0.150000
0.791667 0.958333 0.025000
0.791667 0.958333 0.187500
0.833333 0.166667 0.975000
0.833333 0.208333 0.875000
0.833333 0.250000 0.962500
0.833333 0.375000 0.962500
0.833333 0.500000 0.075000
0.833333 0.541667 0.962500
0.833333 0.625000 0.100000
0.833333 0.625000 0.912500
0.833333 0.666667 0.062500
0.833333 0.750000 0.025000
0.833333 0.958333 0.937500
0.875000 0.000000 0.275000
0.875000 0.125000 0.037500
0.875000 0.125000 0.212500
0.875000 0.125000 0.775000
0.875000 0.125000 0.825000
0.875000 0.208333 0.100000
0.875000 0.208333 0.925000
0.875000 0.250000 0.012500
0.875000 0.250000 0.987500
0.875000 0.333333 0.987500
0.875000 0.375000 0.012500
0.875000 0.375000 0.037500
0.875000 0.375000 0.062500
0.875000 0.416667 0.162500
0.875000 0.416667 0.987500
0.875000 0.458333 0.112500
0.875000 0.500000 0.000000
0.875000 0.500000 0.025000
0.875000 0.500000 0.937500
0.875000 0.541667 0.850000
0.875000 0.583333 0.037500
0.875000 0.625000 0.825000
0.875000 0.625000 0.987500
0.875000 0.750000 0.937500
0.875000 0.791667 0.137500
0.875000 0.833333 0.212500
0.875000 0.958333 0.975000
0.916667 0.125000 0.137500
0.916667 0.291667 0.062500
0.916667 0.333333 0.137500
0.916667 0.375000 0.100000
0.916667 0.375000 0.825000
0.916667 0.375000 0.925000
0.916667 0.416667 0.875000
0.916667 0.458333 0.100000
0.916667 0.500000 0.025000
0.916667 0.500000 0.062500
0.916667 0.541667 0.150000
0.916667 0.541667 0.900000
0.916667 0.541667 0.962500
0.916667 0.583333 0.225000
0.916667 0.625000 0.750000
0.916667 0.708333 0.175000
0.916667 0.791667 0.087500
0.916667 0.875000 0.050000
0.916667 0.875000 0.800000
0.916667 0.916667 0.750000
0.958333 0.125000 0.075000
0.958333 0.125000 0.900000
0.958333 0.166667 0.012500
0.958333 0.250000 0.987500
0.958333 0.291667 0.737500
0.958333 0.333333 0.187500
0.958333 0.333333 0.875000
0.958333 0.333333 0.962500
0.958333 0.375000 0.025000
0.958333 0.375000 0.987500
0.958333 0.458333 0.062500
0.958333 0.458333 0.187500
0.958333 0.500000 0.787500
0.958333 0.500000 0.987500
0.958333 0.625000 0.087500
0.958333 0.666667 0.112500
0.958333 0.708333 0.875000
0.958333 0.750000 0.012500
