# q=  0.33333300E-03  0.00000000E+00  0.00000000E+00  (qpt 1)
#ncbands         Re chi(0,0)              extrap   Re chi(Gmax,Gmax)              extrap
       1     -0.21461929E-07     -0.60064312E-07     -0.14506856E-04     -0.16947316E-03
       2     -0.40027191E-07     -0.60064312E-07     -0.27569741E-04     -0.16947316E-03
       3     -0.43670452E-07     -0.60064312E-07     -0.40976973E-04     -0.16947316E-03
       4     -0.47474884E-07     -0.60064312E-07     -0.53990565E-04     -0.16947316E-03
       5     -0.49518007E-07     -0.60064312E-07     -0.64037653E-04     -0.16947316E-03
       6     -0.51541358E-07     -0.60064312E-07     -0.74290539E-04     -0.16947316E-03
       7     -0.52727517E-07     -0.60064312E-07     -0.86950757E-04     -0.16947316E-03
       8     -0.53917485E-07     -0.60064312E-07     -0.99371758E-04     -0.16947316E-03
       9     -0.54942578E-07     -0.60064312E-07     -0.10028813E-03     -0.16947316E-03
      10     -0.55965082E-07     -0.60064312E-07     -0.10120657E-03     -0.16947316E-03
      11     -0.56758483E-07     -0.60064312E-07     -0.10294313E-03     -0.16947316E-03
      12     -0.57543566E-07     -0.60064312E-07     -0.10466405E-03     -0.16947316E-03
      13     -0.57918231E-07     -0.60064312E-07     -0.10617650E-03     -0.16947316E-03
      14     -0.58291873E-07     -0.60064312E-07     -0.10766466E-03     -0.16947316E-03
      15     -0.58366813E-07     -0.60064312E-07     -0.10941944E-03     -0.16947316E-03
      16     -0.58442043E-07     -0.60064312E-07     -0.11115810E-03     -0.16947316E-03
      17     -0.58672130E-07     -0.60064312E-07     -0.11345930E-03     -0.16947316E-03
      18     -0.58901725E-07     -0.60064312E-07     -0.11587362E-03     -0.16947316E-03
      19     -0.58984365E-07     -0.60064312E-07     -0.11742094E-03     -0.16947316E-03
      20     -0.59069132E-07     -0.60064312E-07     -0.11906375E-03     -0.16947316E-03
      21     -0.59127023E-07     -0.60064312E-07     -0.11974927E-03     -0.16947316E-03
      22     -0.59184717E-07     -0.60064312E-07     -0.12039234E-03     -0.16947316E-03
      23     -0.59309710E-07     -0.60064312E-07     -0.12113295E-03     -0.16947316E-03
      24     -0.59434440E-07     -0.60064312E-07     -0.12192019E-03     -0.16947316E-03
      25     -0.59481818E-07     -0.60064312E-07     -0.12291259E-03     -0.16947316E-03
      26     -0.59529364E-07     -0.60064312E-07     -0.12390099E-03     -0.16947316E-03
      27     -0.59543931E-07     -0.60064312E-07     -0.12443373E-03     -0.16947316E-03
      28     -0.59558532E-07     -0.60064312E-07     -0.12501277E-03     -0.16947316E-03
      29     -0.59617159E-07     -0.60064312E-07     -0.12573075E-03     -0.16947316E-03
      30     -0.59676101E-07     -0.60064312E-07     -0.12641743E-03     -0.16947316E-03
      31     -0.59713336E-07     -0.60064312E-07     -0.12761855E-03     -0.16947316E-03
      32     -0.59750230E-07     -0.60064312E-07     -0.12882004E-03     -0.16947316E-03
      33     -0.59766275E-07     -0.60064312E-07     -0.13085394E-03     -0.16947316E-03
      34     -0.59782450E-07     -0.60064312E-07     -0.13284403E-03     -0.16947316E-03
      35     -0.59790054E-07     -0.60064312E-07     -0.13343752E-03     -0.16947316E-03
      36     -0.59796250E-07     -0.60064312E-07     -0.13400070E-03     -0.16947316E-03
      37     -0.59802281E-07     -0.60064312E-07     -0.13429038E-03     -0.16947316E-03
      38     -0.59809624E-07     -0.60064312E-07     -0.13463897E-03     -0.16947316E-03
      39     -0.59814557E-07     -0.60064312E-07     -0.13547918E-03     -0.16947316E-03
      40     -0.59819480E-07     -0.60064312E-07     -0.13632391E-03     -0.16947316E-03
      41     -0.59820858E-07     -0.60064312E-07     -0.13705736E-03     -0.16947316E-03
      42     -0.59822232E-07     -0.60064312E-07     -0.13780050E-03     -0.16947316E-03
      43     -0.59830106E-07     -0.60064312E-07     -0.13820952E-03     -0.16947316E-03
      44     -0.59838076E-07     -0.60064312E-07     -0.13862566E-03     -0.16947316E-03
      45     -0.59845068E-07     -0.60064312E-07     -0.13916937E-03     -0.16947316E-03
      46     -0.59852000E-07     -0.60064312E-07     -0.13971867E-03     -0.16947316E-03
      47     -0.59853918E-07     -0.60064312E-07     -0.14047908E-03     -0.16947316E-03
      48     -0.59855819E-07     -0.60064312E-07     -0.14121761E-03     -0.16947316E-03
      49     -0.59858162E-07     -0.60064312E-07     -0.14173386E-03     -0.16947316E-03
      50     -0.59860493E-07     -0.60064312E-07     -0.14226788E-03     -0.16947316E-03
      51     -0.59866039E-07     -0.60064312E-07     -0.14277220E-03     -0.16947316E-03
      52     -0.59871722E-07     -0.60064312E-07     -0.14327831E-03     -0.16947316E-03
      53     -0.59874512E-07     -0.60064312E-07     -0.14377356E-03     -0.16947316E-03
      54     -0.59877250E-07     -0.60064312E-07     -0.14430231E-03     -0.16947316E-03
 
# q=  0.00000000E+00  0.33333333E+00  0.00000000E+00  (qpt 2)
#ncbands         Re chi(0,0)              extrap   Re chi(Gmax,Gmax)              extrap
       1     -0.34536342E-02     -0.23519213E-01     -0.12660253E-04     -0.17422511E-03
       2     -0.68595900E-02     -0.23519213E-01     -0.24742032E-04     -0.17422511E-03
       3     -0.97745318E-02     -0.23519213E-01     -0.39853148E-04     -0.17422511E-03
       4     -0.12583628E-01     -0.23519213E-01     -0.54519591E-04     -0.17422511E-03
       5     -0.14198519E-01     -0.23519213E-01     -0.63628969E-04     -0.17422511E-03
       6     -0.15791136E-01     -0.23519213E-01     -0.72723636E-04     -0.17422511E-03
       7     -0.17086023E-01     -0.23519213E-01     -0.86055578E-04     -0.17422511E-03
       8     -0.18372497E-01     -0.23519213E-01     -0.99421065E-04     -0.17422511E-03
       9     -0.18839721E-01     -0.23519213E-01     -0.10040006E-03     -0.17422511E-03
      10     -0.19301676E-01     -0.23519213E-01     -0.10138022E-03     -0.17422511E-03
      11     -0.19712042E-01     -0.23519213E-01     -0.10315537E-03     -0.17422511E-03
      12     -0.20122035E-01     -0.23519213E-01     -0.10492316E-03     -0.17422511E-03
      13     -0.20429637E-01     -0.23519213E-01     -0.10660788E-03     -0.17422511E-03
      14     -0.20737531E-01     -0.23519213E-01     -0.10826801E-03     -0.17422511E-03
      15     -0.20855841E-01     -0.23519213E-01     -0.11005568E-03     -0.17422511E-03
      16     -0.20974399E-01     -0.23519213E-01     -0.11184115E-03     -0.17422511E-03
      17     -0.21158851E-01     -0.23519213E-01     -0.11461607E-03     -0.17422511E-03
      18     -0.21343572E-01     -0.23519213E-01     -0.11739583E-03     -0.17422511E-03
      19     -0.21515793E-01     -0.23519213E-01     -0.11853813E-03     -0.17422511E-03
      20     -0.21688860E-01     -0.23519213E-01     -0.11967367E-03     -0.17422511E-03
      21     -0.21780433E-01     -0.23519213E-01     -0.12027780E-03     -0.17422511E-03
      22     -0.21872381E-01     -0.23519213E-01     -0.12092789E-03     -0.17422511E-03
      23     -0.22075452E-01     -0.23519213E-01     -0.12175806E-03     -0.17422511E-03
      24     -0.22279036E-01     -0.23519213E-01     -0.12255122E-03     -0.17422511E-03
      25     -0.22387357E-01     -0.23519213E-01     -0.12367927E-03     -0.17422511E-03
      26     -0.22495945E-01     -0.23519213E-01     -0.12479967E-03     -0.17422511E-03
      27     -0.22549115E-01     -0.23519213E-01     -0.12526455E-03     -0.17422511E-03
      28     -0.22602394E-01     -0.23519213E-01     -0.12572862E-03     -0.17422511E-03
      29     -0.22697018E-01     -0.23519213E-01     -0.12623962E-03     -0.17422511E-03
      30     -0.22791726E-01     -0.23519213E-01     -0.12674773E-03     -0.17422511E-03
      31     -0.22844271E-01     -0.23519213E-01     -0.12822979E-03     -0.17422511E-03
      32     -0.22896875E-01     -0.23519213E-01     -0.12970412E-03     -0.17422511E-03
      33     -0.22926941E-01     -0.23519213E-01     -0.13148392E-03     -0.17422511E-03
      34     -0.22957768E-01     -0.23519213E-01     -0.13327467E-03     -0.17422511E-03
      35     -0.22979789E-01     -0.23519213E-01     -0.13385326E-03     -0.17422511E-03
      36     -0.22994964E-01     -0.23519213E-01     -0.13435581E-03     -0.17422511E-03
      37     -0.23019459E-01     -0.23519213E-01     -0.13470526E-03     -0.17422511E-03
      38     -0.23051251E-01     -0.23519213E-01     -0.13513068E-03     -0.17422511E-03
      39     -0.23064965E-01     -0.23519213E-01     -0.13606047E-03     -0.17422511E-03
      40     -0.23078666E-01     -0.23519213E-01     -0.13698968E-03     -0.17422511E-03
      41     -0.23082439E-01     -0.23519213E-01     -0.13776642E-03     -0.17422511E-03
      42     -0.23086229E-01     -0.23519213E-01     -0.13854277E-03     -0.17422511E-03
      43     -0.23102611E-01     -0.23519213E-01     -0.13880525E-03     -0.17422511E-03
      44     -0.23119083E-01     -0.23519213E-01     -0.13907219E-03     -0.17422511E-03
      45     -0.23132992E-01     -0.23519213E-01     -0.13971240E-03     -0.17422511E-03
      46     -0.23146839E-01     -0.23519213E-01     -0.14035493E-03     -0.17422511E-03
      47     -0.23150997E-01     -0.23519213E-01     -0.14100705E-03     -0.17422511E-03
      48     -0.23155127E-01     -0.23519213E-01     -0.14166717E-03     -0.17422511E-03
      49     -0.23158986E-01     -0.23519213E-01     -0.14212389E-03     -0.17422511E-03
      50     -0.23162761E-01     -0.23519213E-01     -0.14257623E-03     -0.17422511E-03
      51     -0.23171211E-01     -0.23519213E-01     -0.14316320E-03     -0.17422511E-03
      52     -0.23179755E-01     -0.23519213E-01     -0.14375180E-03     -0.17422511E-03
      53     -0.23186069E-01     -0.23519213E-01     -0.14443050E-03     -0.17422511E-03
      54     -0.23192341E-01     -0.23519213E-01     -0.14509622E-03     -0.17422511E-03
 
# q=  0.00000000E+00  0.66666667E+00  0.00000000E+00  (qpt 3)
#ncbands         Re chi(0,0)              extrap   Re chi(Gmax,Gmax)              extrap
       1     -0.34536328E-02     -0.23519213E-01     -0.12528943E-04     -0.17427236E-03
       2     -0.68595900E-02     -0.23519213E-01     -0.24742333E-04     -0.17427236E-03
       3     -0.97745346E-02     -0.23519213E-01     -0.39916336E-04     -0.17427236E-03
       4     -0.12583628E-01     -0.23519213E-01     -0.54520133E-04     -0.17427236E-03
       5     -0.14198518E-01     -0.23519213E-01     -0.63663024E-04     -0.17427236E-03
       6     -0.15791136E-01     -0.23519213E-01     -0.72724206E-04     -0.17427236E-03
       7     -0.17086038E-01     -0.23519213E-01     -0.86147941E-04     -0.17427236E-03
       8     -0.18372497E-01     -0.23519213E-01     -0.99421316E-04     -0.17427236E-03
       9     -0.18839721E-01     -0.23519213E-01     -0.10040947E-03     -0.17427236E-03
      10     -0.19301676E-01     -0.23519213E-01     -0.10138048E-03     -0.17427236E-03
      11     -0.19712042E-01     -0.23519213E-01     -0.10314741E-03     -0.17427236E-03
      12     -0.20122035E-01     -0.23519213E-01     -0.10492338E-03     -0.17427236E-03
      13     -0.20429637E-01     -0.23519213E-01     -0.10658318E-03     -0.17427236E-03
      14     -0.20737531E-01     -0.23519213E-01     -0.10826822E-03     -0.17427236E-03
      15     -0.20855841E-01     -0.23519213E-01     -0.11005296E-03     -0.17427236E-03
      16     -0.20974399E-01     -0.23519213E-01     -0.11184138E-03     -0.17427236E-03
      17     -0.21158851E-01     -0.23519213E-01     -0.11462101E-03     -0.17427236E-03
      18     -0.21343572E-01     -0.23519213E-01     -0.11739603E-03     -0.17427236E-03
      19     -0.21515793E-01     -0.23519213E-01     -0.11852495E-03     -0.17427236E-03
      20     -0.21688860E-01     -0.23519213E-01     -0.11967411E-03     -0.17427236E-03
      21     -0.21780433E-01     -0.23519213E-01     -0.12032445E-03     -0.17427236E-03
      22     -0.21872381E-01     -0.23519213E-01     -0.12092808E-03     -0.17427236E-03
      23     -0.22075452E-01     -0.23519213E-01     -0.12172165E-03     -0.17427236E-03
      24     -0.22279036E-01     -0.23519213E-01     -0.12255173E-03     -0.17427236E-03
      25     -0.22387357E-01     -0.23519213E-01     -0.12368062E-03     -0.17427236E-03
      26     -0.22495945E-01     -0.23519213E-01     -0.12479985E-03     -0.17427236E-03
      27     -0.22549115E-01     -0.23519213E-01     -0.12526458E-03     -0.17427236E-03
      28     -0.22602394E-01     -0.23519213E-01     -0.12572883E-03     -0.17427236E-03
      29     -0.22697017E-01     -0.23519213E-01     -0.12623448E-03     -0.17427236E-03
      30     -0.22791726E-01     -0.23519213E-01     -0.12674799E-03     -0.17427236E-03
      31     -0.22844271E-01     -0.23519213E-01     -0.12822400E-03     -0.17427236E-03
      32     -0.22896875E-01     -0.23519213E-01     -0.12970437E-03     -0.17427236E-03
      33     -0.22926942E-01     -0.23519213E-01     -0.13148669E-03     -0.17427236E-03
      34     -0.22957768E-01     -0.23519213E-01     -0.13327490E-03     -0.17427236E-03
      35     -0.22979789E-01     -0.23519213E-01     -0.13385046E-03     -0.17427236E-03
      36     -0.22994964E-01     -0.23519213E-01     -0.13435601E-03     -0.17427236E-03
      37     -0.23019459E-01     -0.23519213E-01     -0.13470543E-03     -0.17427236E-03
      38     -0.23051251E-01     -0.23519213E-01     -0.13513087E-03     -0.17427236E-03
      39     -0.23064965E-01     -0.23519213E-01     -0.13606135E-03     -0.17427236E-03
      40     -0.23078666E-01     -0.23519213E-01     -0.13698986E-03     -0.17427236E-03
      41     -0.23082439E-01     -0.23519213E-01     -0.13776596E-03     -0.17427236E-03
      42     -0.23086229E-01     -0.23519213E-01     -0.13854296E-03     -0.17427236E-03
      43     -0.23102611E-01     -0.23519213E-01     -0.13880586E-03     -0.17427236E-03
      44     -0.23119083E-01     -0.23519213E-01     -0.13907237E-03     -0.17427236E-03
      45     -0.23132992E-01     -0.23519213E-01     -0.13971421E-03     -0.17427236E-03
      46     -0.23146839E-01     -0.23519213E-01     -0.14035512E-03     -0.17427236E-03
      47     -0.23150997E-01     -0.23519213E-01     -0.14101652E-03     -0.17427236E-03
      48     -0.23155127E-01     -0.23519213E-01     -0.14166734E-03     -0.17427236E-03
      49     -0.23158986E-01     -0.23519213E-01     -0.14211926E-03     -0.17427236E-03
      50     -0.23162761E-01     -0.23519213E-01     -0.14257640E-03     -0.17427236E-03
      51     -0.23171211E-01     -0.23519213E-01     -0.14316526E-03     -0.17427236E-03
      52     -0.23179755E-01     -0.23519213E-01     -0.14375199E-03     -0.17427236E-03
      53     -0.23186069E-01     -0.23519213E-01     -0.14441575E-03     -0.17427236E-03
      54     -0.23192341E-01     -0.23519213E-01     -0.14509640E-03     -0.17427236E-03
 
# q=  0.33333333E+00  0.00000000E+00  0.00000000E+00  (qpt 4)
#ncbands         Re chi(0,0)              extrap   Re chi(Gmax,Gmax)              extrap
       1     -0.40350154E-02     -0.23519216E-01     -0.13002510E-04     -0.17422561E-03
       2     -0.68596455E-02     -0.23519216E-01     -0.24742169E-04     -0.17422561E-03
       3     -0.99673389E-02     -0.23519216E-01     -0.39914449E-04     -0.17422561E-03
       4     -0.12583634E-01     -0.23519216E-01     -0.54520080E-04     -0.17422561E-03
       5     -0.14199270E-01     -0.23519216E-01     -0.63671745E-04     -0.17422561E-03
       6     -0.15791572E-01     -0.23519216E-01     -0.72724302E-04     -0.17422561E-03
       7     -0.17086821E-01     -0.23519216E-01     -0.86052178E-04     -0.17422561E-03
       8     -0.18372500E-01     -0.23519216E-01     -0.99421259E-04     -0.17422561E-03
       9     -0.18839730E-01     -0.23519216E-01     -0.10040902E-03     -0.17422561E-03
      10     -0.19301682E-01     -0.23519216E-01     -0.10138042E-03     -0.17422561E-03
      11     -0.19712047E-01     -0.23519216E-01     -0.10314830E-03     -0.17422561E-03
      12     -0.20122039E-01     -0.23519216E-01     -0.10492332E-03     -0.17422561E-03
      13     -0.20429637E-01     -0.23519216E-01     -0.10658274E-03     -0.17422561E-03
      14     -0.20737532E-01     -0.23519216E-01     -0.10826815E-03     -0.17422561E-03
      15     -0.20855842E-01     -0.23519216E-01     -0.11005290E-03     -0.17422561E-03
      16     -0.20974399E-01     -0.23519216E-01     -0.11184131E-03     -0.17422561E-03
      17     -0.21158881E-01     -0.23519216E-01     -0.11463316E-03     -0.17422561E-03
      18     -0.21343574E-01     -0.23519216E-01     -0.11739595E-03     -0.17422561E-03
      19     -0.21515350E-01     -0.23519216E-01     -0.11853716E-03     -0.17422561E-03
      20     -0.21688859E-01     -0.23519216E-01     -0.11967404E-03     -0.17422561E-03
      21     -0.21780447E-01     -0.23519216E-01     -0.12027697E-03     -0.17422561E-03
      22     -0.21872410E-01     -0.23519216E-01     -0.12092781E-03     -0.17422561E-03
      23     -0.22075584E-01     -0.23519216E-01     -0.12175664E-03     -0.17422561E-03
      24     -0.22279035E-01     -0.23519216E-01     -0.12255165E-03     -0.17422561E-03
      25     -0.22387401E-01     -0.23519216E-01     -0.12368031E-03     -0.17422561E-03
      26     -0.22495944E-01     -0.23519216E-01     -0.12479978E-03     -0.17422561E-03
      27     -0.22549275E-01     -0.23519216E-01     -0.12526052E-03     -0.17422561E-03
      28     -0.22602400E-01     -0.23519216E-01     -0.12572868E-03     -0.17422561E-03
      29     -0.22697909E-01     -0.23519216E-01     -0.12623944E-03     -0.17422561E-03
      30     -0.22791724E-01     -0.23519216E-01     -0.12674792E-03     -0.17422561E-03
      31     -0.22844279E-01     -0.23519216E-01     -0.12822388E-03     -0.17422561E-03
      32     -0.22896873E-01     -0.23519216E-01     -0.12970430E-03     -0.17422561E-03
      33     -0.22926950E-01     -0.23519216E-01     -0.13148320E-03     -0.17422561E-03
      34     -0.22957774E-01     -0.23519216E-01     -0.13327488E-03     -0.17422561E-03
      35     -0.22979790E-01     -0.23519216E-01     -0.13385139E-03     -0.17422561E-03
      36     -0.22994962E-01     -0.23519216E-01     -0.13435594E-03     -0.17422561E-03
      37     -0.23019456E-01     -0.23519216E-01     -0.13470535E-03     -0.17422561E-03
      38     -0.23051248E-01     -0.23519216E-01     -0.13513079E-03     -0.17422561E-03
      39     -0.23064962E-01     -0.23519216E-01     -0.13606121E-03     -0.17422561E-03
      40     -0.23078663E-01     -0.23519216E-01     -0.13698978E-03     -0.17422561E-03
      41     -0.23082436E-01     -0.23519216E-01     -0.13776508E-03     -0.17422561E-03
      42     -0.23086226E-01     -0.23519216E-01     -0.13854288E-03     -0.17422561E-03
      43     -0.23102593E-01     -0.23519216E-01     -0.13880525E-03     -0.17422561E-03
      44     -0.23119079E-01     -0.23519216E-01     -0.13907229E-03     -0.17422561E-03
      45     -0.23133001E-01     -0.23519216E-01     -0.13971432E-03     -0.17422561E-03
      46     -0.23146836E-01     -0.23519216E-01     -0.14035504E-03     -0.17422561E-03
      47     -0.23150994E-01     -0.23519216E-01     -0.14100986E-03     -0.17422561E-03
      48     -0.23155124E-01     -0.23519216E-01     -0.14166725E-03     -0.17422561E-03
      49     -0.23158983E-01     -0.23519216E-01     -0.14212381E-03     -0.17422561E-03
      50     -0.23162758E-01     -0.23519216E-01     -0.14257632E-03     -0.17422561E-03
      51     -0.23171210E-01     -0.23519216E-01     -0.14316564E-03     -0.17422561E-03
      52     -0.23179752E-01     -0.23519216E-01     -0.14375191E-03     -0.17422561E-03
      53     -0.23186066E-01     -0.23519216E-01     -0.14443420E-03     -0.17422561E-03
      54     -0.23192338E-01     -0.23519216E-01     -0.14509620E-03     -0.17422561E-03
 
# q=  0.33333333E+00  0.33333333E+00  0.00000000E+00  (qpt 5)
#ncbands         Re chi(0,0)              extrap   Re chi(Gmax,Gmax)              extrap
       1     -0.28238060E-02     -0.30866704E-01     -0.19509467E-04     -0.18109446E-03
       2     -0.55283945E-02     -0.30866704E-01     -0.41366367E-04     -0.18109446E-03
       3     -0.81327760E-02     -0.30866704E-01     -0.54429841E-04     -0.18109446E-03
       4     -0.10682573E-01     -0.30866704E-01     -0.69054674E-04     -0.18109446E-03
       5     -0.12850031E-01     -0.30866704E-01     -0.78477279E-04     -0.18109446E-03
       6     -0.15001522E-01     -0.30866704E-01     -0.87756467E-04     -0.18109446E-03
       7     -0.16660507E-01     -0.30866704E-01     -0.92442440E-04     -0.18109446E-03
       8     -0.18335342E-01     -0.30866704E-01     -0.98833471E-04     -0.18109446E-03
       9     -0.19068967E-01     -0.30866704E-01     -0.10176105E-03     -0.18109446E-03
      10     -0.19802649E-01     -0.30866704E-01     -0.10459831E-03     -0.18109446E-03
      11     -0.20443029E-01     -0.30866704E-01     -0.10503024E-03     -0.18109446E-03
      12     -0.21083388E-01     -0.30866704E-01     -0.10546226E-03     -0.18109446E-03
      13     -0.21557638E-01     -0.30866704E-01     -0.10875754E-03     -0.18109446E-03
      14     -0.22032000E-01     -0.30866704E-01     -0.11205179E-03     -0.18109446E-03
      15     -0.22388036E-01     -0.30866704E-01     -0.11349554E-03     -0.18109446E-03
      16     -0.22742145E-01     -0.30866704E-01     -0.11490477E-03     -0.18109446E-03
      17     -0.23083102E-01     -0.30866704E-01     -0.11734689E-03     -0.18109446E-03
      18     -0.23410900E-01     -0.30866704E-01     -0.11987269E-03     -0.18109446E-03
      19     -0.23879239E-01     -0.30866704E-01     -0.12184587E-03     -0.18109446E-03
      20     -0.24335776E-01     -0.30866704E-01     -0.12391067E-03     -0.18109446E-03
      21     -0.24524750E-01     -0.30866704E-01     -0.12518604E-03     -0.18109446E-03
      22     -0.24740774E-01     -0.30866704E-01     -0.12646556E-03     -0.18109446E-03
      23     -0.25115290E-01     -0.30866704E-01     -0.12779665E-03     -0.18109446E-03
      24     -0.25468193E-01     -0.30866704E-01     -0.12913834E-03     -0.18109446E-03
      25     -0.25807379E-01     -0.30866704E-01     -0.12948354E-03     -0.18109446E-03
      26     -0.26146546E-01     -0.30866704E-01     -0.12983223E-03     -0.18109446E-03
      27     -0.26293563E-01     -0.30866704E-01     -0.13044592E-03     -0.18109446E-03
      28     -0.26426888E-01     -0.30866704E-01     -0.13105898E-03     -0.18109446E-03
      29     -0.26737005E-01     -0.30866704E-01     -0.13211681E-03     -0.18109446E-03
      30     -0.27053172E-01     -0.30866704E-01     -0.13317764E-03     -0.18109446E-03
      31     -0.27258751E-01     -0.30866704E-01     -0.13368455E-03     -0.18109446E-03
      32     -0.27464591E-01     -0.30866704E-01     -0.13419058E-03     -0.18109446E-03
      33     -0.27610323E-01     -0.30866704E-01     -0.13521084E-03     -0.18109446E-03
      34     -0.27747803E-01     -0.30866704E-01     -0.13631161E-03     -0.18109446E-03
      35     -0.27820026E-01     -0.30866704E-01     -0.13703267E-03     -0.18109446E-03
      36     -0.27882763E-01     -0.30866704E-01     -0.13746697E-03     -0.18109446E-03
      37     -0.27951033E-01     -0.30866704E-01     -0.13802066E-03     -0.18109446E-03
      38     -0.28034428E-01     -0.30866704E-01     -0.13881323E-03     -0.18109446E-03
      39     -0.28108962E-01     -0.30866704E-01     -0.13991329E-03     -0.18109446E-03
      40     -0.28183513E-01     -0.30866704E-01     -0.14101326E-03     -0.18109446E-03
      41     -0.28221337E-01     -0.30866704E-01     -0.14131884E-03     -0.18109446E-03
      42     -0.28259235E-01     -0.30866704E-01     -0.14162460E-03     -0.18109446E-03
      43     -0.28320024E-01     -0.30866704E-01     -0.14279464E-03     -0.18109446E-03
      44     -0.28381080E-01     -0.30866704E-01     -0.14395979E-03     -0.18109446E-03
      45     -0.28453480E-01     -0.30866704E-01     -0.14460048E-03     -0.18109446E-03
      46     -0.28525880E-01     -0.30866704E-01     -0.14524685E-03     -0.18109446E-03
      47     -0.28553198E-01     -0.30866704E-01     -0.14574612E-03     -0.18109446E-03
      48     -0.28578695E-01     -0.30866704E-01     -0.14619702E-03     -0.18109446E-03
      49     -0.28611210E-01     -0.30866704E-01     -0.14715772E-03     -0.18109446E-03
      50     -0.28644564E-01     -0.30866704E-01     -0.14814995E-03     -0.18109446E-03
      51     -0.28695248E-01     -0.30866704E-01     -0.14904908E-03     -0.18109446E-03
      52     -0.28746406E-01     -0.30866704E-01     -0.14994817E-03     -0.18109446E-03
      53     -0.28783117E-01     -0.30866704E-01     -0.15012365E-03     -0.18109446E-03
      54     -0.28820052E-01     -0.30866704E-01     -0.15030001E-03     -0.18109446E-03
 
# q=  0.33333333E+00  0.66666667E+00  0.00000000E+00  (qpt 6)
#ncbands         Re chi(0,0)              extrap   Re chi(Gmax,Gmax)              extrap
       1     -0.28595387E-02     -0.23519156E-01     -0.12245608E-04     -0.17426663E-03
       2     -0.68596153E-02     -0.23519156E-01     -0.24740637E-04     -0.17426663E-03
       3     -0.94248950E-02     -0.23519156E-01     -0.39651918E-04     -0.17426663E-03
       4     -0.12583577E-01     -0.23519156E-01     -0.54519527E-04     -0.17426663E-03
       5     -0.14196814E-01     -0.23519156E-01     -0.63628264E-04     -0.17426663E-03
       6     -0.15789900E-01     -0.23519156E-01     -0.72723652E-04     -0.17426663E-03
       7     -0.17084300E-01     -0.23519156E-01     -0.86130165E-04     -0.17426663E-03
       8     -0.18372441E-01     -0.23519156E-01     -0.99421073E-04     -0.17426663E-03
       9     -0.18839639E-01     -0.23519156E-01     -0.10040041E-03     -0.17426663E-03
      10     -0.19301618E-01     -0.23519156E-01     -0.10138023E-03     -0.17426663E-03
      11     -0.19711987E-01     -0.23519156E-01     -0.10315455E-03     -0.17426663E-03
      12     -0.20121981E-01     -0.23519156E-01     -0.10492316E-03     -0.17426663E-03
      13     -0.20429508E-01     -0.23519156E-01     -0.10660751E-03     -0.17426663E-03
      14     -0.20737478E-01     -0.23519156E-01     -0.10826800E-03     -0.17426663E-03
      15     -0.20855786E-01     -0.23519156E-01     -0.11005511E-03     -0.17426663E-03
      16     -0.20974346E-01     -0.23519156E-01     -0.11184114E-03     -0.17426663E-03
      17     -0.21158540E-01     -0.23519156E-01     -0.11460824E-03     -0.17426663E-03
      18     -0.21343519E-01     -0.23519156E-01     -0.11739582E-03     -0.17426663E-03
      19     -0.21516496E-01     -0.23519156E-01     -0.11852727E-03     -0.17426663E-03
      20     -0.21688810E-01     -0.23519156E-01     -0.11967365E-03     -0.17426663E-03
      21     -0.21780352E-01     -0.23519156E-01     -0.12032411E-03     -0.17426663E-03
      22     -0.21872269E-01     -0.23519156E-01     -0.12092857E-03     -0.17426663E-03
      23     -0.22075550E-01     -0.23519156E-01     -0.12172215E-03     -0.17426663E-03
      24     -0.22278985E-01     -0.23519156E-01     -0.12255121E-03     -0.17426663E-03
      25     -0.22387311E-01     -0.23519156E-01     -0.12368051E-03     -0.17426663E-03
      26     -0.22495895E-01     -0.23519156E-01     -0.12479966E-03     -0.17426663E-03
      27     -0.22549060E-01     -0.23519156E-01     -0.12526764E-03     -0.17426663E-03
      28     -0.22602360E-01     -0.23519156E-01     -0.12572801E-03     -0.17426663E-03
      29     -0.22696311E-01     -0.23519156E-01     -0.12623534E-03     -0.17426663E-03
      30     -0.22791678E-01     -0.23519156E-01     -0.12674773E-03     -0.17426663E-03
      31     -0.22844212E-01     -0.23519156E-01     -0.12822986E-03     -0.17426663E-03
      32     -0.22896827E-01     -0.23519156E-01     -0.12970411E-03     -0.17426663E-03
      33     -0.22926879E-01     -0.23519156E-01     -0.13148341E-03     -0.17426663E-03
      34     -0.22957698E-01     -0.23519156E-01     -0.13327474E-03     -0.17426663E-03
      35     -0.22979729E-01     -0.23519156E-01     -0.13385375E-03     -0.17426663E-03
      36     -0.22994914E-01     -0.23519156E-01     -0.13435580E-03     -0.17426663E-03
      37     -0.23019413E-01     -0.23519156E-01     -0.13470573E-03     -0.17426663E-03
      38     -0.23051204E-01     -0.23519156E-01     -0.13513068E-03     -0.17426663E-03
      39     -0.23064918E-01     -0.23519156E-01     -0.13606070E-03     -0.17426663E-03
      40     -0.23078619E-01     -0.23519156E-01     -0.13698967E-03     -0.17426663E-03
      41     -0.23082392E-01     -0.23519156E-01     -0.13776683E-03     -0.17426663E-03
      42     -0.23086182E-01     -0.23519156E-01     -0.13854276E-03     -0.17426663E-03
      43     -0.23102743E-01     -0.23519156E-01     -0.13880821E-03     -0.17426663E-03
      44     -0.23119035E-01     -0.23519156E-01     -0.13907219E-03     -0.17426663E-03
      45     -0.23132913E-01     -0.23519156E-01     -0.13971208E-03     -0.17426663E-03
      46     -0.23146792E-01     -0.23519156E-01     -0.14035493E-03     -0.17426663E-03
      47     -0.23150950E-01     -0.23519156E-01     -0.14101209E-03     -0.17426663E-03
      48     -0.23155080E-01     -0.23519156E-01     -0.14166718E-03     -0.17426663E-03
      49     -0.23158939E-01     -0.23519156E-01     -0.14212016E-03     -0.17426663E-03
      50     -0.23162714E-01     -0.23519156E-01     -0.14257623E-03     -0.17426663E-03
      51     -0.23171167E-01     -0.23519156E-01     -0.14316491E-03     -0.17426663E-03
      52     -0.23179709E-01     -0.23519156E-01     -0.14375180E-03     -0.17426663E-03
      53     -0.23186022E-01     -0.23519156E-01     -0.14441470E-03     -0.17426663E-03
      54     -0.23192292E-01     -0.23519156E-01     -0.14509668E-03     -0.17426663E-03
 
# q=  0.66666667E+00  0.00000000E+00  0.00000000E+00  (qpt 7)
#ncbands         Re chi(0,0)              extrap   Re chi(Gmax,Gmax)              extrap
       1     -0.40350140E-02     -0.23519216E-01     -0.12875270E-04     -0.17425980E-03
       2     -0.68596455E-02     -0.23519216E-01     -0.24741868E-04     -0.17425980E-03
       3     -0.99673371E-02     -0.23519216E-01     -0.39975533E-04     -0.17425980E-03
       4     -0.12583634E-01     -0.23519216E-01     -0.54519539E-04     -0.17425980E-03
       5     -0.14199271E-01     -0.23519216E-01     -0.63614935E-04     -0.17425980E-03
       6     -0.15791572E-01     -0.23519216E-01     -0.72723732E-04     -0.17425980E-03
       7     -0.17086832E-01     -0.23519216E-01     -0.86104027E-04     -0.17425980E-03
       8     -0.18372500E-01     -0.23519216E-01     -0.99421007E-04     -0.17425980E-03
       9     -0.18839730E-01     -0.23519216E-01     -0.10040037E-03     -0.17425980E-03
      10     -0.19301682E-01     -0.23519216E-01     -0.10138016E-03     -0.17425980E-03
      11     -0.19712047E-01     -0.23519216E-01     -0.10315408E-03     -0.17425980E-03
      12     -0.20122039E-01     -0.23519216E-01     -0.10492310E-03     -0.17425980E-03
      13     -0.20429637E-01     -0.23519216E-01     -0.10660817E-03     -0.17425980E-03
      14     -0.20737532E-01     -0.23519216E-01     -0.10826794E-03     -0.17425980E-03
      15     -0.20855842E-01     -0.23519216E-01     -0.11005562E-03     -0.17425980E-03
      16     -0.20974399E-01     -0.23519216E-01     -0.11184108E-03     -0.17425980E-03
      17     -0.21158881E-01     -0.23519216E-01     -0.11460305E-03     -0.17425980E-03
      18     -0.21343574E-01     -0.23519216E-01     -0.11739575E-03     -0.17425980E-03
      19     -0.21515350E-01     -0.23519216E-01     -0.11852239E-03     -0.17425980E-03
      20     -0.21688859E-01     -0.23519216E-01     -0.11967360E-03     -0.17425980E-03
      21     -0.21780447E-01     -0.23519216E-01     -0.12032201E-03     -0.17425980E-03
      22     -0.21872410E-01     -0.23519216E-01     -0.12092761E-03     -0.17425980E-03
      23     -0.22075584E-01     -0.23519216E-01     -0.12172124E-03     -0.17425980E-03
      24     -0.22279035E-01     -0.23519216E-01     -0.12255115E-03     -0.17425980E-03
      25     -0.22387401E-01     -0.23519216E-01     -0.12368077E-03     -0.17425980E-03
      26     -0.22495944E-01     -0.23519216E-01     -0.12479960E-03     -0.17425980E-03
      27     -0.22549276E-01     -0.23519216E-01     -0.12526836E-03     -0.17425980E-03
      28     -0.22602400E-01     -0.23519216E-01     -0.12572846E-03     -0.17425980E-03
      29     -0.22697909E-01     -0.23519216E-01     -0.12623503E-03     -0.17425980E-03
      30     -0.22791724E-01     -0.23519216E-01     -0.12674766E-03     -0.17425980E-03
      31     -0.22844279E-01     -0.23519216E-01     -0.12822976E-03     -0.17425980E-03
      32     -0.22896873E-01     -0.23519216E-01     -0.12970405E-03     -0.17425980E-03
      33     -0.22926950E-01     -0.23519216E-01     -0.13148449E-03     -0.17425980E-03
      34     -0.22957774E-01     -0.23519216E-01     -0.13327466E-03     -0.17425980E-03
      35     -0.22979790E-01     -0.23519216E-01     -0.13385368E-03     -0.17425980E-03
      36     -0.22994962E-01     -0.23519216E-01     -0.13435573E-03     -0.17425980E-03
      37     -0.23019456E-01     -0.23519216E-01     -0.13470518E-03     -0.17425980E-03
      38     -0.23051248E-01     -0.23519216E-01     -0.13513060E-03     -0.17425980E-03
      39     -0.23064962E-01     -0.23519216E-01     -0.13606039E-03     -0.17425980E-03
      40     -0.23078663E-01     -0.23519216E-01     -0.13698960E-03     -0.17425980E-03
      41     -0.23082436E-01     -0.23519216E-01     -0.13776557E-03     -0.17425980E-03
      42     -0.23086226E-01     -0.23519216E-01     -0.13854269E-03     -0.17425980E-03
      43     -0.23102593E-01     -0.23519216E-01     -0.13880501E-03     -0.17425980E-03
      44     -0.23119079E-01     -0.23519216E-01     -0.13907211E-03     -0.17425980E-03
      45     -0.23133001E-01     -0.23519216E-01     -0.13971233E-03     -0.17425980E-03
      46     -0.23146836E-01     -0.23519216E-01     -0.14035485E-03     -0.17425980E-03
      47     -0.23150994E-01     -0.23519216E-01     -0.14101305E-03     -0.17425980E-03
      48     -0.23155124E-01     -0.23519216E-01     -0.14166708E-03     -0.17425980E-03
      49     -0.23158983E-01     -0.23519216E-01     -0.14212013E-03     -0.17425980E-03
      50     -0.23162758E-01     -0.23519216E-01     -0.14257615E-03     -0.17425980E-03
      51     -0.23171210E-01     -0.23519216E-01     -0.14316374E-03     -0.17425980E-03
      52     -0.23179752E-01     -0.23519216E-01     -0.14375172E-03     -0.17425980E-03
      53     -0.23186066E-01     -0.23519216E-01     -0.14441367E-03     -0.17425980E-03
      54     -0.23192338E-01     -0.23519216E-01     -0.14509603E-03     -0.17425980E-03
 
# q=  0.66666667E+00  0.33333333E+00  0.00000000E+00  (qpt 8)
#ncbands         Re chi(0,0)              extrap   Re chi(Gmax,Gmax)              extrap
       1     -0.28595388E-02     -0.23519156E-01     -0.12380820E-04     -0.17423218E-03
       2     -0.68596153E-02     -0.23519156E-01     -0.24740937E-04     -0.17423218E-03
       3     -0.94248977E-02     -0.23519156E-01     -0.39576903E-04     -0.17423218E-03
       4     -0.12583577E-01     -0.23519156E-01     -0.54520068E-04     -0.17423218E-03
       5     -0.14196815E-01     -0.23519156E-01     -0.63684129E-04     -0.17423218E-03
       6     -0.15789900E-01     -0.23519156E-01     -0.72724217E-04     -0.17423218E-03
       7     -0.17084296E-01     -0.23519156E-01     -0.86078395E-04     -0.17423218E-03
       8     -0.18372441E-01     -0.23519156E-01     -0.99421324E-04     -0.17423218E-03
       9     -0.18839639E-01     -0.23519156E-01     -0.10040908E-03     -0.17423218E-03
      10     -0.19301618E-01     -0.23519156E-01     -0.10138049E-03     -0.17423218E-03
      11     -0.19711987E-01     -0.23519156E-01     -0.10314878E-03     -0.17423218E-03
      12     -0.20121981E-01     -0.23519156E-01     -0.10492338E-03     -0.17423218E-03
      13     -0.20429508E-01     -0.23519156E-01     -0.10658206E-03     -0.17423218E-03
      14     -0.20737478E-01     -0.23519156E-01     -0.10826822E-03     -0.17423218E-03
      15     -0.20855786E-01     -0.23519156E-01     -0.11005239E-03     -0.17423218E-03
      16     -0.20974346E-01     -0.23519156E-01     -0.11184137E-03     -0.17423218E-03
      17     -0.21158540E-01     -0.23519156E-01     -0.11462044E-03     -0.17423218E-03
      18     -0.21343519E-01     -0.23519156E-01     -0.11739602E-03     -0.17423218E-03
      19     -0.21516496E-01     -0.23519156E-01     -0.11854252E-03     -0.17423218E-03
      20     -0.21688810E-01     -0.23519156E-01     -0.11967409E-03     -0.17423218E-03
      21     -0.21780352E-01     -0.23519156E-01     -0.12027907E-03     -0.17423218E-03
      22     -0.21872269E-01     -0.23519156E-01     -0.12092876E-03     -0.17423218E-03
      23     -0.22075550E-01     -0.23519156E-01     -0.12175755E-03     -0.17423218E-03
      24     -0.22278985E-01     -0.23519156E-01     -0.12255171E-03     -0.17423218E-03
      25     -0.22387311E-01     -0.23519156E-01     -0.12368004E-03     -0.17423218E-03
      26     -0.22495895E-01     -0.23519156E-01     -0.12479984E-03     -0.17423218E-03
      27     -0.22549060E-01     -0.23519156E-01     -0.12525979E-03     -0.17423218E-03
      28     -0.22602360E-01     -0.23519156E-01     -0.12572822E-03     -0.17423218E-03
      29     -0.22696312E-01     -0.23519156E-01     -0.12623630E-03     -0.17423218E-03
      30     -0.22791678E-01     -0.23519156E-01     -0.12674799E-03     -0.17423218E-03
      31     -0.22844212E-01     -0.23519156E-01     -0.12822381E-03     -0.17423218E-03
      32     -0.22896827E-01     -0.23519156E-01     -0.12970436E-03     -0.17423218E-03
      33     -0.22926879E-01     -0.23519156E-01     -0.13148216E-03     -0.17423218E-03
      34     -0.22957698E-01     -0.23519156E-01     -0.13327496E-03     -0.17423218E-03
      35     -0.22979729E-01     -0.23519156E-01     -0.13385146E-03     -0.17423218E-03
      36     -0.22994914E-01     -0.23519156E-01     -0.13435601E-03     -0.17423218E-03
      37     -0.23019413E-01     -0.23519156E-01     -0.13470590E-03     -0.17423218E-03
      38     -0.23051204E-01     -0.23519156E-01     -0.13513087E-03     -0.17423218E-03
      39     -0.23064918E-01     -0.23519156E-01     -0.13606152E-03     -0.17423218E-03
      40     -0.23078619E-01     -0.23519156E-01     -0.13698986E-03     -0.17423218E-03
      41     -0.23082392E-01     -0.23519156E-01     -0.13776635E-03     -0.17423218E-03
      42     -0.23086182E-01     -0.23519156E-01     -0.13854296E-03     -0.17423218E-03
      43     -0.23102743E-01     -0.23519156E-01     -0.13880848E-03     -0.17423218E-03
      44     -0.23119035E-01     -0.23519156E-01     -0.13907236E-03     -0.17423218E-03
      45     -0.23132913E-01     -0.23519156E-01     -0.13971419E-03     -0.17423218E-03
      46     -0.23146792E-01     -0.23519156E-01     -0.14035512E-03     -0.17423218E-03
      47     -0.23150950E-01     -0.23519156E-01     -0.14100889E-03     -0.17423218E-03
      48     -0.23155080E-01     -0.23519156E-01     -0.14166734E-03     -0.17423218E-03
      49     -0.23158939E-01     -0.23519156E-01     -0.14212386E-03     -0.17423218E-03
      50     -0.23162714E-01     -0.23519156E-01     -0.14257640E-03     -0.17423218E-03
      51     -0.23171167E-01     -0.23519156E-01     -0.14316680E-03     -0.17423218E-03
      52     -0.23179709E-01     -0.23519156E-01     -0.14375199E-03     -0.17423218E-03
      53     -0.23186022E-01     -0.23519156E-01     -0.14443524E-03     -0.17423218E-03
      54     -0.23192292E-01     -0.23519156E-01     -0.14509685E-03     -0.17423218E-03
 
# q=  0.66666667E+00  0.66666667E+00  0.00000000E+00  (qpt 9)
#ncbands         Re chi(0,0)              extrap   Re chi(Gmax,Gmax)              extrap
       1     -0.28207960E-02     -0.30854712E-01     -0.19533137E-04     -0.18075667E-03
       2     -0.55283945E-02     -0.30854712E-01     -0.41366367E-04     -0.18075667E-03
       3     -0.81333377E-02     -0.30854712E-01     -0.54370772E-04     -0.18075667E-03
       4     -0.10682573E-01     -0.30854712E-01     -0.69054674E-04     -0.18075667E-03
       5     -0.12848973E-01     -0.30854712E-01     -0.78232965E-04     -0.18075667E-03
       6     -0.15001522E-01     -0.30854712E-01     -0.87756467E-04     -0.18075667E-03
       7     -0.16681706E-01     -0.30854712E-01     -0.94157170E-04     -0.18075667E-03
       8     -0.18335342E-01     -0.30854712E-01     -0.98833471E-04     -0.18075667E-03
       9     -0.19071988E-01     -0.30854712E-01     -0.10176117E-03     -0.18075667E-03
      10     -0.19802649E-01     -0.30854712E-01     -0.10459831E-03     -0.18075667E-03
      11     -0.20442737E-01     -0.30854712E-01     -0.10503024E-03     -0.18075667E-03
      12     -0.21083388E-01     -0.30854712E-01     -0.10546226E-03     -0.18075667E-03
      13     -0.21557567E-01     -0.30854712E-01     -0.10875704E-03     -0.18075667E-03
      14     -0.22032000E-01     -0.30854712E-01     -0.11205179E-03     -0.18075667E-03
      15     -0.22388028E-01     -0.30854712E-01     -0.11349552E-03     -0.18075667E-03
      16     -0.22742145E-01     -0.30854712E-01     -0.11490477E-03     -0.18075667E-03
      17     -0.23071686E-01     -0.30854712E-01     -0.11742754E-03     -0.18075667E-03
      18     -0.23410900E-01     -0.30854712E-01     -0.11987269E-03     -0.18075667E-03
      19     -0.23865681E-01     -0.30854712E-01     -0.12194033E-03     -0.18075667E-03
      20     -0.24335776E-01     -0.30854712E-01     -0.12391067E-03     -0.18075667E-03
      21     -0.24552836E-01     -0.30854712E-01     -0.12516975E-03     -0.18075667E-03
      22     -0.24740774E-01     -0.30854712E-01     -0.12646556E-03     -0.18075667E-03
      23     -0.25093791E-01     -0.30854712E-01     -0.12780934E-03     -0.18075667E-03
      24     -0.25468193E-01     -0.30854712E-01     -0.12913834E-03     -0.18075667E-03
      25     -0.25807932E-01     -0.30854712E-01     -0.12948341E-03     -0.18075667E-03
      26     -0.26146546E-01     -0.30854712E-01     -0.12983223E-03     -0.18075667E-03
      27     -0.26279992E-01     -0.30854712E-01     -0.13044588E-03     -0.18075667E-03
      28     -0.26426888E-01     -0.30854712E-01     -0.13105898E-03     -0.18075667E-03
      29     -0.26747665E-01     -0.30854712E-01     -0.13211750E-03     -0.18075667E-03
      30     -0.27053172E-01     -0.30854712E-01     -0.13317764E-03     -0.18075667E-03
      31     -0.27258759E-01     -0.30854712E-01     -0.13368457E-03     -0.18075667E-03
      32     -0.27464591E-01     -0.30854712E-01     -0.13419058E-03     -0.18075667E-03
      33     -0.27600281E-01     -0.30854712E-01     -0.13528529E-03     -0.18075667E-03
      34     -0.27747803E-01     -0.30854712E-01     -0.13631161E-03     -0.18075667E-03
      35     -0.27824670E-01     -0.30854712E-01     -0.13699491E-03     -0.18075667E-03
      36     -0.27882763E-01     -0.30854712E-01     -0.13746697E-03     -0.18075667E-03
      37     -0.27951028E-01     -0.30854712E-01     -0.13802069E-03     -0.18075667E-03
      38     -0.28034428E-01     -0.30854712E-01     -0.13881323E-03     -0.18075667E-03
      39     -0.28108923E-01     -0.30854712E-01     -0.13991308E-03     -0.18075667E-03
      40     -0.28183513E-01     -0.30854712E-01     -0.14101326E-03     -0.18075667E-03
      41     -0.28221342E-01     -0.30854712E-01     -0.14131887E-03     -0.18075667E-03
      42     -0.28259235E-01     -0.30854712E-01     -0.14162460E-03     -0.18075667E-03
      43     -0.28320009E-01     -0.30854712E-01     -0.14279491E-03     -0.18075667E-03
      44     -0.28381080E-01     -0.30854712E-01     -0.14395979E-03     -0.18075667E-03
      45     -0.28453536E-01     -0.30854712E-01     -0.14460019E-03     -0.18075667E-03
      46     -0.28525880E-01     -0.30854712E-01     -0.14524685E-03     -0.18075667E-03
      47     -0.28551425E-01     -0.30854712E-01     -0.14569776E-03     -0.18075667E-03
      48     -0.28578695E-01     -0.30854712E-01     -0.14619702E-03     -0.18075667E-03
      49     -0.28612434E-01     -0.30854712E-01     -0.14719219E-03     -0.18075667E-03
      50     -0.28644564E-01     -0.30854712E-01     -0.14814995E-03     -0.18075667E-03
      51     -0.28695289E-01     -0.30854712E-01     -0.14904885E-03     -0.18075667E-03
      52     -0.28746406E-01     -0.30854712E-01     -0.14994817E-03     -0.18075667E-03
      53     -0.28783467E-01     -0.30854712E-01     -0.15012755E-03     -0.18075667E-03
      54     -0.28820052E-01     -0.30854712E-01     -0.15030001E-03     -0.18075667E-03
 
