# Generated by LORRAX 0.1.0 at 2026-05-05 04:04:30 UTC
  0.000000000  0.000000000  0.000000000      80
       1       1  -65.372252713  580.380699037
       1       2  -65.372252713  580.382533569
       1       3  -41.997239406  606.588351058
       1       4  -41.997239406  606.585842518
       1       5  -39.497234763  598.185339591
       1       6  -39.497234763  598.185735835
       1       7  -39.272877200  609.643315542
       1       8  -39.272877200  609.641603321
       1       9  -19.398603934  379.582913891
       1      10  -19.398603934  379.583187469
       1      11  -18.214280028  351.961499225
       1      12  -18.214280028  351.961068066
       1      13  -10.873767665  281.658479212
       1      14  -10.873767665  281.619124667
       1      15   -7.815639791  377.283546097
       1      16   -7.815639791  377.202483612
       1      17   -7.759785208  373.472010975
       1      18   -7.759785208  373.505341129
       1      19   -7.145276163  231.784267406
       1      20   -7.145276163  231.796842352
       1      21   -6.779802660  360.280999106
       1      22   -6.779802660  360.287540867
       1      23   -6.699109091  359.938300509
       1      24   -6.699109091  359.940897594
       1      25   -5.386093228  329.046702312
       1      26   -5.386093228  329.044712280
       1      27   -2.581487766  343.305310462
       1      28   -2.581487766  343.308865087
       1      29   -2.505729283  341.502835330
       1      30   -2.505729283  341.494488920
       1      31   -2.332526379  326.758228504
       1      32   -2.332526379  326.775021570
       1      33   -2.326587078  325.180176879
       1      34   -2.326587078  325.184648730
       1      35    1.113319981  354.702942654
       1      36    1.113319981  354.665871348
       1      37    3.714013537  273.285713561
       1      38    3.714013537  273.327428942
       1      39    3.951990992  120.972579370
       1      40    3.951990992  120.922622302
       1      41    4.776396958   26.750113343
       1      42    4.776396958   26.750365599
       1      43    5.486223595  313.747020257
       1      44    5.486223595  313.788738120
       1      45    5.562326938  320.208946585
       1      46    5.562326938  320.101541629
       1      47    7.461580352  362.890523431
       1      48    7.461580352  362.890033499
       1      49    7.478940205  363.919294644
       1      50    7.478940205  363.918600674
       1      51    7.640758303  313.720668209
       1      52    7.640758303  313.721045975
       1      53   10.750583907  354.067070534
       1      54   10.750583907  354.066946715
       1      55   10.765262863  354.110554530
       1      56   10.765262863  354.110677439
       1      57   10.847684787  380.240986786
       1      58   10.847684787  380.240031660
       1      59   11.103918741  373.793108775
       1      60   11.103918741  373.794044647
       1      61   11.110759105  373.704828098
       1      62   11.110759105  373.705105110
       1      63   11.238345647  184.845299216
       1      64   11.238345647  184.844732009
       1      65   14.009904811  165.393427587
       1      66   14.009904811  165.393703197
       1      67   14.263648017  112.566326304
       1      68   14.263648017  112.565880489
       1      69   14.654707915  173.655422532
       1      70   14.654707915  173.655269619
       1      71   16.051968718  218.166857716
       1      72   16.051968718  218.166887789
       1      73   18.076102043  323.319706949
       1      74   18.076102043  323.319834365
       1      75   18.251524864  316.232877278
       1      76   18.251524864  316.232942420
       1      77   20.596317563  188.591244418
       1      78   20.596317563  188.591788422
       1      79   20.815167666  175.349650673
       1      80   20.815167666  175.349750688
  0.000000000  0.333333333  0.000000000      80
       1       1  -65.392798966  586.032889965
       1       2  -65.392798966  586.042705188
       1       3  -42.080406803  606.253483674
       1       4  -42.080406756  606.356936095
       1       5  -39.576633882  600.057420870
       1       6  -39.576633873  600.091062412
       1       7  -39.426547754  604.126633205
       1       8  -39.426547701  604.262635780
       1       9  -18.084492826  381.878795231
       1      10  -18.084492822  381.823006853
       1      11  -17.638782722  368.693533061
       1      12  -17.638782720  368.685245355
       1      13  -10.524665254  310.830478680
       1      14  -10.524665196  310.812942131
       1      15   -9.566582664  284.983103641
       1      16   -9.566582603  285.040353770
       1      17   -9.176329718  279.992411537
       1      18   -9.176329656  279.963935621
       1      19   -8.120290201  343.893251967
       1      20   -8.120290072  343.667401506
       1      21   -7.044057807  247.861349874
       1      22   -7.044057793  247.849975276
       1      23   -6.595082220  330.763460268
       1      24   -6.595079390  331.492221259
       1      25   -6.289899601  366.725155188
       1      26   -6.289896456  367.471756527
       1      27   -3.056465410  387.287487602
       1      28   -3.056463380  389.597621773
       1      29   -2.954588525  368.366927040
       1      30   -2.954586146  370.716937562
       1      31   -1.863615373  358.310249174
       1      32   -1.863614549  358.184461361
       1      33   -1.263891886  342.765049128
       1      34   -1.263891011  342.673532277
       1      35    2.649881844  286.403424394
       1      36    2.649882106  286.717280740
       1      37    2.893229927  262.942631323
       1      38    2.893229985  262.953647397
       1      39    3.304597703  274.916180096
       1      40    3.304598358  274.105821428
       1      41    5.155271593  170.173444042
       1      42    5.155271638  170.120096924
       1      43    5.593536507  261.603920506
       1      44    5.593537153  261.269170878
       1      45    7.168541443  412.010637997
       1      46    7.168541737  412.398349488
       1      47    7.616675743  193.748762173
       1      48    7.616675743  193.769076108
       1      49    7.719676635  337.146969055
       1      50    7.719676785  337.345134755
       1      51    9.143825613  354.229980561
       1      52    9.143825642  354.183270119
       1      53    9.711198701  239.452463938
       1      54    9.711199303  238.927567332
       1      55   10.065542634  391.138396611
       1      56   10.065543235  390.658699200
       1      57   10.144713365  322.602592120
       1      58   10.144713579  322.481326708
       1      59   12.357125907  382.108976618
       1      60   12.357125943  382.128992826
       1      61   13.541741152  136.477915772
       1      62   13.541741179  136.474395381
       1      63   13.877065352  126.165453479
       1      64   13.877065712  126.261369575
       1      65   14.840728597  155.365323297
       1      66   14.840728743  155.277407923
       1      67   15.590640243  167.349352389
       1      68   15.590640323  167.250827869
       1      69   16.288988903  321.918174579
       1      70   16.288989215  321.636028868
       1      71   17.050900062  308.206573664
       1      72   17.050900459  309.023262028
       1      73   17.207930619   94.406229777
       1      74   17.207930631   94.341379161
       1      75   17.657339838  130.955962211
       1      76   17.657339921  131.124664041
       1      77   19.467538755  295.447738571
       1      78   19.467538763  296.062835332
       1      79   19.553067055  338.188957147
       1      80   19.553067233  337.641628067
  0.000000000  0.666666667  0.000000000      80
       1       1  -65.392798966  586.032889965
       1       2  -65.392798966  586.042705188
       1       3  -42.080406803  606.253483674
       1       4  -42.080406756  606.356936095
       1       5  -39.576633882  600.057420870
       1       6  -39.576633873  600.091062412
       1       7  -39.426547754  604.126633205
       1       8  -39.426547701  604.262635780
       1       9  -18.084492826  381.878795231
       1      10  -18.084492822  381.823006853
       1      11  -17.638782722  368.693533061
       1      12  -17.638782720  368.685245355
       1      13  -10.524665254  310.830478680
       1      14  -10.524665196  310.812942131
       1      15   -9.566582664  284.983103641
       1      16   -9.566582603  285.040353770
       1      17   -9.176329718  279.992411537
       1      18   -9.176329656  279.963935621
       1      19   -8.120290201  343.893251967
       1      20   -8.120290072  343.667401506
       1      21   -7.044057807  247.861349874
       1      22   -7.044057793  247.849975276
       1      23   -6.595082220  330.763460268
       1      24   -6.595079390  331.492221259
       1      25   -6.289899601  366.725155188
       1      26   -6.289896456  367.471756527
       1      27   -3.056465410  387.287487602
       1      28   -3.056463380  389.597621773
       1      29   -2.954588525  368.366927040
       1      30   -2.954586146  370.716937562
       1      31   -1.863615373  358.310249174
       1      32   -1.863614549  358.184461361
       1      33   -1.263891886  342.765049128
       1      34   -1.263891011  342.673532277
       1      35    2.649881844  286.403424394
       1      36    2.649882106  286.717280740
       1      37    2.893229927  262.942631323
       1      38    2.893229985  262.953647397
       1      39    3.304597703  274.916180096
       1      40    3.304598358  274.105821428
       1      41    5.155271593  170.173444042
       1      42    5.155271638  170.120096924
       1      43    5.593536507  261.603920506
       1      44    5.593537153  261.269170878
       1      45    7.168541443  412.010637997
       1      46    7.168541737  412.398349488
       1      47    7.616675743  193.748762173
       1      48    7.616675743  193.769076108
       1      49    7.719676635  337.146969055
       1      50    7.719676785  337.345134755
       1      51    9.143825613  354.229980561
       1      52    9.143825642  354.183270119
       1      53    9.711198701  239.452463938
       1      54    9.711199303  238.927567332
       1      55   10.065542634  391.138396611
       1      56   10.065543235  390.658699200
       1      57   10.144713365  322.602592120
       1      58   10.144713579  322.481326708
       1      59   12.357125907  382.108976618
       1      60   12.357125943  382.128992826
       1      61   13.541741152  136.477915772
       1      62   13.541741179  136.474395381
       1      63   13.877065352  126.165453479
       1      64   13.877065712  126.261369575
       1      65   14.840728597  155.365323297
       1      66   14.840728743  155.277407923
       1      67   15.590640243  167.349352389
       1      68   15.590640323  167.250827869
       1      69   16.288988903  321.918174579
       1      70   16.288989215  321.636028868
       1      71   17.050900062  308.206573664
       1      72   17.050900459  309.023262028
       1      73   17.207930619   94.406229777
       1      74   17.207930631   94.341379161
       1      75   17.657339838  130.955962211
       1      76   17.657339921  131.124664041
       1      77   19.467538755  295.447738571
       1      78   19.467538763  296.062835332
       1      79   19.553067055  338.188957147
       1      80   19.553067233  337.641628067
  0.333333333  0.000000000  0.000000000      80
       1       1  -65.392799037  588.509519871
       1       2  -65.392799037  588.509041642
       1       3  -42.080406559  606.220845317
       1       4  -42.080406552  606.672499219
       1       5  -39.576634202  599.527240139
       1       6  -39.576634201  599.616197502
       1       7  -39.426546623  604.892410648
       1       8  -39.426546619  605.426383306
       1       9  -18.084495257  381.657189186
       1      10  -18.084495198  381.693705344
       1      11  -17.638784954  367.312855321
       1      12  -17.638784947  367.296806524
       1      13  -10.524665499  310.588159564
       1      14  -10.524665399  310.520555182
       1      15   -9.566583398  285.709933054
       1      16   -9.566583327  285.821725650
       1      17   -9.176334037  283.860016154
       1      18   -9.176334011  283.665107997
       1      19   -8.120282093  341.474484167
       1      20   -8.120281965  341.760954434
       1      21   -7.044059400  251.018275936
       1      22   -7.044059395  250.941342887
       1      23   -6.595074415  332.668206242
       1      24   -6.595072720  332.201362822
       1      25   -6.289901239  365.175376032
       1      26   -6.289899363  364.640306573
       1      27   -3.056462027  390.296011984
       1      28   -3.056460802  389.761133672
       1      29   -2.954588643  368.552220806
       1      30   -2.954587134  368.145603600
       1      31   -1.863614408  358.994800545
       1      32   -1.863613861  359.082789893
       1      33   -1.263888590  348.241645136
       1      34   -1.263888018  348.400582308
       1      35    2.649882235  274.507373959
       1      36    2.649882457  274.391365066
       1      37    2.893232275  270.082106280
       1      38    2.893232349  269.983930682
       1      39    3.304595995  272.233124620
       1      40    3.304596673  272.719344254
       1      41    5.155271343  176.997910159
       1      42    5.155271378  176.793068338
       1      43    5.593533717  260.069199949
       1      44    5.593534325  259.172191400
       1      45    7.168551725  405.802732790
       1      46    7.168551913  405.795811459
       1      47    7.616670289  187.820347749
       1      48    7.616670291  187.879024045
       1      49    7.719668185  335.360879619
       1      50    7.719668625  335.662671204
       1      51    9.143833046  346.751413220
       1      52    9.143833050  346.779940325
       1      53    9.711196923  239.413712950
       1      54    9.711196973  238.839528824
       1      55   10.065545510  388.119687208
       1      56   10.065545726  387.549141326
       1      57   10.144710139  322.226140713
       1      58   10.144710255  321.980172372
       1      59   12.357129831  369.634117769
       1      60   12.357129844  369.654933674
       1      61   13.541740430  136.562559601
       1      62   13.541740458  136.602205754
       1      63   13.877062637  125.393482512
       1      64   13.877062972  125.182395378
       1      65   14.840724016  155.851542199
       1      66   14.840724107  155.880161760
       1      67   15.590635878  166.349251696
       1      68   15.590635940  166.261488676
       1      69   16.289002142  326.564578572
       1      70   16.289002434  325.933854064
       1      71   17.050897742  302.346151377
       1      72   17.050898016  303.627342839
       1      73   17.207927796   72.687752525
       1      74   17.207927806   72.580772218
       1      75   17.657340173  142.875038509
       1      76   17.657340245  142.928546771
       1      77   19.467532090  279.493934867
       1      78   19.467532288  280.692377191
       1      79   19.553053443  324.510408791
       1      80   19.553053551  324.038668208
  0.333333333  0.333333333  0.000000000      80
       1       1  -65.289462674  587.985720169
       1       2  -65.289458498  587.970695094
       1       3  -42.122164959  606.093535484
       1       4  -42.099980776  605.530618723
       1       5  -39.582218453  605.339640920
       1       6  -39.538369072  597.220084129
       1       7  -39.534507936  604.481096215
       1       8  -39.522506870  597.032254236
       1       9  -17.273677014  388.747997997
       1      10  -17.230830371  379.626991574
       1      11  -17.227364559  379.434002274
       1      12  -17.210674522  388.048292938
       1      13  -10.760539097  303.438838038
       1      14  -10.751426497  304.841057947
       1      15   -9.925139452  280.292243641
       1      16   -9.889645880  280.568135201
       1      17   -9.441757424  293.659073905
       1      18   -9.382373825  292.323991025
       1      19   -8.864992892  279.590052887
       1      20   -8.839966769  282.172167555
       1      21   -8.314099160  264.760301116
       1      22   -8.264529569  264.935978761
       1      23   -7.587981801  266.354571570
       1      24   -7.566418118  265.759511331
       1      25   -5.326194433  399.675618857
       1      26   -5.193615013  397.513492993
       1      27   -3.493546231  423.225887468
       1      28   -3.489961138  422.851317786
       1      29   -2.349113707  335.419697173
       1      30   -2.318860600  335.553093921
       1      31   -1.737564400  389.314094501
       1      32   -1.607455393  390.160684868
       1      33   -0.396867227  389.635238372
       1      34   -0.320176487  389.390003675
       1      35    2.059713038  309.694135932
       1      36    2.197666140  307.645675666
       1      37    2.544442308  245.460079971
       1      38    2.547608527  245.147011538
       1      39    4.779964241  185.882194440
       1      40    4.790014769  186.397870771
       1      41    5.792461787  318.691375087
       1      42    5.847474768  328.111366779
       1      43    6.356892050  397.700591839
       1      44    6.375935048  398.630235788
       1      45    7.147368562  245.056000552
       1      46    7.164537649  245.519906912
       1      47    7.271748297  348.185546884
       1      48    7.332088902  346.748493996
       1      49    7.688872609  360.573317889
       1      50    7.718731243  360.859772758
       1      51    7.723234905  375.400791854
       1      52    7.742221738  375.308382900
       1      53    9.005470692  202.276585577
       1      54    9.005477775  202.290102578
       1      55   10.575349631  247.553953849
       1      56   10.637024943  248.035371487
       1      57   11.728256450  198.376198990
       1      58   11.732589612  197.299650578
       1      59   12.950803713   88.101193588
       1      60   12.953291303  101.785613327
       1      61   13.273329269  294.167355864
       1      62   13.344626934  101.806152956
       1      63   13.372806595  203.848209766
       1      64   13.502358420  408.113012530
       1      65   14.091708187  159.460606766
       1      66   14.097492939  159.194526997
       1      67   14.882463387  120.866177844
       1      68   14.897878531  121.453396413
       1      69   15.456547656  219.214486922
       1      70   15.475578938  218.843477322
       1      71   17.724108897  199.964627285
       1      72   17.738871981  199.943743399
       1      73   19.265162533  361.322187252
       1      74   19.265337873  361.574726873
       1      75   20.119739824  353.613312382
       1      76   20.145671630  347.108831504
       1      77   20.189680980  369.730863858
       1      78   20.193331317  374.546689511
       1      79   20.210405005  126.860772520
       1      80   20.217787930  122.131663733
  0.333333333  0.666666667  0.000000000      80
       1       1  -65.392798949  586.593752463
       1       2  -65.392798949  586.589405390
       1       3  -42.080406898  606.008619449
       1       4  -42.080406858  606.251902099
       1       5  -39.576633312  599.241897081
       1       6  -39.576633304  599.278995395
       1       7  -39.426548780  604.619587828
       1       8  -39.426548732  604.852121507
       1       9  -18.084493443  381.321050355
       1      10  -18.084493388  381.370670165
       1      11  -17.638776812  368.360989104
       1      12  -17.638776807  368.351640158
       1      13  -10.524665075  303.213078268
       1      14  -10.524665033  303.771931297
       1      15   -9.566581673  285.860040451
       1      16   -9.566581663  285.813181708
       1      17   -9.176332360  284.324500023
       1      18   -9.176332325  284.290722056
       1      19   -8.120308135  343.080937350
       1      20   -8.120308134  343.001042901
       1      21   -7.044052525  249.918738676
       1      22   -7.044052507  249.877820242
       1      23   -6.595086813  331.561144034
       1      24   -6.595085679  331.905529371
       1      25   -6.289884454  364.066924269
       1      26   -6.289883185  364.446727858
       1      27   -3.056468204  389.065658431
       1      28   -3.056467399  390.480973806
       1      29   -2.954590279  367.986798934
       1      30   -2.954589408  369.118347687
       1      31   -1.863629800  357.805771055
       1      32   -1.863629524  357.467829904
       1      33   -1.263885267  344.253354595
       1      34   -1.263884964  343.573282528
       1      35    2.649883260  283.618078770
       1      36    2.649883301  283.387648458
       1      37    2.893230932  269.002058918
       1      38    2.893230947  268.813902822
       1      39    3.304594270  274.680305350
       1      40    3.304594293  275.643462795
       1      41    5.155266710  179.637293436
       1      42    5.155266720  179.101211587
       1      43    5.593547721  273.071420569
       1      44    5.593547760  272.754712168
       1      45    7.168538299  406.610379876
       1      46    7.168538404  406.289588280
       1      47    7.616677831  190.718821223
       1      48    7.616677832  190.726834846
       1      49    7.719676925  336.019986657
       1      50    7.719677215  336.375163003
       1      51    9.143823550  349.677314512
       1      52    9.143823583  349.691787766
       1      53    9.711212153  238.164456589
       1      54    9.711212706  238.835806245
       1      55   10.065536718  385.024771819
       1      56   10.065537104  386.185950924
       1      57   10.144727394  323.175294704
       1      58   10.144727493  323.408125418
       1      59   12.357130757  371.918324524
       1      60   12.357130780  371.914676843
       1      61   13.541744720  137.458179672
       1      62   13.541744721  137.474289020
       1      63   13.877057897  121.506088470
       1      64   13.877057921  121.527854204
       1      65   14.840741072  159.932872371
       1      66   14.840741127  159.940423356
       1      67   15.590643645  171.727001320
       1      68   15.590643664  171.680746706
       1      69   16.288971700  329.894264486
       1      70   16.288971721  330.272526425
       1      71   17.050888545  292.115431241
       1      72   17.050888669  290.959288252
       1      73   17.207931321   70.446084182
       1      74   17.207931323   70.521543178
       1      75   17.657339605  144.722854911
       1      76   17.657339616  144.690501895
       1      77   19.467552322  272.447520514
       1      78   19.467552512  273.071367948
       1      79   19.553072934  312.491119436
       1      80   19.553073005  313.011238565
  0.666666667 -0.000000000  0.000000000      80
       1       1  -65.392799037  588.509519871
       1       2  -65.392799037  588.509041642
       1       3  -42.080406559  606.220845317
       1       4  -42.080406552  606.672499219
       1       5  -39.576634202  599.527240139
       1       6  -39.576634201  599.616197502
       1       7  -39.426546623  604.892410648
       1       8  -39.426546619  605.426383306
       1       9  -18.084495257  381.657189186
       1      10  -18.084495198  381.693705344
       1      11  -17.638784954  367.312855321
       1      12  -17.638784947  367.296806524
       1      13  -10.524665499  310.588159564
       1      14  -10.524665399  310.520555182
       1      15   -9.566583398  285.709933054
       1      16   -9.566583327  285.821725650
       1      17   -9.176334037  283.860016154
       1      18   -9.176334011  283.665107997
       1      19   -8.120282093  341.474484167
       1      20   -8.120281965  341.760954434
       1      21   -7.044059400  251.018275936
       1      22   -7.044059395  250.941342887
       1      23   -6.595074415  332.668206242
       1      24   -6.595072720  332.201362822
       1      25   -6.289901239  365.175376032
       1      26   -6.289899363  364.640306573
       1      27   -3.056462027  390.296011984
       1      28   -3.056460802  389.761133672
       1      29   -2.954588643  368.552220806
       1      30   -2.954587134  368.145603600
       1      31   -1.863614408  358.994800545
       1      32   -1.863613861  359.082789893
       1      33   -1.263888590  348.241645136
       1      34   -1.263888018  348.400582308
       1      35    2.649882235  274.507373959
       1      36    2.649882457  274.391365066
       1      37    2.893232275  270.082106280
       1      38    2.893232349  269.983930682
       1      39    3.304595995  272.233124620
       1      40    3.304596673  272.719344254
       1      41    5.155271343  176.997910159
       1      42    5.155271378  176.793068338
       1      43    5.593533717  260.069199949
       1      44    5.593534325  259.172191400
       1      45    7.168551725  405.802732790
       1      46    7.168551913  405.795811459
       1      47    7.616670289  187.820347749
       1      48    7.616670291  187.879024045
       1      49    7.719668185  335.360879619
       1      50    7.719668625  335.662671204
       1      51    9.143833046  346.751413220
       1      52    9.143833050  346.779940325
       1      53    9.711196923  239.413712950
       1      54    9.711196973  238.839528824
       1      55   10.065545510  388.119687208
       1      56   10.065545726  387.549141326
       1      57   10.144710139  322.226140713
       1      58   10.144710255  321.980172372
       1      59   12.357129831  369.634117769
       1      60   12.357129844  369.654933674
       1      61   13.541740430  136.562559601
       1      62   13.541740458  136.602205754
       1      63   13.877062637  125.393482512
       1      64   13.877062972  125.182395378
       1      65   14.840724016  155.851542199
       1      66   14.840724107  155.880161760
       1      67   15.590635878  166.349251696
       1      68   15.590635940  166.261488676
       1      69   16.289002142  326.564578572
       1      70   16.289002434  325.933854064
       1      71   17.050897742  302.346151377
       1      72   17.050898016  303.627342839
       1      73   17.207927796   72.687752525
       1      74   17.207927806   72.580772218
       1      75   17.657340173  142.875038509
       1      76   17.657340245  142.928546771
       1      77   19.467532090  279.493934867
       1      78   19.467532288  280.692377191
       1      79   19.553053443  324.510408791
       1      80   19.553053551  324.038668208
  0.666666667  0.333333333  0.000000000      80
       1       1  -65.392798949  586.593752463
       1       2  -65.392798949  586.589405390
       1       3  -42.080406898  606.008619449
       1       4  -42.080406858  606.251902099
       1       5  -39.576633312  599.241897081
       1       6  -39.576633304  599.278995395
       1       7  -39.426548780  604.619587828
       1       8  -39.426548732  604.852121507
       1       9  -18.084493443  381.321050355
       1      10  -18.084493388  381.370670165
       1      11  -17.638776812  368.360989104
       1      12  -17.638776807  368.351640158
       1      13  -10.524665075  303.213078268
       1      14  -10.524665033  303.771931297
       1      15   -9.566581673  285.860040451
       1      16   -9.566581663  285.813181708
       1      17   -9.176332360  284.324500023
       1      18   -9.176332325  284.290722056
       1      19   -8.120308135  343.080937350
       1      20   -8.120308134  343.001042901
       1      21   -7.044052525  249.918738676
       1      22   -7.044052507  249.877820242
       1      23   -6.595086813  331.561144034
       1      24   -6.595085679  331.905529371
       1      25   -6.289884454  364.066924269
       1      26   -6.289883185  364.446727858
       1      27   -3.056468204  389.065658431
       1      28   -3.056467399  390.480973806
       1      29   -2.954590279  367.986798934
       1      30   -2.954589408  369.118347687
       1      31   -1.863629800  357.805771055
       1      32   -1.863629524  357.467829904
       1      33   -1.263885267  344.253354595
       1      34   -1.263884964  343.573282528
       1      35    2.649883260  283.618078770
       1      36    2.649883301  283.387648458
       1      37    2.893230932  269.002058918
       1      38    2.893230947  268.813902822
       1      39    3.304594270  274.680305350
       1      40    3.304594293  275.643462795
       1      41    5.155266710  179.637293436
       1      42    5.155266720  179.101211587
       1      43    5.593547721  273.071420569
       1      44    5.593547760  272.754712168
       1      45    7.168538299  406.610379876
       1      46    7.168538404  406.289588280
       1      47    7.616677831  190.718821223
       1      48    7.616677832  190.726834846
       1      49    7.719676925  336.019986657
       1      50    7.719677215  336.375163003
       1      51    9.143823550  349.677314512
       1      52    9.143823583  349.691787766
       1      53    9.711212153  238.164456589
       1      54    9.711212706  238.835806245
       1      55   10.065536718  385.024771819
       1      56   10.065537104  386.185950924
       1      57   10.144727394  323.175294704
       1      58   10.144727493  323.408125418
       1      59   12.357130757  371.918324524
       1      60   12.357130780  371.914676843
       1      61   13.541744720  137.458179672
       1      62   13.541744721  137.474289020
       1      63   13.877057897  121.506088470
       1      64   13.877057921  121.527854204
       1      65   14.840741072  159.932872371
       1      66   14.840741127  159.940423356
       1      67   15.590643645  171.727001320
       1      68   15.590643664  171.680746706
       1      69   16.288971700  329.894264486
       1      70   16.288971721  330.272526425
       1      71   17.050888545  292.115431241
       1      72   17.050888669  290.959288252
       1      73   17.207931321   70.446084182
       1      74   17.207931323   70.521543178
       1      75   17.657339605  144.722854911
       1      76   17.657339616  144.690501895
       1      77   19.467552322  272.447520514
       1      78   19.467552512  273.071367948
       1      79   19.553072934  312.491119436
       1      80   19.553073005  313.011238565
  0.666666667  0.666666667  0.000000000      80
       1       1  -65.289462674  587.985720169
       1       2  -65.289458498  587.970695094
       1       3  -42.122164959  606.093535484
       1       4  -42.099980776  605.530618723
       1       5  -39.582218453  605.339640920
       1       6  -39.538369072  597.220084129
       1       7  -39.534507936  604.481096215
       1       8  -39.522506870  597.032254236
       1       9  -17.273677014  388.747997997
       1      10  -17.230830371  379.626991574
       1      11  -17.227364559  379.434002274
       1      12  -17.210674522  388.048292938
       1      13  -10.760539097  303.438838038
       1      14  -10.751426497  304.841057947
       1      15   -9.925139452  280.292243641
       1      16   -9.889645880  280.568135201
       1      17   -9.441757424  293.659073905
       1      18   -9.382373825  292.323991025
       1      19   -8.864992892  279.590052887
       1      20   -8.839966769  282.172167555
       1      21   -8.314099160  264.760301116
       1      22   -8.264529569  264.935978761
       1      23   -7.587981801  266.354571570
       1      24   -7.566418118  265.759511331
       1      25   -5.326194433  399.675618857
       1      26   -5.193615013  397.513492993
       1      27   -3.493546231  423.225887468
       1      28   -3.489961138  422.851317786
       1      29   -2.349113707  335.419697173
       1      30   -2.318860600  335.553093921
       1      31   -1.737564400  389.314094501
       1      32   -1.607455393  390.160684868
       1      33   -0.396867227  389.635238372
       1      34   -0.320176487  389.390003675
       1      35    2.059713038  309.694135932
       1      36    2.197666140  307.645675666
       1      37    2.544442308  245.460079971
       1      38    2.547608527  245.147011538
       1      39    4.779964241  185.882194440
       1      40    4.790014769  186.397870771
       1      41    5.792461787  318.691375087
       1      42    5.847474768  328.111366779
       1      43    6.356892050  397.700591839
       1      44    6.375935048  398.630235788
       1      45    7.147368562  245.056000552
       1      46    7.164537649  245.519906912
       1      47    7.271748297  348.185546884
       1      48    7.332088902  346.748493996
       1      49    7.688872609  360.573317889
       1      50    7.718731243  360.859772758
       1      51    7.723234905  375.400791854
       1      52    7.742221738  375.308382900
       1      53    9.005470692  202.276585577
       1      54    9.005477775  202.290102578
       1      55   10.575349631  247.553953849
       1      56   10.637024943  248.035371487
       1      57   11.728256450  198.376198990
       1      58   11.732589612  197.299650578
       1      59   12.950803713   88.101193588
       1      60   12.953291303  101.785613327
       1      61   13.273329269  294.167355864
       1      62   13.344626934  101.806152956
       1      63   13.372806595  203.848209766
       1      64   13.502358420  408.113012530
       1      65   14.091708187  159.460606766
       1      66   14.097492939  159.194526997
       1      67   14.882463387  120.866177844
       1      68   14.897878531  121.453396413
       1      69   15.456547656  219.214486922
       1      70   15.475578938  218.843477322
       1      71   17.724108897  199.964627285
       1      72   17.738871981  199.943743399
       1      73   19.265162533  361.322187252
       1      74   19.265337873  361.574726873
       1      75   20.119739824  353.613312382
       1      76   20.145671630  347.108831504
       1      77   20.189680980  369.730863858
       1      78   20.193331317  374.546689511
       1      79   20.210405005  126.860772520
       1      80   20.217787930  122.131663733
