# x y z (snapped to FFT grid (36, 36, 135), 1236 unique)
# density: scalar  centroid-weight: band_range
# weight: band-range density Σ_{n∈[0,326)} Σ_k w_k|ψ_nk(r)|²
# intended channels: γ̃^0 (charge) ISDF
0.333333 0.750000 0.896296
0.694444 0.472222 0.555556
0.222222 0.944444 0.688889
0.611111 0.361111 0.955556
0.666667 0.472222 0.748148
0.694444 0.527778 0.837037
0.750000 0.638889 0.614815
0.027778 0.944444 0.807407
0.722222 0.444444 0.666667
0.972222 0.916667 0.533333
0.138889 0.000000 0.962963
0.250000 0.916667 0.985185
0.388889 0.916667 0.807407
0.333333 0.805556 0.562963
0.694444 0.472222 0.711111
0.388889 0.944444 0.740741
0.611111 0.500000 0.807407
0.166667 0.972222 0.518519
0.750000 0.611111 0.800000
0.388889 0.944444 0.681481
0.722222 0.555556 0.962963
0.750000 0.638889 0.725926
0.555556 0.555556 0.592593
0.194444 0.944444 0.637037
0.750000 0.666667 0.651852
0.333333 0.777778 0.725926
0.250000 0.861111 0.955556
0.416667 0.916667 0.962963
0.333333 0.972222 0.896296
0.111111 0.861111 0.770370
0.166667 0.000000 0.925926
0.805556 0.777778 0.792593
0.333333 0.777778 0.770370
0.861111 0.861111 0.711111
0.583333 0.555556 0.555556
0.666667 0.472222 0.518519
0.583333 0.555556 0.844444
0.222222 0.888889 0.925926
0.333333 0.805556 0.985185
0.583333 0.555556 0.770370
0.972222 0.916667 0.903704
0.388889 0.888889 0.918519
0.722222 0.555556 0.000000
0.333333 0.777778 0.681481
0.388889 0.888889 0.844444
0.250000 0.916667 0.607407
0.777778 0.694444 0.985185
0.666667 0.444444 0.888889
0.111111 0.000000 0.762963
0.750000 0.611111 0.762963
0.166667 0.972222 0.829630
0.194444 0.944444 0.896296
0.416667 0.972222 0.518519
0.666667 0.444444 0.785185
0.611111 0.500000 0.948148
0.333333 0.777778 0.525926
0.416667 0.000000 0.985185
0.861111 0.694444 0.948148
0.611111 0.527778 0.911111
0.277778 0.833333 0.866667
0.305556 0.777778 0.637037
0.111111 0.000000 0.859259
0.583333 0.527778 0.874074
0.305556 0.750000 0.814815
0.750000 0.638889 0.570370
0.277778 0.861111 0.755556
0.194444 0.000000 0.562963
0.333333 0.805556 0.600000
0.333333 0.777778 0.851852
0.333333 0.000000 0.822222
0.111111 0.000000 0.592593
0.583333 0.583333 0.940741
0.222222 0.777778 0.903704
0.638889 0.388889 0.837037
0.333333 0.972222 0.785185
0.416667 0.972222 0.637037
0.666667 0.472222 0.629630
0.777778 0.666667 0.688889
0.750000 0.666667 0.525926
0.305556 0.750000 0.940741
0.250000 0.888889 0.562963
0.611111 0.555556 0.711111
0.666667 0.444444 0.925926
0.861111 0.861111 0.674074
0.222222 0.916667 0.725926
0.388889 0.888889 0.881481
0.861111 0.750000 0.600000
0.583333 0.472222 0.985185
0.250000 0.861111 0.800000
0.666667 0.444444 0.985185
0.805556 0.722222 0.837037
0.722222 0.722222 0.955556
0.888889 0.888889 0.637037
0.250000 0.944444 0.859259
0.750000 0.638889 0.911111
0.611111 0.500000 0.666667
0.138889 0.000000 0.000000
0.666667 0.472222 0.592593
0.777778 0.750000 0.755556
0.277778 0.888889 0.659259
0.861111 0.750000 0.888889
0.750000 0.638889 0.874074
0.250000 0.888889 0.525926
0.277778 0.861111 0.837037
0.277778 0.861111 0.703704
0.333333 0.750000 0.103704
0.694444 0.472222 0.444444
0.222222 0.944444 0.311111
0.611111 0.361111 0.044444
0.666667 0.472222 0.251852
0.694444 0.527778 0.162963
0.750000 0.638889 0.385185
0.027778 0.944444 0.192593
0.722222 0.444444 0.333333
0.972222 0.916667 0.466667
0.138889 0.000000 0.037037
0.250000 0.916667 0.014815
0.388889 0.916667 0.192593
0.333333 0.805556 0.437037
0.694444 0.472222 0.288889
0.388889 0.944444 0.259259
0.611111 0.500000 0.192593
0.166667 0.972222 0.481481
0.750000 0.611111 0.200000
0.388889 0.944444 0.318519
0.722222 0.555556 0.037037
0.750000 0.638889 0.274074
0.555556 0.555556 0.407407
0.194444 0.944444 0.362963
0.750000 0.666667 0.348148
0.333333 0.777778 0.274074
0.250000 0.861111 0.044444
0.416667 0.916667 0.037037
0.333333 0.972222 0.103704
0.111111 0.861111 0.229630
0.166667 0.000000 0.074074
0.805556 0.777778 0.207407
0.333333 0.777778 0.229630
0.861111 0.861111 0.288889
0.583333 0.555556 0.444444
0.666667 0.472222 0.481481
0.583333 0.555556 0.155556
0.222222 0.888889 0.074074
0.333333 0.805556 0.014815
0.583333 0.555556 0.229630
0.972222 0.916667 0.096296
0.388889 0.888889 0.081481
0.333333 0.777778 0.318519
0.388889 0.888889 0.155556
0.250000 0.916667 0.392593
0.777778 0.694444 0.014815
0.666667 0.444444 0.111111
0.111111 0.000000 0.237037
0.750000 0.611111 0.237037
0.166667 0.972222 0.170370
0.194444 0.944444 0.103704
0.416667 0.972222 0.481481
0.666667 0.444444 0.214815
0.611111 0.500000 0.051852
0.333333 0.777778 0.474074
0.416667 0.000000 0.014815
0.861111 0.694444 0.051852
0.611111 0.527778 0.088889
0.277778 0.833333 0.133333
0.305556 0.777778 0.362963
0.111111 0.000000 0.140741
0.583333 0.527778 0.125926
0.305556 0.750000 0.185185
0.750000 0.638889 0.429630
0.277778 0.861111 0.244444
0.194444 0.000000 0.437037
0.333333 0.805556 0.400000
0.333333 0.777778 0.148148
0.333333 0.000000 0.177778
0.111111 0.000000 0.407407
0.583333 0.583333 0.059259
0.222222 0.777778 0.096296
0.638889 0.388889 0.162963
0.333333 0.972222 0.214815
0.416667 0.972222 0.362963
0.666667 0.472222 0.370370
0.777778 0.666667 0.311111
0.750000 0.666667 0.474074
0.305556 0.750000 0.059259
0.250000 0.888889 0.437037
0.611111 0.555556 0.288889
0.666667 0.444444 0.074074
0.861111 0.861111 0.325926
0.222222 0.916667 0.274074
0.388889 0.888889 0.118519
0.861111 0.750000 0.400000
0.583333 0.472222 0.014815
0.250000 0.861111 0.200000
0.666667 0.444444 0.014815
0.805556 0.722222 0.162963
0.722222 0.722222 0.044444
0.888889 0.888889 0.362963
0.250000 0.944444 0.140741
0.750000 0.638889 0.088889
0.611111 0.500000 0.333333
0.666667 0.472222 0.407407
0.777778 0.750000 0.244444
0.277778 0.888889 0.340741
0.861111 0.750000 0.111111
0.750000 0.638889 0.125926
0.250000 0.888889 0.474074
0.277778 0.861111 0.162963
0.277778 0.861111 0.296296
0.333333 0.583333 0.896296
0.694444 0.222222 0.555556
0.222222 0.277778 0.688889
0.611111 0.250000 0.955556
0.666667 0.194444 0.748148
0.694444 0.166667 0.837037
0.750000 0.111111 0.614815
0.027778 0.083333 0.807407
0.722222 0.277778 0.666667
0.972222 0.055556 0.533333
0.138889 0.138889 0.962963
0.250000 0.333333 0.985185
0.388889 0.472222 0.807407
0.333333 0.527778 0.562963
0.694444 0.222222 0.711111
0.388889 0.444444 0.740741
0.611111 0.111111 0.807407
0.166667 0.194444 0.518519
0.750000 0.138889 0.800000
0.388889 0.444444 0.681481
0.722222 0.166667 0.962963
0.750000 0.111111 0.725926
0.555556 0.000000 0.592593
0.194444 0.250000 0.637037
0.750000 0.083333 0.651852
0.333333 0.555556 0.725926
0.250000 0.388889 0.955556
0.416667 0.500000 0.962963
0.333333 0.361111 0.896296
0.111111 0.250000 0.770370
0.166667 0.166667 0.925926
0.805556 0.027778 0.792593
0.333333 0.555556 0.770370
0.861111 0.000000 0.711111
0.583333 0.027778 0.555556
0.666667 0.194444 0.518519
0.583333 0.027778 0.844444
0.222222 0.333333 0.925926
0.333333 0.527778 0.985185
0.583333 0.027778 0.770370
0.972222 0.055556 0.903704
0.388889 0.500000 0.918519
0.722222 0.166667 0.000000
0.333333 0.555556 0.681481
0.388889 0.500000 0.844444
0.250000 0.333333 0.607407
0.777778 0.083333 0.985185
0.666667 0.222222 0.888889
0.111111 0.111111 0.762963
0.750000 0.138889 0.762963
0.166667 0.194444 0.829630
0.194444 0.250000 0.896296
0.416667 0.444444 0.518519
0.666667 0.222222 0.785185
0.611111 0.111111 0.948148
0.333333 0.555556 0.525926
0.416667 0.416667 0.985185
0.861111 0.166667 0.948148
0.611111 0.083333 0.911111
0.277778 0.444444 0.866667
0.305556 0.527778 0.637037
0.111111 0.111111 0.859259
0.583333 0.055556 0.874074
0.305556 0.555556 0.814815
0.750000 0.111111 0.570370
0.277778 0.416667 0.755556
0.194444 0.194444 0.562963
0.333333 0.527778 0.600000
0.333333 0.555556 0.851852
0.333333 0.333333 0.822222
0.111111 0.111111 0.592593
0.583333 0.000000 0.940741
0.222222 0.444444 0.903704
0.638889 0.250000 0.837037
0.333333 0.361111 0.785185
0.416667 0.444444 0.637037
0.666667 0.194444 0.629630
0.777778 0.111111 0.688889
0.750000 0.083333 0.525926
0.305556 0.555556 0.940741
0.250000 0.361111 0.562963
0.611111 0.055556 0.711111
0.666667 0.222222 0.925926
0.861111 0.000000 0.674074
0.222222 0.305556 0.725926
0.388889 0.500000 0.881481
0.861111 0.111111 0.600000
0.583333 0.111111 0.985185
0.250000 0.388889 0.800000
0.666667 0.222222 0.985185
0.805556 0.083333 0.837037
0.722222 0.000000 0.955556
0.888889 0.000000 0.637037
0.250000 0.305556 0.859259
0.750000 0.111111 0.911111
0.611111 0.111111 0.666667
0.138889 0.138889 0.000000
0.666667 0.194444 0.592593
0.777778 0.027778 0.755556
0.277778 0.388889 0.659259
0.861111 0.111111 0.888889
0.750000 0.111111 0.874074
0.250000 0.361111 0.525926
0.277778 0.416667 0.837037
0.277778 0.416667 0.703704
0.333333 0.583333 0.103704
0.694444 0.222222 0.444444
0.222222 0.277778 0.311111
0.611111 0.250000 0.044444
0.666667 0.194444 0.251852
0.694444 0.166667 0.162963
0.750000 0.111111 0.385185
0.027778 0.083333 0.192593
0.722222 0.277778 0.333333
0.972222 0.055556 0.466667
0.138889 0.138889 0.037037
0.250000 0.333333 0.014815
0.388889 0.472222 0.192593
0.333333 0.527778 0.437037
0.694444 0.222222 0.288889
0.388889 0.444444 0.259259
0.611111 0.111111 0.192593
0.166667 0.194444 0.481481
0.750000 0.138889 0.200000
0.388889 0.444444 0.318519
0.722222 0.166667 0.037037
0.750000 0.111111 0.274074
0.555556 0.000000 0.407407
0.194444 0.250000 0.362963
0.750000 0.083333 0.348148
0.333333 0.555556 0.274074
0.250000 0.388889 0.044444
0.416667 0.500000 0.037037
0.333333 0.361111 0.103704
0.111111 0.250000 0.229630
0.166667 0.166667 0.074074
0.805556 0.027778 0.207407
0.333333 0.555556 0.229630
0.861111 0.000000 0.288889
0.583333 0.027778 0.444444
0.666667 0.194444 0.481481
0.583333 0.027778 0.155556
0.222222 0.333333 0.074074
0.333333 0.527778 0.014815
0.583333 0.027778 0.229630
0.972222 0.055556 0.096296
0.388889 0.500000 0.081481
0.333333 0.555556 0.318519
0.388889 0.500000 0.155556
0.250000 0.333333 0.392593
0.777778 0.083333 0.014815
0.666667 0.222222 0.111111
0.111111 0.111111 0.237037
0.750000 0.138889 0.237037
0.166667 0.194444 0.170370
0.194444 0.250000 0.103704
0.416667 0.444444 0.481481
0.666667 0.222222 0.214815
0.611111 0.111111 0.051852
0.333333 0.555556 0.474074
0.416667 0.416667 0.014815
0.861111 0.166667 0.051852
0.611111 0.083333 0.088889
0.277778 0.444444 0.133333
0.305556 0.527778 0.362963
0.111111 0.111111 0.140741
0.583333 0.055556 0.125926
0.305556 0.555556 0.185185
0.750000 0.111111 0.429630
0.277778 0.416667 0.244444
0.194444 0.194444 0.437037
0.333333 0.527778 0.400000
0.333333 0.555556 0.148148
0.333333 0.333333 0.177778
0.111111 0.111111 0.407407
0.583333 0.000000 0.059259
0.222222 0.444444 0.096296
0.638889 0.250000 0.162963
0.333333 0.361111 0.214815
0.416667 0.444444 0.362963
0.666667 0.194444 0.370370
0.777778 0.111111 0.311111
0.750000 0.083333 0.474074
0.305556 0.555556 0.059259
0.250000 0.361111 0.437037
0.611111 0.055556 0.288889
0.666667 0.222222 0.074074
0.861111 0.000000 0.325926
0.222222 0.305556 0.274074
0.388889 0.500000 0.118519
0.861111 0.111111 0.400000
0.583333 0.111111 0.014815
0.250000 0.388889 0.200000
0.666667 0.222222 0.014815
0.805556 0.083333 0.162963
0.722222 0.000000 0.044444
0.888889 0.000000 0.362963
0.250000 0.305556 0.140741
0.750000 0.111111 0.088889
0.611111 0.111111 0.333333
0.666667 0.194444 0.407407
0.777778 0.027778 0.244444
0.277778 0.388889 0.340741
0.861111 0.111111 0.111111
0.750000 0.111111 0.125926
0.250000 0.361111 0.474074
0.277778 0.416667 0.162963
0.277778 0.416667 0.296296
0.416667 0.750000 0.896296
0.777778 0.472222 0.555556
0.722222 0.944444 0.688889
0.750000 0.361111 0.955556
0.805556 0.472222 0.748148
0.833333 0.527778 0.837037
0.888889 0.638889 0.614815
0.916667 0.944444 0.807407
0.944444 0.916667 0.533333
0.861111 0.000000 0.962963
0.666667 0.916667 0.985185
0.527778 0.916667 0.807407
0.472222 0.805556 0.562963
0.777778 0.472222 0.711111
0.555556 0.944444 0.740741
0.888889 0.500000 0.807407
0.805556 0.972222 0.518519
0.861111 0.611111 0.800000
0.555556 0.944444 0.681481
0.833333 0.555556 0.962963
0.888889 0.638889 0.725926
0.000000 0.555556 0.592593
0.750000 0.944444 0.637037
0.916667 0.666667 0.651852
0.444444 0.777778 0.725926
0.611111 0.861111 0.955556
0.500000 0.916667 0.962963
0.638889 0.972222 0.896296
0.750000 0.861111 0.770370
0.833333 0.000000 0.925926
0.972222 0.777778 0.792593
0.444444 0.777778 0.770370
0.000000 0.861111 0.711111
0.972222 0.555556 0.555556
0.805556 0.472222 0.518519
0.972222 0.555556 0.844444
0.666667 0.888889 0.925926
0.472222 0.805556 0.985185
0.972222 0.555556 0.770370
0.944444 0.916667 0.903704
0.500000 0.888889 0.918519
0.833333 0.555556 0.000000
0.444444 0.777778 0.681481
0.500000 0.888889 0.844444
0.666667 0.916667 0.607407
0.916667 0.694444 0.985185
0.777778 0.444444 0.888889
0.888889 0.000000 0.762963
0.861111 0.611111 0.762963
0.805556 0.972222 0.829630
0.750000 0.944444 0.896296
0.555556 0.972222 0.518519
0.777778 0.444444 0.785185
0.888889 0.500000 0.948148
0.444444 0.777778 0.525926
0.583333 0.000000 0.985185
0.833333 0.694444 0.948148
0.916667 0.527778 0.911111
0.555556 0.833333 0.866667
0.472222 0.777778 0.637037
0.888889 0.000000 0.859259
0.944444 0.527778 0.874074
0.444444 0.750000 0.814815
0.888889 0.638889 0.570370
0.583333 0.861111 0.755556
0.805556 0.000000 0.562963
0.472222 0.805556 0.600000
0.444444 0.777778 0.851852
0.666667 0.000000 0.822222
0.888889 0.000000 0.592593
0.000000 0.583333 0.940741
0.555556 0.777778 0.903704
0.750000 0.388889 0.837037
0.638889 0.972222 0.785185
0.555556 0.972222 0.637037
0.805556 0.472222 0.629630
0.888889 0.666667 0.688889
0.916667 0.666667 0.525926
0.444444 0.750000 0.940741
0.638889 0.888889 0.562963
0.944444 0.555556 0.711111
0.777778 0.444444 0.925926
0.000000 0.861111 0.674074
0.694444 0.916667 0.725926
0.500000 0.888889 0.881481
0.888889 0.750000 0.600000
0.888889 0.472222 0.985185
0.611111 0.861111 0.800000
0.777778 0.444444 0.985185
0.916667 0.722222 0.837037
0.000000 0.722222 0.955556
0.000000 0.888889 0.637037
0.694444 0.944444 0.859259
0.888889 0.638889 0.911111
0.888889 0.500000 0.666667
0.861111 0.000000 0.000000
0.805556 0.472222 0.592593
0.972222 0.750000 0.755556
0.611111 0.888889 0.659259
0.888889 0.750000 0.888889
0.888889 0.638889 0.874074
0.638889 0.888889 0.525926
0.583333 0.861111 0.837037
0.583333 0.861111 0.703704
0.416667 0.750000 0.103704
0.777778 0.472222 0.444444
0.722222 0.944444 0.311111
0.750000 0.361111 0.044444
0.805556 0.472222 0.251852
0.833333 0.527778 0.162963
0.888889 0.638889 0.385185
0.916667 0.944444 0.192593
0.944444 0.916667 0.466667
0.861111 0.000000 0.037037
0.666667 0.916667 0.014815
0.527778 0.916667 0.192593
0.472222 0.805556 0.437037
0.777778 0.472222 0.288889
0.555556 0.944444 0.259259
0.888889 0.500000 0.192593
0.805556 0.972222 0.481481
0.861111 0.611111 0.200000
0.555556 0.944444 0.318519
0.833333 0.555556 0.037037
0.888889 0.638889 0.274074
0.000000 0.555556 0.407407
0.750000 0.944444 0.362963
0.916667 0.666667 0.348148
0.444444 0.777778 0.274074
0.611111 0.861111 0.044444
0.500000 0.916667 0.037037
0.638889 0.972222 0.103704
0.750000 0.861111 0.229630
0.833333 0.000000 0.074074
0.972222 0.777778 0.207407
0.444444 0.777778 0.229630
0.000000 0.861111 0.288889
0.972222 0.555556 0.444444
0.805556 0.472222 0.481481
0.972222 0.555556 0.155556
0.666667 0.888889 0.074074
0.472222 0.805556 0.014815
0.972222 0.555556 0.229630
0.944444 0.916667 0.096296
0.500000 0.888889 0.081481
0.444444 0.777778 0.318519
0.500000 0.888889 0.155556
0.666667 0.916667 0.392593
0.916667 0.694444 0.014815
0.777778 0.444444 0.111111
0.888889 0.000000 0.237037
0.861111 0.611111 0.237037
0.805556 0.972222 0.170370
0.750000 0.944444 0.103704
0.555556 0.972222 0.481481
0.777778 0.444444 0.214815
0.888889 0.500000 0.051852
0.444444 0.777778 0.474074
0.583333 0.000000 0.014815
0.833333 0.694444 0.051852
0.916667 0.527778 0.088889
0.555556 0.833333 0.133333
0.472222 0.777778 0.362963
0.888889 0.000000 0.140741
0.944444 0.527778 0.125926
0.444444 0.750000 0.185185
0.888889 0.638889 0.429630
0.583333 0.861111 0.244444
0.805556 0.000000 0.437037
0.472222 0.805556 0.400000
0.444444 0.777778 0.148148
0.666667 0.000000 0.177778
0.888889 0.000000 0.407407
0.000000 0.583333 0.059259
0.555556 0.777778 0.096296
0.750000 0.388889 0.162963
0.638889 0.972222 0.214815
0.555556 0.972222 0.362963
0.805556 0.472222 0.370370
0.888889 0.666667 0.311111
0.916667 0.666667 0.474074
0.444444 0.750000 0.059259
0.638889 0.888889 0.437037
0.944444 0.555556 0.288889
0.777778 0.444444 0.074074
0.000000 0.861111 0.325926
0.694444 0.916667 0.274074
0.500000 0.888889 0.118519
0.888889 0.750000 0.400000
0.888889 0.472222 0.014815
0.611111 0.861111 0.200000
0.777778 0.444444 0.014815
0.916667 0.722222 0.162963
0.000000 0.722222 0.044444
0.000000 0.888889 0.362963
0.694444 0.944444 0.140741
0.888889 0.638889 0.088889
0.888889 0.500000 0.333333
0.805556 0.472222 0.407407
0.972222 0.750000 0.244444
0.611111 0.888889 0.340741
0.888889 0.750000 0.111111
0.888889 0.638889 0.125926
0.638889 0.888889 0.474074
0.583333 0.861111 0.162963
0.583333 0.861111 0.296296
0.416667 0.666667 0.896296
0.777778 0.305556 0.555556
0.722222 0.777778 0.688889
0.750000 0.388889 0.955556
0.805556 0.333333 0.748148
0.833333 0.305556 0.837037
0.888889 0.250000 0.614815
0.916667 0.972222 0.807407
0.944444 0.027778 0.533333
0.861111 0.861111 0.962963
0.666667 0.750000 0.985185
0.527778 0.611111 0.807407
0.472222 0.666667 0.562963
0.777778 0.305556 0.711111
0.555556 0.611111 0.740741
0.888889 0.388889 0.807407
0.805556 0.833333 0.518519
0.861111 0.250000 0.800000
0.555556 0.611111 0.681481
0.833333 0.277778 0.962963
0.888889 0.250000 0.725926
0.000000 0.444444 0.592593
0.750000 0.805556 0.637037
0.916667 0.250000 0.651852
0.444444 0.666667 0.725926
0.611111 0.750000 0.955556
0.500000 0.583333 0.962963
0.638889 0.666667 0.896296
0.750000 0.888889 0.770370
0.833333 0.833333 0.925926
0.972222 0.194444 0.792593
0.444444 0.666667 0.770370
0.000000 0.138889 0.711111
0.972222 0.416667 0.555556
0.805556 0.333333 0.518519
0.972222 0.416667 0.844444
0.666667 0.777778 0.925926
0.472222 0.666667 0.985185
0.972222 0.416667 0.770370
0.944444 0.027778 0.903704
0.500000 0.611111 0.918519
0.833333 0.277778 0.000000
0.444444 0.666667 0.681481
0.500000 0.611111 0.844444
0.666667 0.750000 0.607407
0.916667 0.222222 0.985185
0.777778 0.333333 0.888889
0.888889 0.888889 0.762963
0.861111 0.250000 0.762963
0.805556 0.833333 0.829630
0.750000 0.805556 0.896296
0.555556 0.583333 0.518519
0.777778 0.333333 0.785185
0.888889 0.388889 0.948148
0.444444 0.666667 0.525926
0.583333 0.583333 0.985185
0.833333 0.138889 0.948148
0.916667 0.388889 0.911111
0.555556 0.722222 0.866667
0.472222 0.694444 0.637037
0.888889 0.888889 0.859259
0.944444 0.416667 0.874074
0.444444 0.694444 0.814815
0.888889 0.250000 0.570370
0.583333 0.722222 0.755556
0.805556 0.805556 0.562963
0.472222 0.666667 0.600000
0.444444 0.666667 0.851852
0.666667 0.666667 0.822222
0.888889 0.888889 0.592593
0.000000 0.416667 0.940741
0.750000 0.361111 0.837037
0.638889 0.666667 0.785185
0.555556 0.583333 0.637037
0.805556 0.333333 0.629630
0.888889 0.222222 0.688889
0.916667 0.250000 0.525926
0.444444 0.694444 0.940741
0.638889 0.750000 0.562963
0.944444 0.388889 0.711111
0.777778 0.333333 0.925926
0.000000 0.138889 0.674074
0.694444 0.777778 0.725926
0.500000 0.611111 0.881481
0.888889 0.138889 0.600000
0.888889 0.416667 0.985185
0.611111 0.750000 0.800000
0.777778 0.333333 0.985185
0.916667 0.194444 0.837037
0.000000 0.277778 0.955556
0.000000 0.111111 0.637037
0.694444 0.750000 0.859259
0.888889 0.250000 0.911111
0.888889 0.388889 0.666667
0.861111 0.861111 0.000000
0.805556 0.333333 0.592593
0.972222 0.222222 0.755556
0.611111 0.722222 0.659259
0.888889 0.138889 0.888889
0.888889 0.250000 0.874074
0.638889 0.750000 0.525926
0.583333 0.722222 0.837037
0.583333 0.722222 0.703704
0.416667 0.666667 0.103704
0.777778 0.305556 0.444444
0.722222 0.777778 0.311111
0.750000 0.388889 0.044444
0.805556 0.333333 0.251852
0.833333 0.305556 0.162963
0.888889 0.250000 0.385185
0.916667 0.972222 0.192593
0.944444 0.027778 0.466667
0.861111 0.861111 0.037037
0.666667 0.750000 0.014815
0.527778 0.611111 0.192593
0.472222 0.666667 0.437037
0.777778 0.305556 0.288889
0.555556 0.611111 0.259259
0.888889 0.388889 0.192593
0.805556 0.833333 0.481481
0.861111 0.250000 0.200000
0.555556 0.611111 0.318519
0.833333 0.277778 0.037037
0.888889 0.250000 0.274074
0.000000 0.444444 0.407407
0.750000 0.805556 0.362963
0.916667 0.250000 0.348148
0.444444 0.666667 0.274074
0.611111 0.750000 0.044444
0.500000 0.583333 0.037037
0.638889 0.666667 0.103704
0.750000 0.888889 0.229630
0.833333 0.833333 0.074074
0.972222 0.194444 0.207407
0.444444 0.666667 0.229630
0.000000 0.138889 0.288889
0.972222 0.416667 0.444444
0.805556 0.333333 0.481481
0.972222 0.416667 0.155556
0.666667 0.777778 0.074074
0.472222 0.666667 0.014815
0.972222 0.416667 0.229630
0.944444 0.027778 0.096296
0.500000 0.611111 0.081481
0.444444 0.666667 0.318519
0.500000 0.611111 0.155556
0.666667 0.750000 0.392593
0.916667 0.222222 0.014815
0.777778 0.333333 0.111111
0.888889 0.888889 0.237037
0.861111 0.250000 0.237037
0.805556 0.833333 0.170370
0.750000 0.805556 0.103704
0.555556 0.583333 0.481481
0.777778 0.333333 0.214815
0.888889 0.388889 0.051852
0.444444 0.666667 0.474074
0.583333 0.583333 0.014815
0.833333 0.138889 0.051852
0.916667 0.388889 0.088889
0.555556 0.722222 0.133333
0.472222 0.694444 0.362963
0.888889 0.888889 0.140741
0.944444 0.416667 0.125926
0.444444 0.694444 0.185185
0.888889 0.250000 0.429630
0.583333 0.722222 0.244444
0.805556 0.805556 0.437037
0.472222 0.666667 0.400000
0.444444 0.666667 0.148148
0.666667 0.666667 0.177778
0.888889 0.888889 0.407407
0.000000 0.416667 0.059259
0.750000 0.361111 0.162963
0.638889 0.666667 0.214815
0.555556 0.583333 0.362963
0.805556 0.333333 0.370370
0.888889 0.222222 0.311111
0.916667 0.250000 0.474074
0.444444 0.694444 0.059259
0.638889 0.750000 0.437037
0.944444 0.388889 0.288889
0.777778 0.333333 0.074074
0.000000 0.138889 0.325926
0.694444 0.777778 0.274074
0.500000 0.611111 0.118519
0.888889 0.138889 0.400000
0.888889 0.416667 0.014815
0.611111 0.750000 0.200000
0.777778 0.333333 0.014815
0.916667 0.194444 0.162963
0.000000 0.277778 0.044444
0.000000 0.111111 0.362963
0.694444 0.750000 0.140741
0.888889 0.250000 0.088889
0.888889 0.388889 0.333333
0.805556 0.333333 0.407407
0.972222 0.222222 0.244444
0.611111 0.722222 0.340741
0.888889 0.138889 0.111111
0.888889 0.250000 0.125926
0.638889 0.750000 0.474074
0.583333 0.722222 0.162963
0.583333 0.722222 0.296296
0.250000 0.583333 0.896296
0.527778 0.222222 0.555556
0.055556 0.277778 0.688889
0.638889 0.250000 0.955556
0.527778 0.194444 0.748148
0.472222 0.166667 0.837037
0.361111 0.111111 0.614815
0.055556 0.083333 0.807407
0.555556 0.277778 0.666667
0.083333 0.055556 0.533333
0.000000 0.138889 0.962963
0.083333 0.333333 0.985185
0.083333 0.472222 0.807407
0.194444 0.527778 0.562963
0.527778 0.222222 0.711111
0.055556 0.444444 0.740741
0.500000 0.111111 0.807407
0.027778 0.194444 0.518519
0.388889 0.138889 0.800000
0.055556 0.444444 0.681481
0.444444 0.166667 0.962963
0.361111 0.111111 0.725926
0.444444 0.000000 0.592593
0.055556 0.250000 0.637037
0.333333 0.083333 0.651852
0.222222 0.555556 0.725926
0.138889 0.388889 0.955556
0.083333 0.500000 0.962963
0.027778 0.361111 0.896296
0.138889 0.250000 0.770370
0.000000 0.166667 0.925926
0.222222 0.027778 0.792593
0.222222 0.555556 0.770370
0.138889 0.000000 0.711111
0.444444 0.027778 0.555556
0.527778 0.194444 0.518519
0.444444 0.027778 0.844444
0.111111 0.333333 0.925926
0.194444 0.527778 0.985185
0.444444 0.027778 0.770370
0.083333 0.055556 0.903704
0.111111 0.500000 0.918519
0.444444 0.166667 0.000000
0.222222 0.555556 0.681481
0.111111 0.500000 0.844444
0.083333 0.333333 0.607407
0.305556 0.083333 0.985185
0.555556 0.222222 0.888889
0.000000 0.111111 0.762963
0.388889 0.138889 0.762963
0.027778 0.194444 0.829630
0.055556 0.250000 0.896296
0.027778 0.444444 0.518519
0.555556 0.222222 0.785185
0.500000 0.111111 0.948148
0.222222 0.555556 0.525926
0.000000 0.416667 0.985185
0.305556 0.166667 0.948148
0.472222 0.083333 0.911111
0.166667 0.444444 0.866667
0.222222 0.527778 0.637037
0.000000 0.111111 0.859259
0.472222 0.055556 0.874074
0.250000 0.555556 0.814815
0.361111 0.111111 0.570370
0.138889 0.416667 0.755556
0.000000 0.194444 0.562963
0.194444 0.527778 0.600000
0.222222 0.555556 0.851852
0.000000 0.333333 0.822222
0.000000 0.111111 0.592593
0.416667 0.000000 0.940741
0.611111 0.250000 0.837037
0.027778 0.361111 0.785185
0.027778 0.444444 0.637037
0.527778 0.194444 0.629630
0.333333 0.111111 0.688889
0.333333 0.083333 0.525926
0.250000 0.555556 0.940741
0.111111 0.361111 0.562963
0.444444 0.055556 0.711111
0.555556 0.222222 0.925926
0.138889 0.000000 0.674074
0.083333 0.305556 0.725926
0.111111 0.500000 0.881481
0.250000 0.111111 0.600000
0.527778 0.111111 0.985185
0.138889 0.388889 0.800000
0.555556 0.222222 0.985185
0.277778 0.083333 0.837037
0.277778 0.000000 0.955556
0.111111 0.000000 0.637037
0.055556 0.305556 0.859259
0.361111 0.111111 0.911111
0.500000 0.111111 0.666667
0.000000 0.138889 0.000000
0.527778 0.194444 0.592593
0.250000 0.027778 0.755556
0.111111 0.388889 0.659259
0.250000 0.111111 0.888889
0.361111 0.111111 0.874074
0.111111 0.361111 0.525926
0.138889 0.416667 0.837037
0.138889 0.416667 0.703704
0.250000 0.583333 0.103704
0.527778 0.222222 0.444444
0.055556 0.277778 0.311111
0.638889 0.250000 0.044444
0.527778 0.194444 0.251852
0.472222 0.166667 0.162963
0.361111 0.111111 0.385185
0.055556 0.083333 0.192593
0.555556 0.277778 0.333333
0.083333 0.055556 0.466667
0.000000 0.138889 0.037037
0.083333 0.333333 0.014815
0.083333 0.472222 0.192593
0.194444 0.527778 0.437037
0.527778 0.222222 0.288889
0.055556 0.444444 0.259259
0.500000 0.111111 0.192593
0.027778 0.194444 0.481481
0.388889 0.138889 0.200000
0.055556 0.444444 0.318519
0.444444 0.166667 0.037037
0.361111 0.111111 0.274074
0.444444 0.000000 0.407407
0.055556 0.250000 0.362963
0.333333 0.083333 0.348148
0.222222 0.555556 0.274074
0.138889 0.388889 0.044444
0.083333 0.500000 0.037037
0.027778 0.361111 0.103704
0.138889 0.250000 0.229630
0.000000 0.166667 0.074074
0.222222 0.027778 0.207407
0.222222 0.555556 0.229630
0.138889 0.000000 0.288889
0.444444 0.027778 0.444444
0.527778 0.194444 0.481481
0.444444 0.027778 0.155556
0.111111 0.333333 0.074074
0.194444 0.527778 0.014815
0.444444 0.027778 0.229630
0.083333 0.055556 0.096296
0.111111 0.500000 0.081481
0.222222 0.555556 0.318519
0.111111 0.500000 0.155556
0.083333 0.333333 0.392593
0.305556 0.083333 0.014815
0.555556 0.222222 0.111111
0.000000 0.111111 0.237037
0.388889 0.138889 0.237037
0.027778 0.194444 0.170370
0.055556 0.250000 0.103704
0.027778 0.444444 0.481481
0.555556 0.222222 0.214815
0.500000 0.111111 0.051852
0.222222 0.555556 0.474074
0.000000 0.416667 0.014815
0.305556 0.166667 0.051852
0.472222 0.083333 0.088889
0.166667 0.444444 0.133333
0.222222 0.527778 0.362963
0.000000 0.111111 0.140741
0.472222 0.055556 0.125926
0.250000 0.555556 0.185185
0.361111 0.111111 0.429630
0.138889 0.416667 0.244444
0.000000 0.194444 0.437037
0.194444 0.527778 0.400000
0.222222 0.555556 0.148148
0.000000 0.333333 0.177778
0.000000 0.111111 0.407407
0.416667 0.000000 0.059259
0.611111 0.250000 0.162963
0.027778 0.361111 0.214815
0.027778 0.444444 0.362963
0.527778 0.194444 0.370370
0.333333 0.111111 0.311111
0.333333 0.083333 0.474074
0.250000 0.555556 0.059259
0.111111 0.361111 0.437037
0.444444 0.055556 0.288889
0.555556 0.222222 0.074074
0.138889 0.000000 0.325926
0.083333 0.305556 0.274074
0.111111 0.500000 0.118519
0.250000 0.111111 0.400000
0.527778 0.111111 0.014815
0.138889 0.388889 0.200000
0.555556 0.222222 0.014815
0.277778 0.083333 0.162963
0.277778 0.000000 0.044444
0.111111 0.000000 0.362963
0.055556 0.305556 0.140741
0.361111 0.111111 0.088889
0.500000 0.111111 0.333333
0.527778 0.194444 0.407407
0.250000 0.027778 0.244444
0.111111 0.388889 0.340741
0.250000 0.111111 0.111111
0.361111 0.111111 0.125926
0.111111 0.361111 0.474074
0.138889 0.416667 0.162963
0.138889 0.416667 0.296296
0.250000 0.666667 0.896296
0.527778 0.305556 0.555556
0.055556 0.777778 0.688889
0.638889 0.388889 0.955556
0.527778 0.333333 0.748148
0.472222 0.305556 0.837037
0.361111 0.250000 0.614815
0.055556 0.972222 0.807407
0.083333 0.027778 0.533333
0.000000 0.861111 0.962963
0.083333 0.750000 0.985185
0.083333 0.611111 0.807407
0.194444 0.666667 0.562963
0.527778 0.305556 0.711111
0.055556 0.611111 0.740741
0.500000 0.388889 0.807407
0.027778 0.833333 0.518519
0.388889 0.250000 0.800000
0.055556 0.611111 0.681481
0.444444 0.277778 0.962963
0.361111 0.250000 0.725926
0.444444 0.444444 0.592593
0.055556 0.805556 0.637037
0.333333 0.250000 0.651852
0.222222 0.666667 0.725926
0.138889 0.750000 0.955556
0.083333 0.583333 0.962963
0.027778 0.666667 0.896296
0.138889 0.888889 0.770370
0.000000 0.833333 0.925926
0.222222 0.194444 0.792593
0.222222 0.666667 0.770370
0.138889 0.138889 0.711111
0.444444 0.416667 0.555556
0.527778 0.333333 0.518519
0.444444 0.416667 0.844444
0.111111 0.777778 0.925926
0.194444 0.666667 0.985185
0.444444 0.416667 0.770370
0.083333 0.027778 0.903704
0.111111 0.611111 0.918519
0.444444 0.277778 0.000000
0.222222 0.666667 0.681481
0.111111 0.611111 0.844444
0.083333 0.750000 0.607407
0.305556 0.222222 0.985185
0.555556 0.333333 0.888889
0.000000 0.888889 0.762963
0.388889 0.250000 0.762963
0.027778 0.833333 0.829630
0.055556 0.805556 0.896296
0.027778 0.583333 0.518519
0.555556 0.333333 0.785185
0.500000 0.388889 0.948148
0.222222 0.666667 0.525926
0.000000 0.583333 0.985185
0.305556 0.138889 0.948148
0.472222 0.388889 0.911111
0.166667 0.722222 0.866667
0.222222 0.694444 0.637037
0.000000 0.888889 0.859259
0.472222 0.416667 0.874074
0.250000 0.694444 0.814815
0.361111 0.250000 0.570370
0.138889 0.722222 0.755556
0.000000 0.805556 0.562963
0.194444 0.666667 0.600000
0.222222 0.666667 0.851852
0.000000 0.666667 0.822222
0.000000 0.888889 0.592593
0.416667 0.416667 0.940741
0.611111 0.361111 0.837037
0.027778 0.666667 0.785185
0.027778 0.583333 0.637037
0.527778 0.333333 0.629630
0.333333 0.222222 0.688889
0.333333 0.250000 0.525926
0.250000 0.694444 0.940741
0.111111 0.750000 0.562963
0.444444 0.388889 0.711111
0.555556 0.333333 0.925926
0.138889 0.138889 0.674074
0.083333 0.777778 0.725926
0.111111 0.611111 0.881481
0.250000 0.138889 0.600000
0.527778 0.416667 0.985185
0.138889 0.750000 0.800000
0.555556 0.333333 0.985185
0.277778 0.194444 0.837037
0.277778 0.277778 0.955556
0.111111 0.111111 0.637037
0.055556 0.750000 0.859259
0.361111 0.250000 0.911111
0.500000 0.388889 0.666667
0.000000 0.861111 0.000000
0.527778 0.333333 0.592593
0.250000 0.222222 0.755556
0.111111 0.722222 0.659259
0.250000 0.138889 0.888889
0.361111 0.250000 0.874074
0.111111 0.750000 0.525926
0.138889 0.722222 0.837037
0.138889 0.722222 0.703704
0.250000 0.666667 0.103704
0.527778 0.305556 0.444444
0.055556 0.777778 0.311111
0.638889 0.388889 0.044444
0.527778 0.333333 0.251852
0.472222 0.305556 0.162963
0.361111 0.250000 0.385185
0.055556 0.972222 0.192593
0.083333 0.027778 0.466667
0.000000 0.861111 0.037037
0.083333 0.750000 0.014815
0.083333 0.611111 0.192593
0.194444 0.666667 0.437037
0.527778 0.305556 0.288889
0.055556 0.611111 0.259259
0.500000 0.388889 0.192593
0.027778 0.833333 0.481481
0.388889 0.250000 0.200000
0.055556 0.611111 0.318519
0.444444 0.277778 0.037037
0.361111 0.250000 0.274074
0.444444 0.444444 0.407407
0.055556 0.805556 0.362963
0.333333 0.250000 0.348148
0.222222 0.666667 0.274074
0.138889 0.750000 0.044444
0.083333 0.583333 0.037037
0.027778 0.666667 0.103704
0.138889 0.888889 0.229630
0.000000 0.833333 0.074074
0.222222 0.194444 0.207407
0.222222 0.666667 0.229630
0.138889 0.138889 0.288889
0.444444 0.416667 0.444444
0.527778 0.333333 0.481481
0.444444 0.416667 0.155556
0.111111 0.777778 0.074074
0.194444 0.666667 0.014815
0.444444 0.416667 0.229630
0.083333 0.027778 0.096296
0.111111 0.611111 0.081481
0.222222 0.666667 0.318519
0.111111 0.611111 0.155556
0.083333 0.750000 0.392593
0.305556 0.222222 0.014815
0.555556 0.333333 0.111111
0.000000 0.888889 0.237037
0.388889 0.250000 0.237037
0.027778 0.833333 0.170370
0.055556 0.805556 0.103704
0.027778 0.583333 0.481481
0.555556 0.333333 0.214815
0.500000 0.388889 0.051852
0.222222 0.666667 0.474074
0.000000 0.583333 0.014815
0.305556 0.138889 0.051852
0.472222 0.388889 0.088889
0.166667 0.722222 0.133333
0.222222 0.694444 0.362963
0.000000 0.888889 0.140741
0.472222 0.416667 0.125926
0.250000 0.694444 0.185185
0.361111 0.250000 0.429630
0.138889 0.722222 0.244444
0.000000 0.805556 0.437037
0.194444 0.666667 0.400000
0.222222 0.666667 0.148148
0.000000 0.666667 0.177778
0.000000 0.888889 0.407407
0.416667 0.416667 0.059259
0.611111 0.361111 0.162963
0.027778 0.666667 0.214815
0.027778 0.583333 0.362963
0.527778 0.333333 0.370370
0.333333 0.222222 0.311111
0.333333 0.250000 0.474074
0.250000 0.694444 0.059259
0.111111 0.750000 0.437037
0.444444 0.388889 0.288889
0.555556 0.333333 0.074074
0.138889 0.138889 0.325926
0.083333 0.777778 0.274074
0.111111 0.611111 0.118519
0.250000 0.138889 0.400000
0.527778 0.416667 0.014815
0.138889 0.750000 0.200000
0.555556 0.333333 0.014815
0.277778 0.194444 0.162963
0.277778 0.277778 0.044444
0.111111 0.111111 0.362963
0.055556 0.750000 0.140741
0.361111 0.250000 0.088889
0.500000 0.388889 0.333333
0.527778 0.333333 0.407407
0.250000 0.222222 0.244444
0.111111 0.722222 0.340741
0.250000 0.138889 0.111111
0.361111 0.250000 0.125926
0.111111 0.750000 0.474074
0.138889 0.722222 0.162963
0.138889 0.722222 0.296296
