  0.000000000  0.000000000  0.000000000      82       0
       1       1  -39.930228067    0.000000000
       1       2  -39.930228067   -0.000000000
       1       3  -17.859849834    0.000000000
       1       4  -17.859849834   -0.000000000
       1       5  -15.915445181    0.000000000
       1       6  -15.915445181    0.000000000
       1       7  -15.494522259   -0.000000000
       1       8  -15.494522259    0.000000000
       1       9   -5.334964639    0.000000000
       1      10   -5.334964639   -0.000000000
       1      11   -3.812547311   -0.000000000
       1      12   -3.812547311    0.000000000
       1      13    2.338589033   -0.000000000
       1      14    2.338589033    0.000000000
       1      15    8.218418259   -0.000000000
       1      16    8.218418260   -0.000000000
       1      17    8.148659797    0.000000000
       1      18    8.148659796    0.000000000
       1      19    5.869071709   -0.000000000
       1      20    5.869071709    0.000000000
       1      21    9.693999312    0.000000000
       1      22    9.693999311    0.000000000
       1      23    9.735183394    0.000000000
       1      24    9.735183393    0.000000000
       1      25   10.486693368    0.000000000
       1      26   10.486693368    0.000000000
       1      27   13.571386647    0.000000000
       1      28   13.571386647    0.000000000
       1      29   13.609426940    0.000000000
       1      30   13.609426940   -0.000000000
       1      31   13.777142841    0.000000000
       1      32   13.777142841    0.000000000
       1      33   13.769215394    0.000000000
       1      34   13.769215394    0.000000000
       1      35   12.904275752   -0.000000000
       1      36   12.904275753    0.000000000
       1      37   15.462402906    0.000000000
       1      38   15.462402906   -0.000000000
       1      39   12.501344783    0.000000000
       1      40   12.501344783    0.000000000
       1      41   11.327778987   -0.000000000
       1      42   11.327778986   -0.000000000
       1      43   17.903568910    0.000000000
       1      44   17.903568913   -0.000000000
       1      45   17.964752106    0.000000000
       1      46   17.964752106    0.000000000
       1      47   20.179829822    0.000000000
       1      48   20.179829827    0.000000000
       1      49   20.209971211    0.000000000
       1      50   20.209971212   -0.000000000
       1      51   20.243355860    0.000000000
       1      52   20.243355860    0.000000000
       1      53   24.035578257    0.000000000
       1      54   24.035578261    0.000000000
       1      55   24.053951691    0.000000000
       1      56   24.053951687    0.000000000
       1      57   20.576710142    0.000000000
       1      58   20.576710141    0.000000000
       1      59   25.294831557    0.000000000
       1      60   25.294831556    0.000000000
       1      61   25.321208024   -0.000000000
       1      62   25.321208023   -0.000000000
       1      63   18.709136592    0.000000000
       1      64   18.709136592    0.000000000
       1      65   20.722108596    0.000000000
       1      66   20.722108597   -0.000000000
       1      67   21.191563339    0.000000000
       1      68   21.191563339    0.000000000
       1      69   23.559707116   -0.000000000
       1      70   23.559707111    0.000000000
       1      71   21.868865241    0.000000000
       1      72   21.868865245    0.000000000
       1      73   28.338993862    0.000000000
       1      74   28.338994007   -0.000000000
       1      75   28.332950644   -0.000000000
       1      76   28.332950492    0.000000000
       1      77   28.646991453    0.000000000
       1      78   28.646991437    0.000000000
       1      79   28.729683936   -0.000000000
       1      80   28.729684064   -0.000000000
       1      81   28.741878659    0.000000000
       1      82   28.741878515   -0.000000000
  0.000000000  0.333333333  0.000000000      82       0
       1       1  -39.909677380    0.000000000
       1       2  -39.909677379    0.000000000
       1       3  -18.018128104   -0.000000000
       1       4  -18.018128012    0.000000000
       1       5  -16.087253027    0.000000000
       1       6  -16.087252997    0.000000000
       1       7  -15.779639185   -0.000000000
       1       8  -15.779639095    0.000000000
       1       9   -3.431026953   -0.000000000
       1      10   -3.431026940   -0.000000000
       1      11   -2.892982611    0.000000000
       1      12   -2.892982611    0.000000000
       1      13    3.262228628    0.000000000
       1      14    3.262228800    0.000000000
       1      15    4.269829895    0.000000000
       1      16    4.269829984    0.000000000
       1      17    4.499925973    0.000000000
       1      18    4.499926042    0.000000000
       1      19    7.571469983    0.000000000
       1      20    7.571470279    0.000000000
       1      21    6.873937378    0.000000000
       1      22    6.873937542    0.000000000
       1      23    8.627766928    0.000000000
       1      24    8.627768514    0.000000000
       1      25    9.196163102    0.000000000
       1      26    9.196165048    0.000000000
       1      27   14.457100488   -0.000000000
       1      28   14.457111435   -0.000000000
       1      29   13.912369274    0.000000000
       1      30   13.912380839    0.000000000
       1      31   14.437965080    0.000000000
       1      32   14.437964810   -0.000000000
       1      33   15.858702060    0.000000000
       1      34   15.858701880    0.000000000
       1      35   14.810862271    0.000000000
       1      36   14.810864076   -0.000000000
       1      37   13.923049628    0.000000000
       1      38   13.923049827    0.000000000
       1      39   15.468410470    0.000000000
       1      40   15.468412909   -0.000000000
       1      41   15.527771908    0.000000000
       1      42   15.527771565    0.000000000
       1      43   17.688087515    0.000000000
       1      44   17.688088292    0.000000000
       1      45   20.365619205    0.000000000
       1      46   20.365621146   -0.000000000
       1      47   17.178265469   -0.000000000
       1      48   17.178265292    0.000000000
       1      49   19.090856918    0.000000000
       1      50   19.090858057   -0.000000000
       1      51   21.287367571    0.000000000
       1      52   21.287367721   -0.000000000
       1      53   19.561835285   -0.000000000
       1      54   19.561831932   -0.000000000
       1      55   23.160358547    0.000000000
       1      56   23.160356684    0.000000000
       1      57   22.114981145   -0.000000000
       1      58   22.114983032   -0.000000000
       1      59   26.475833705    0.000000000
       1      60   26.475833859    0.000000000
       1      61   20.719565705   -0.000000000
       1      62   20.719565915    0.000000000
       1      63   20.958253732   -0.000000000
       1      64   20.958253184   -0.000000000
       1      65   22.660788214    0.000000000
       1      66   22.660787382    0.000000000
       1      67   24.540341557    0.000000000
       1      68   24.540341453   -0.000000000
       1      69   26.564380753    0.000000000
       1      70   26.564382127    0.000000000
       1      71   27.454368928    0.000000000
       1      72   27.454368705    0.000000000
       1      73   24.052282548    0.000000000
       1      74   24.052282318    0.000000000
       1      75   22.953417166   -0.000000000
       1      76   22.953417806   -0.000000000
       1      77   29.317600660    0.000000000
       1      78   29.317600176    0.000000000
       1      79   29.947234337    0.000000000
       1      80   29.947235095   -0.000000000
       1      81   27.685540275    0.000000000
       1      82   27.685540977    0.000000000
  0.000000000  0.666666667  0.000000000      82       0
       1       1  -39.909677380    0.000000000
       1       2  -39.909677379    0.000000000
       1       3  -18.018128104    0.000000000
       1       4  -18.018128012    0.000000000
       1       5  -16.087253027    0.000000000
       1       6  -16.087252997   -0.000000000
       1       7  -15.779639185    0.000000000
       1       8  -15.779639095    0.000000000
       1       9   -3.431026953    0.000000000
       1      10   -3.431026940    0.000000000
       1      11   -2.892982611    0.000000000
       1      12   -2.892982611    0.000000000
       1      13    3.262228628   -0.000000000
       1      14    3.262228800    0.000000000
       1      15    4.269829895    0.000000000
       1      16    4.269829984   -0.000000000
       1      17    4.499925972   -0.000000000
       1      18    4.499926042    0.000000000
       1      19    7.571469984    0.000000000
       1      20    7.571470280    0.000000000
       1      21    6.873937378    0.000000000
       1      22    6.873937542    0.000000000
       1      23    8.627766929    0.000000000
       1      24    8.627768514    0.000000000
       1      25    9.196163101    0.000000000
       1      26    9.196165048   -0.000000000
       1      27   14.457100488    0.000000000
       1      28   14.457111435   -0.000000000
       1      29   13.912369273    0.000000000
       1      30   13.912380838    0.000000000
       1      31   14.437965079   -0.000000000
       1      32   14.437964810   -0.000000000
       1      33   15.858702060    0.000000000
       1      34   15.858701879    0.000000000
       1      35   14.810862270   -0.000000000
       1      36   14.810864077   -0.000000000
       1      37   13.923049631    0.000000000
       1      38   13.923049826    0.000000000
       1      39   15.468410469   -0.000000000
       1      40   15.468412909   -0.000000000
       1      41   15.527771908    0.000000000
       1      42   15.527771566   -0.000000000
       1      43   17.688087516   -0.000000000
       1      44   17.688088291    0.000000000
       1      45   20.365619204   -0.000000000
       1      46   20.365621145   -0.000000000
       1      47   17.178265468    0.000000000
       1      48   17.178265291    0.000000000
       1      49   19.090856917   -0.000000000
       1      50   19.090858057    0.000000000
       1      51   21.287367567    0.000000000
       1      52   21.287367722    0.000000000
       1      53   19.561835286   -0.000000000
       1      54   19.561831934    0.000000000
       1      55   23.160358549    0.000000000
       1      56   23.160356689    0.000000000
       1      57   22.114981146    0.000000000
       1      58   22.114983031   -0.000000000
       1      59   26.475833717    0.000000000
       1      60   26.475833871    0.000000000
       1      61   20.719565702    0.000000000
       1      62   20.719565909    0.000000000
       1      63   20.958253735   -0.000000000
       1      64   20.958253193   -0.000000000
       1      65   22.660788214   -0.000000000
       1      66   22.660787375   -0.000000000
       1      67   24.540341566    0.000000000
       1      68   24.540341455   -0.000000000
       1      69   26.564380701    0.000000000
       1      70   26.564382100   -0.000000000
       1      71   27.454368933    0.000000000
       1      72   27.454368686   -0.000000000
       1      73   24.052282532   -0.000000000
       1      74   24.052282318    0.000000000
       1      75   22.953417169   -0.000000000
       1      76   22.953417759   -0.000000000
       1      77   29.317600969    0.000000000
       1      78   29.317600188    0.000000000
       1      79   29.947234734    0.000000000
       1      80   29.947235376    0.000000000
       1      81   27.685540173   -0.000000000
       1      82   27.685541129    0.000000000
  0.333333333 -0.000000000  0.000000000      82       0
       1       1  -39.909677575    0.000000000
       1       2  -39.909677575   -0.000000000
       1       3  -18.018127751    0.000000000
       1       4  -18.018127734    0.000000000
       1       5  -16.087253618    0.000000000
       1       6  -16.087253615    0.000000000
       1       7  -15.779637115    0.000000000
       1       8  -15.779637104    0.000000000
       1       9   -3.431029930    0.000000000
       1      10   -3.431029838   -0.000000000
       1      11   -2.892985455    0.000000000
       1      12   -2.892985453   -0.000000000
       1      13    3.262227591   -0.000000000
       1      14    3.262227762    0.000000000
       1      15    4.269825491   -0.000000000
       1      16    4.269825642    0.000000000
       1      17    4.499920913    0.000000000
       1      18    4.499920971    0.000000000
       1      19    7.571483393    0.000000000
       1      20    7.571483753   -0.000000000
       1      21    6.873935898   -0.000000000
       1      22    6.873935751   -0.000000000
       1      23    8.627781550   -0.000000000
       1      24    8.627783180    0.000000000
       1      25    9.196159477    0.000000000
       1      26    9.196161482   -0.000000000
       1      27   14.457093588   -0.000000000
       1      28   14.457099987    0.000000000
       1      29   13.912384034   -0.000000000
       1      30   13.912391141    0.000000000
       1      31   14.437970153    0.000000000
       1      32   14.437970206    0.000000000
       1      33   15.858705962   -0.000000000
       1      34   15.858706121    0.000000000
       1      35   14.810881970    0.000000000
       1      36   14.810883742   -0.000000000
       1      37   13.923047928    0.000000000
       1      38   13.923048151    0.000000000
       1      39   15.468386362    0.000000000
       1      40   15.468388759   -0.000000000
       1      41   15.527778848    0.000000000
       1      42   15.527778498    0.000000000
       1      43   17.688086409    0.000000000
       1      44   17.688087132    0.000000000
       1      45   20.365627949    0.000000000
       1      46   20.365630078    0.000000000
       1      47   17.178253052    0.000000000
       1      48   17.178252844    0.000000000
       1      49   19.090843298   -0.000000000
       1      50   19.090845401    0.000000000
       1      51   21.287376970   -0.000000000
       1      52   21.287376900    0.000000000
       1      53   19.561829732    0.000000000
       1      54   19.561829155    0.000000000
       1      55   23.160349881    0.000000000
       1      56   23.160350434   -0.000000000
       1      57   22.114993793    0.000000000
       1      58   22.114994976   -0.000000000
       1      59   26.475839845   -0.000000000
       1      60   26.475839998    0.000000000
       1      61   20.719563126    0.000000000
       1      62   20.719563337    0.000000000
       1      63   20.958256006    0.000000000
       1      64   20.958255570    0.000000000
       1      65   22.660773415    0.000000000
       1      66   22.660772620   -0.000000000
       1      67   24.540342066    0.000000000
       1      68   24.540342045    0.000000000
       1      69   26.564396518   -0.000000000
       1      70   26.564397736    0.000000000
       1      71   27.454374756    0.000000000
       1      72   27.454374799    0.000000000
       1      73   24.052282679    0.000000000
       1      74   24.052282438    0.000000000
       1      75   22.953419427    0.000000000
       1      76   22.953419906    0.000000000
       1      77   29.317598092    0.000000000
       1      78   29.317598151    0.000000000
       1      79   29.947235449    0.000000000
       1      80   29.947236278    0.000000000
       1      81   27.685557975   -0.000000000
       1      82   27.685558243    0.000000000
  0.333333333  0.333333333  0.000000000      82       0
       1       1  -39.806779465    0.000000000
       1       2  -39.806771439    0.000000000
       1       3  -18.109814783    0.000000000
       1       4  -18.061964333   -0.000000000
       1       5  -16.135069595    0.000000000
       1       6  -16.001765932    0.000000000
       1       7  -16.033150569    0.000000000
       1       8  -15.968430500   -0.000000000
       1       9   -2.124206170    0.000000000
       1      10   -2.179758656    0.000000000
       1      11   -2.178910145    0.000000000
       1      12   -2.014514465    0.000000000
       1      13    3.207600365    0.000000000
       1      14    3.247298753    0.000000000
       1      15    3.570486827    0.000000000
       1      16    3.598718656   -0.000000000
       1      17    3.396356991   -0.000000000
       1      18    3.520573589    0.000000000
       1      19    5.570723872    0.000000000
       1      20    5.688513407    0.000000000
       1      21    4.990439416    0.000000000
       1      22    5.017580588    0.000000000
       1      23    7.373119028    0.000000000
       1      24    7.362598373    0.000000000
       1      25   11.340701934   -0.000000000
       1      26   11.321859495    0.000000000
       1      27   14.443121845    0.000000000
       1      28   14.434395397    0.000000000
       1      29   13.406302467    0.000000000
       1      30   13.445600603    0.000000000
       1      31   16.215871355    0.000000000
       1      32   16.318794320   -0.000000000
       1      33   17.971686439    0.000000000
       1      34   18.040354856    0.000000000
       1      35   14.779227884   -0.000000000
       1      36   14.848623704   -0.000000000
       1      37   13.717274339   -0.000000000
       1      38   13.710331188   -0.000000000
       1      39   14.413848119    0.000000000
       1      40   14.424844671    0.000000000
       1      41   18.589768332    0.000000000
       1      42   18.628658720   -0.000000000
       1      43   18.675245525    0.000000000
       1      44   18.697959352    0.000000000
       1      45   17.607537903   -0.000000000
       1      46   17.615212665   -0.000000000
       1      47   19.534712237    0.000000000
       1      48   19.582841100    0.000000000
       1      49   20.449999386    0.000000000
       1      50   20.494187403    0.000000000
       1      51   20.887929228    0.000000000
       1      52   20.905591460    0.000000000
       1      53   19.030402123    0.000000000
       1      54   19.030674153    0.000000000
       1      55   19.772075859    0.000000000
       1      56   19.831446423    0.000000000
       1      57   20.538891588   -0.000000000
       1      58   20.523203015   -0.000000000
       1      59   20.695868862    0.000000000
       1      60   20.883080449    0.000000000
       1      61   23.764029887   -0.000000000
       1      62   20.759160990    0.000000000
       1      63   22.428311246    0.000000000
       1      64   25.748138944    0.000000000
       1      65   23.139357165    0.000000000
       1      66   23.145125348    0.000000000
       1      67   23.542619861    0.000000000
       1      68   23.574111487    0.000000000
       1      69   25.216576961   -0.000000000
       1      70   25.224798141    0.000000000
       1      71   26.342141724    0.000000000
       1      72   26.353000767   -0.000000000
       1      73   30.402627298    0.000000000
       1      74   30.407159536   -0.000000000
       1      75   32.174157134   -0.000000000
       1      76   32.057165819   -0.000000000
       1      77   32.224777922   -0.000000000
       1      78   32.314334157    0.000000000
       1      79   28.252576424    0.000000000
       1      80   28.179063054   -0.000000000
       1      81   24.875873533   -0.000000000
       1      82   24.864399168   -0.000000000
  0.333333333  0.666666667  0.000000000      82       0
       1       1  -39.909677269   -0.000000000
       1       2  -39.909677269    0.000000000
       1       3  -18.018128195    0.000000000
       1       4  -18.018128120    0.000000000
       1       5  -16.087252184    0.000000000
       1       6  -16.087252158    0.000000000
       1       7  -15.779640859    0.000000000
       1       8  -15.779640780    0.000000000
       1       9   -3.431027475    0.000000000
       1      10   -3.431027396    0.000000000
       1      11   -2.892976229   -0.000000000
       1      12   -2.892976227    0.000000000
       1      13    3.262229284    0.000000000
       1      14    3.262229282   -0.000000000
       1      15    4.269827938    0.000000000
       1      16    4.269827999    0.000000000
       1      17    4.499923598    0.000000000
       1      18    4.499923609    0.000000000
       1      19    7.571453334    0.000000000
       1      20    7.571453270    0.000000000
       1      21    6.873943361    0.000000000
       1      22    6.873943377   -0.000000000
       1      23    8.627758787    0.000000000
       1      24    8.627758742    0.000000000
       1      25    9.196181188    0.000000000
       1      26    9.196181128    0.000000000
       1      27   14.457101619    0.000000000
       1      28   14.457106172    0.000000000
       1      29   13.912358802    0.000000000
       1      30   13.912363261    0.000000000
       1      31   14.437951586    0.000000000
       1      32   14.437951263    0.000000000
       1      33   15.858703492   -0.000000000
       1      34   15.858703154    0.000000000
       1      35   14.810874450    0.000000000
       1      36   14.810874482    0.000000000
       1      37   13.923056256    0.000000000
       1      38   13.923056277    0.000000000
       1      39   15.468416123    0.000000000
       1      40   15.468416080   -0.000000000
       1      41   15.527757611    0.000000000
       1      42   15.527757622    0.000000000
       1      43   17.688082074    0.000000000
       1      44   17.688082126    0.000000000
       1      45   20.365617729    0.000000000
       1      46   20.365617543    0.000000000
       1      47   17.178263533    0.000000000
       1      48   17.178263502    0.000000000
       1      49   19.090864688    0.000000000
       1      50   19.090865650    0.000000000
       1      51   21.287365442    0.000000000
       1      52   21.287365520    0.000000000
       1      53   19.561847396    0.000000000
       1      54   19.561844617    0.000000000
       1      55   23.160388308    0.000000000
       1      56   23.160385888    0.000000000
       1      57   22.114965772    0.000000000
       1      58   22.114966475    0.000000000
       1      59   26.475834433    0.000000000
       1      60   26.475834443   -0.000000000
       1      61   20.719563666   -0.000000000
       1      62   20.719563663   -0.000000000
       1      63   20.958250698   -0.000000000
       1      64   20.958250604    0.000000000
       1      65   22.660804264    0.000000000
       1      66   22.660804219   -0.000000000
       1      67   24.540344860    0.000000000
       1      68   24.540344763   -0.000000000
       1      69   26.564373566    0.000000000
       1      70   26.564373747   -0.000000000
       1      71   27.454378582    0.000000000
       1      72   27.454378283    0.000000000
       1      73   24.052276298    0.000000000
       1      74   24.052276205    0.000000000
       1      75   22.953405610    0.000000000
       1      76   22.953405675   -0.000000000
       1      77   29.317580280    0.000000000
       1      78   29.317580970    0.000000000
       1      79   29.947239577    0.000000000
       1      80   29.947239652   -0.000000000
       1      81   27.685536947    0.000000000
       1      82   27.685537149    0.000000000
  0.666666667 -0.000000000  0.000000000      82       0
       1       1  -39.909677575    0.000000000
       1       2  -39.909677575    0.000000000
       1       3  -18.018127751    0.000000000
       1       4  -18.018127734   -0.000000000
       1       5  -16.087253618    0.000000000
       1       6  -16.087253615    0.000000000
       1       7  -15.779637115    0.000000000
       1       8  -15.779637104   -0.000000000
       1       9   -3.431029930    0.000000000
       1      10   -3.431029838    0.000000000
       1      11   -2.892985455    0.000000000
       1      12   -2.892985453   -0.000000000
       1      13    3.262227591    0.000000000
       1      14    3.262227761    0.000000000
       1      15    4.269825491    0.000000000
       1      16    4.269825642   -0.000000000
       1      17    4.499920913    0.000000000
       1      18    4.499920972    0.000000000
       1      19    7.571483393    0.000000000
       1      20    7.571483753    0.000000000
       1      21    6.873935898    0.000000000
       1      22    6.873935751    0.000000000
       1      23    8.627781549    0.000000000
       1      24    8.627783180    0.000000000
       1      25    9.196159477    0.000000000
       1      26    9.196161482    0.000000000
       1      27   14.457093588    0.000000000
       1      28   14.457099986    0.000000000
       1      29   13.912384035    0.000000000
       1      30   13.912391140   -0.000000000
       1      31   14.437970152    0.000000000
       1      32   14.437970206    0.000000000
       1      33   15.858705962    0.000000000
       1      34   15.858706119    0.000000000
       1      35   14.810881971   -0.000000000
       1      36   14.810883742   -0.000000000
       1      37   13.923047929   -0.000000000
       1      38   13.923048153    0.000000000
       1      39   15.468386362    0.000000000
       1      40   15.468388759    0.000000000
       1      41   15.527778846    0.000000000
       1      42   15.527778500    0.000000000
       1      43   17.688086409    0.000000000
       1      44   17.688087130    0.000000000
       1      45   20.365627950    0.000000000
       1      46   20.365630079    0.000000000
       1      47   17.178253051    0.000000000
       1      48   17.178252845    0.000000000
       1      49   19.090843299    0.000000000
       1      50   19.090845403   -0.000000000
       1      51   21.287376972    0.000000000
       1      52   21.287376897    0.000000000
       1      53   19.561829731    0.000000000
       1      54   19.561829155    0.000000000
       1      55   23.160349879   -0.000000000
       1      56   23.160350435    0.000000000
       1      57   22.114993793    0.000000000
       1      58   22.114994974    0.000000000
       1      59   26.475839838   -0.000000000
       1      60   26.475840007   -0.000000000
       1      61   20.719563129    0.000000000
       1      62   20.719563337   -0.000000000
       1      63   20.958256004   -0.000000000
       1      64   20.958255570    0.000000000
       1      65   22.660773415   -0.000000000
       1      66   22.660772615   -0.000000000
       1      67   24.540342075   -0.000000000
       1      68   24.540342042   -0.000000000
       1      69   26.564396472   -0.000000000
       1      70   26.564397752   -0.000000000
       1      71   27.454374788    0.000000000
       1      72   27.454374796    0.000000000
       1      73   24.052282666    0.000000000
       1      74   24.052282460   -0.000000000
       1      75   22.953419464   -0.000000000
       1      76   22.953419920    0.000000000
       1      77   29.317598263    0.000000000
       1      78   29.317598468    0.000000000
       1      79   29.947235464    0.000000000
       1      80   29.947236185    0.000000000
       1      81   27.685557370    0.000000000
       1      82   27.685558085    0.000000000
  0.666666667  0.333333333  0.000000000      82       0
       1       1  -39.909677270    0.000000000
       1       2  -39.909677269   -0.000000000
       1       3  -18.018128195    0.000000000
       1       4  -18.018128120    0.000000000
       1       5  -16.087252184    0.000000000
       1       6  -16.087252158    0.000000000
       1       7  -15.779640859    0.000000000
       1       8  -15.779640779    0.000000000
       1       9   -3.431027475   -0.000000000
       1      10   -3.431027396    0.000000000
       1      11   -2.892976229    0.000000000
       1      12   -2.892976227    0.000000000
       1      13    3.262229284    0.000000000
       1      14    3.262229281    0.000000000
       1      15    4.269827938    0.000000000
       1      16    4.269827999    0.000000000
       1      17    4.499923598    0.000000000
       1      18    4.499923609   -0.000000000
       1      19    7.571453335    0.000000000
       1      20    7.571453270    0.000000000
       1      21    6.873943362    0.000000000
       1      22    6.873943377   -0.000000000
       1      23    8.627758787    0.000000000
       1      24    8.627758742   -0.000000000
       1      25    9.196181187    0.000000000
       1      26    9.196181128    0.000000000
       1      27   14.457101620    0.000000000
       1      28   14.457106173    0.000000000
       1      29   13.912358800    0.000000000
       1      30   13.912363263   -0.000000000
       1      31   14.437951586    0.000000000
       1      32   14.437951263    0.000000000
       1      33   15.858703493    0.000000000
       1      34   15.858703154    0.000000000
       1      35   14.810874449   -0.000000000
       1      36   14.810874482    0.000000000
       1      37   13.923056253    0.000000000
       1      38   13.923056277    0.000000000
       1      39   15.468416123    0.000000000
       1      40   15.468416079    0.000000000
       1      41   15.527757613    0.000000000
       1      42   15.527757619    0.000000000
       1      43   17.688082073    0.000000000
       1      44   17.688082127    0.000000000
       1      45   20.365617728   -0.000000000
       1      46   20.365617543    0.000000000
       1      47   17.178263533    0.000000000
       1      48   17.178263502   -0.000000000
       1      49   19.090864686   -0.000000000
       1      50   19.090865650    0.000000000
       1      51   21.287365445    0.000000000
       1      52   21.287365520    0.000000000
       1      53   19.561847396    0.000000000
       1      54   19.561844615   -0.000000000
       1      55   23.160388310    0.000000000
       1      56   23.160385886   -0.000000000
       1      57   22.114965772   -0.000000000
       1      58   22.114966477    0.000000000
       1      59   26.475834443    0.000000000
       1      60   26.475834429    0.000000000
       1      61   20.719563666    0.000000000
       1      62   20.719563655   -0.000000000
       1      63   20.958250696   -0.000000000
       1      64   20.958250603   -0.000000000
       1      65   22.660804254   -0.000000000
       1      66   22.660804221   -0.000000000
       1      67   24.540344860   -0.000000000
       1      68   24.540344759    0.000000000
       1      69   26.564373572    0.000000000
       1      70   26.564373789   -0.000000000
       1      71   27.454378510    0.000000000
       1      72   27.454378305    0.000000000
       1      73   24.052276328   -0.000000000
       1      74   24.052276184   -0.000000000
       1      75   22.953405559   -0.000000000
       1      76   22.953405669   -0.000000000
       1      77   29.317580110   -0.000000000
       1      78   29.317580990   -0.000000000
       1      79   29.947239566   -0.000000000
       1      80   29.947239654   -0.000000000
       1      81   27.685537000   -0.000000000
       1      82   27.685537133   -0.000000000
  0.666666667  0.666666667  0.000000000      82       0
       1       1  -39.806779465   -0.000000000
       1       2  -39.806771439   -0.000000000
       1       3  -18.109814783    0.000000000
       1       4  -18.061964333    0.000000000
       1       5  -16.135069595   -0.000000000
       1       6  -16.001765932    0.000000000
       1       7  -16.033150569    0.000000000
       1       8  -15.968430500    0.000000000
       1       9   -2.124206170   -0.000000000
       1      10   -2.179758656   -0.000000000
       1      11   -2.178910145    0.000000000
       1      12   -2.014514465    0.000000000
       1      13    3.207600365    0.000000000
       1      14    3.247298753    0.000000000
       1      15    3.570486827    0.000000000
       1      16    3.598718656    0.000000000
       1      17    3.396356991    0.000000000
       1      18    3.520573589   -0.000000000
       1      19    5.570723872    0.000000000
       1      20    5.688513407    0.000000000
       1      21    4.990439416    0.000000000
       1      22    5.017580588    0.000000000
       1      23    7.373119028    0.000000000
       1      24    7.362598373    0.000000000
       1      25   11.340701934    0.000000000
       1      26   11.321859495   -0.000000000
       1      27   14.443121845    0.000000000
       1      28   14.434395397    0.000000000
       1      29   13.406302467   -0.000000000
       1      30   13.445600603    0.000000000
       1      31   16.215871355    0.000000000
       1      32   16.318794321    0.000000000
       1      33   17.971686439   -0.000000000
       1      34   18.040354856    0.000000000
       1      35   14.779227884    0.000000000
       1      36   14.848623704   -0.000000000
       1      37   13.717274338   -0.000000000
       1      38   13.710331189   -0.000000000
       1      39   14.413848119    0.000000000
       1      40   14.424844670    0.000000000
       1      41   18.589768332    0.000000000
       1      42   18.628658719    0.000000000
       1      43   18.675245525   -0.000000000
       1      44   18.697959353   -0.000000000
       1      45   17.607537904    0.000000000
       1      46   17.615212665    0.000000000
       1      47   19.534712237   -0.000000000
       1      48   19.582841099    0.000000000
       1      49   20.449999386    0.000000000
       1      50   20.494187403    0.000000000
       1      51   20.887929228    0.000000000
       1      52   20.905591461   -0.000000000
       1      53   19.030402123    0.000000000
       1      54   19.030674153    0.000000000
       1      55   19.772075858    0.000000000
       1      56   19.831446422    0.000000000
       1      57   20.538891588    0.000000000
       1      58   20.523203014    0.000000000
       1      59   20.695868862   -0.000000000
       1      60   20.883080449    0.000000000
       1      61   23.764029889    0.000000000
       1      62   20.759160989   -0.000000000
       1      63   22.428311250    0.000000000
       1      64   25.748138944   -0.000000000
       1      65   23.139357164    0.000000000
       1      66   23.145125344   -0.000000000
       1      67   23.542619859    0.000000000
       1      68   23.574111494    0.000000000
       1      69   25.216576957    0.000000000
       1      70   25.224798144    0.000000000
       1      71   26.342141724    0.000000000
       1      72   26.353000756    0.000000000
       1      73   30.402627300    0.000000000
       1      74   30.407159532    0.000000000
       1      75   32.174157015    0.000000000
       1      76   32.057167233   -0.000000000
       1      77   32.224778006    0.000000000
       1      78   32.314333995    0.000000000
       1      79   28.252576928   -0.000000000
       1      80   28.179063233   -0.000000000
       1      81   24.875874670   -0.000000000
       1      82   24.864397529   -0.000000000
