# k =   0.000000   0.000000   0.000000 spin = 1
# <ib|Sigma_CH[1..Nb]|ib> (eV), partial and symmetrized sum with up to Nb "inner" bands
# Reporting only VBM and CBM, use 'full_ch_conv_log 1' keyword for full report.
# 1/N extrap for CH(vbm) CH(cbm) diff =  -1.10612996E+01  -1.00600470E+01   1.00125268E+00
# Error est. for CH(vbm) CH(cbm) diff =   5.07011864E-02   3.95218720E-02  -1.11793144E-02
#    Nb          CH(vbm)          CH(cbm)             diff
      1  -2.48247815E-01  -2.05671623E-01   4.25761924E-02
      2  -4.96070493E-01  -4.11451523E-01   8.46189704E-02
      3  -7.67678057E-01  -5.90948567E-01   1.76729490E-01
      4  -1.04035048E+00  -7.70308887E-01   2.70041591E-01
      5  -1.95226621E+00  -1.00622735E+00   9.46038857E-01
      6  -2.86179772E+00  -1.24152118E+00   1.62027654E+00
      7  -3.91527944E+00  -1.38627213E+00   2.52900731E+00
      8  -4.96714781E+00  -1.53124542E+00   3.43590239E+00
      9  -5.08764820E+00  -2.95923544E+00   2.12841276E+00
     10  -5.20796952E+00  -4.38705079E+00   8.20918725E-01
     11  -5.29645393E+00  -4.66560544E+00   6.30848489E-01
     12  -5.38492503E+00  -4.94404503E+00   4.40879992E-01
     13  -5.48126137E+00  -5.07029502E+00   4.10966354E-01
     14  -5.57770413E+00  -5.19786827E+00   3.79835866E-01
     15  -5.65062216E+00  -5.31483205E+00   3.35790110E-01
     16  -5.72361155E+00  -5.43294308E+00   2.90668468E-01
     17  -6.11870340E+00  -5.89120949E+00   2.27493908E-01
     18  -6.53922435E+00  -6.34902403E+00   1.90200317E-01
     19  -6.97686236E+00  -6.53714497E+00   4.39717394E-01
     20  -7.41770458E+00  -6.72610314E+00   6.91601439E-01
     21  -7.49906699E+00  -6.79266330E+00   7.06403685E-01
     22  -7.58035814E+00  -6.85927346E+00   7.21084678E-01
     23  -7.66206422E+00  -6.93792158E+00   7.24142644E-01
     24  -7.74386048E+00  -7.01661487E+00   7.27245610E-01
     25  -7.91467149E+00  -7.30424570E+00   6.10425791E-01
     26  -8.08247132E+00  -7.55489992E+00   5.27571397E-01
     27  -8.10405007E+00  -7.60539485E+00   4.98655221E-01
     28  -8.12565487E+00  -7.65599622E+00   4.69658647E-01
     29  -8.23485190E+00  -7.75046445E+00   4.84387448E-01
     30  -8.34760910E+00  -7.83917197E+00   5.08437124E-01
     31  -8.50886427E+00  -7.90874237E+00   6.00121896E-01
     32  -8.66891245E+00  -7.97630826E+00   6.92604193E-01
     33  -8.71833855E+00  -8.00391729E+00   7.14421254E-01
     34  -8.76822759E+00  -8.03051469E+00   7.37712895E-01
     35  -8.85967844E+00  -8.11846064E+00   7.41217796E-01
     36  -8.95069028E+00  -8.20294970E+00   7.47740580E-01
     37  -9.00736852E+00  -8.28191567E+00   7.25452848E-01
     38  -9.06278389E+00  -8.36383014E+00   6.98953748E-01
     39  -9.10140398E+00  -8.41297633E+00   6.88427652E-01
     40  -9.13971108E+00  -8.46238586E+00   6.77325221E-01
     41  -9.18083651E+00  -8.49978322E+00   6.81053292E-01
     42  -9.22187261E+00  -8.53695878E+00   6.84913833E-01
     43  -9.29935299E+00  -8.61566408E+00   6.83688912E-01
     44  -9.37597027E+00  -8.70357991E+00   6.72390360E-01
     45  -9.42270335E+00  -8.73400906E+00   6.88694284E-01
     46  -9.46908755E+00  -8.76441575E+00   7.04671804E-01
     47  -9.50380358E+00  -8.79042876E+00   7.13374829E-01
     48  -9.53882747E+00  -8.81696408E+00   7.21863387E-01
     49  -9.55940542E+00  -8.82829805E+00   7.31107373E-01
     50  -9.57978340E+00  -8.83965694E+00   7.40126456E-01
     51  -9.62079118E+00  -8.87810072E+00   7.42690458E-01
     52  -9.66158639E+00  -8.91598296E+00   7.45603430E-01
     53  -9.70305769E+00  -8.94892178E+00   7.54135905E-01
     54  -9.74423082E+00  -8.98165496E+00   7.62575855E-01
     55  -9.76515170E+00  -9.00549404E+00   7.59657663E-01
     56  -9.78640760E+00  -9.02916970E+00   7.57237899E-01
     57  -9.83323081E+00  -9.07669906E+00   7.56531753E-01
     58  -9.88123091E+00  -9.12270968E+00   7.58521232E-01
     59  -9.89866557E+00  -9.13922179E+00   7.59443786E-01
     60  -9.91828404E+00  -9.15624598E+00   7.62038056E-01
     61  -9.92756821E+00  -9.16429497E+00   7.63273240E-01
     62  -9.93686561E+00  -9.17232318E+00   7.64542436E-01
     63  -9.95730484E+00  -9.18771925E+00   7.69585589E-01
     64  -9.97776000E+00  -9.20307654E+00   7.74683460E-01
     65  -1.00055616E+01  -9.22799120E+00   7.77570364E-01
     66  -1.00333869E+01  -9.25371798E+00   7.79668899E-01
     67  -1.00628539E+01  -9.27813210E+00   7.84721843E-01
     68  -1.00935813E+01  -9.30071169E+00   7.92869573E-01
     69  -1.01139372E+01  -9.31666426E+00   7.97272937E-01
     70  -1.01335288E+01  -9.33235306E+00   8.01175762E-01
     71  -1.01565176E+01  -9.35091531E+00   8.05602270E-01
     72  -1.01804928E+01  -9.37154106E+00   8.08951756E-01
     73  -1.01995167E+01  -9.38430750E+00   8.15209249E-01
     74  -1.02185733E+01  -9.39705392E+00   8.21519370E-01
     75  -1.02426142E+01  -9.41482792E+00   8.27786245E-01
     76  -1.02674254E+01  -9.43521711E+00   8.32208251E-01
     77  -1.02856304E+01  -9.45031123E+00   8.35319135E-01
     78  -1.03032374E+01  -9.46483949E+00   8.38397878E-01
     79  -1.03297765E+01  -9.48591443E+00   8.43862099E-01
     80  -1.03555211E+01  -9.50858173E+00   8.46939393E-01
     81  -1.03616664E+01  -9.51509000E+00   8.46576445E-01
     82  -1.03677981E+01  -9.52157316E+00   8.46224920E-01
     83  -1.03792434E+01  -9.53090844E+00   8.48334994E-01
     84  -1.03906066E+01  -9.54030040E+00   8.50306234E-01
     85  -1.04104460E+01  -9.55564344E+00   8.54802537E-01
     86  -1.04302593E+01  -9.57102393E+00   8.59235380E-01
     87  -1.04509182E+01  -9.58838772E+00   8.62530476E-01
     88  -1.04722319E+01  -9.60658507E+00   8.65646862E-01
     89  -1.04802943E+01  -9.61340061E+00   8.66893710E-01
     90  -1.04897918E+01  -9.61976866E+00   8.70023178E-01
     91  -1.04972891E+01  -9.62536474E+00   8.71924355E-01
     92  -1.05046210E+01  -9.63097439E+00   8.73646635E-01
     93  -1.05159832E+01  -9.64199830E+00   8.73984869E-01
     94  -1.05284673E+01  -9.65272909E+00   8.75738215E-01
     95  -1.05427720E+01  -9.66328739E+00   8.79484576E-01
     96  -1.05569709E+01  -9.67430302E+00   8.82667880E-01
     97  -1.05613542E+01  -9.67728203E+00   8.84072207E-01
     98  -1.05657354E+01  -9.68029916E+00   8.85436220E-01
     99  -1.05780379E+01  -9.68910257E+00   8.88935333E-01
    100  -1.05905220E+01  -9.69736810E+00   8.93153946E-01
    101  -1.06046479E+01  -9.70725841E+00   8.97389532E-01
    102  -1.06187073E+01  -9.71698158E+00   9.01725699E-01
    103  -1.06265907E+01  -9.72480541E+00   9.01785307E-01
    104  -1.06342963E+01  -9.73238727E+00   9.01909065E-01
    105  -1.06399101E+01  -9.73678404E+00   9.03126056E-01
    106  -1.06455691E+01  -9.74119066E+00   9.04378442E-01
    107  -1.06551530E+01  -9.74863312E+00   9.06519887E-01
    108  -1.06649324E+01  -9.75558505E+00   9.09347387E-01
    109  -1.06749620E+01  -9.76349173E+00   9.11470285E-01
    110  -1.06850940E+01  -9.77144077E+00   9.13653231E-01
    111  -1.06933502E+01  -9.77914148E+00   9.14208727E-01
    112  -1.07018146E+01  -9.78661528E+00   9.15199314E-01
    113  -1.07085722E+01  -9.79208421E+00   9.16488030E-01
    114  -1.07153550E+01  -9.79758065E+00   9.17774331E-01
    115  -1.07192577E+01  -9.80009554E+00   9.19162155E-01
    116  -1.07232037E+01  -9.80256847E+00   9.20635236E-01
    117  -1.07287223E+01  -9.80686344E+00   9.21858884E-01
    118  -1.07342554E+01  -9.81120375E+00   9.23051683E-01
    119  -1.07391510E+01  -9.81508547E+00   9.24065556E-01
    120  -1.07441408E+01  -9.81885437E+00   9.25286431E-01
    121  -1.07488116E+01  -9.82297229E+00   9.25839315E-01
    122  -1.07534131E+01  -9.82698077E+00   9.26432361E-01
    123  -1.07585497E+01  -9.83111050E+00   9.27439226E-01
    124  -1.07639126E+01  -9.83502698E+00   9.28885584E-01
    125  -1.07713461E+01  -9.83963727E+00   9.31708800E-01
    126  -1.07789891E+01  -9.84460498E+00   9.34384081E-01
    127  -1.07858317E+01  -9.85000738E+00   9.35824315E-01
    128  -1.07924845E+01  -9.85536315E+00   9.37121348E-01
    129  -1.07967528E+01  -9.85904221E+00   9.37710572E-01
    130  -1.08012227E+01  -9.86278857E+00   9.38434149E-01
    131  -1.08053995E+01  -9.86660537E+00   9.38794087E-01
    132  -1.08095557E+01  -9.87035482E+00   9.39200856E-01
    133  -1.08131192E+01  -9.87313167E+00   9.39987522E-01
    134  -1.08169554E+01  -9.87597105E+00   9.40984331E-01
    135  -1.08206571E+01  -9.87878336E+00   9.41873741E-01
    136  -1.08244551E+01  -9.88155265E+00   9.42902481E-01
    137  -1.08299668E+01  -9.88609538E+00   9.43871471E-01
    138  -1.08356365E+01  -9.89040525E+00   9.45231280E-01
    139  -1.08404406E+01  -9.89345144E+00   9.46989202E-01
    140  -1.08451402E+01  -9.89688431E+00   9.48255883E-01
    141  -1.08469193E+01  -9.89836326E+00   9.48556002E-01
    142  -1.08487021E+01  -9.89980751E+00   9.48894548E-01
    143  -1.08513709E+01  -9.90172269E+00   9.49648249E-01
    144  -1.08541652E+01  -9.90360357E+00   9.50561662E-01
    145  -1.08564238E+01  -9.90547593E+00   9.50947823E-01
    146  -1.08586994E+01  -9.90736608E+00   9.51333368E-01
    147  -1.08622060E+01  -9.91012771E+00   9.52078338E-01
    148  -1.08658284E+01  -9.91293221E+00   9.52896198E-01
    149  -1.08694309E+01  -9.91553239E+00   9.53898479E-01
    150  -1.08730435E+01  -9.91815198E+00   9.54891545E-01
    151  -1.08763864E+01  -9.92071577E+00   9.55670659E-01
    152  -1.08797235E+01  -9.92322961E+00   9.56493863E-01
    153  -1.08809835E+01  -9.92435994E+00   9.56623565E-01
    154  -1.08822306E+01  -9.92549273E+00   9.56737913E-01
    155  -1.08851273E+01  -9.92790104E+00   9.57226215E-01
    156  -1.08880534E+01  -9.93023133E+00   9.57822110E-01
    157  -1.08913335E+01  -9.93259810E+00   9.58735407E-01
    158  -1.08947889E+01  -9.93494595E+00   9.59842957E-01
    159  -1.08953271E+01  -9.93546818E+00   9.59858943E-01
    160  -1.08958748E+01  -9.93600148E+00   9.59873288E-01
    161  -1.08978497E+01  -9.93761056E+00   9.60239190E-01
    162  -1.08998032E+01  -9.93918195E+00   9.60621275E-01
    163  -1.09012468E+01  -9.94019703E+00   9.61049737E-01
    164  -1.09026879E+01  -9.94120127E+00   9.61486666E-01
    165  -1.09057614E+01  -9.94326330E+00   9.62498073E-01
    166  -1.09087548E+01  -9.94537489E+00   9.63379879E-01
    167  -1.09115223E+01  -9.94740247E+00   9.64119810E-01
    168  -1.09143809E+01  -9.94943931E+00   9.64941560E-01
    169  -1.09163083E+01  -9.95107553E+00   9.65232793E-01
    170  -1.09182457E+01  -9.95276489E+00   9.65480856E-01
    171  -1.09191832E+01  -9.95357280E+00   9.65610450E-01
    172  -1.09201239E+01  -9.95436372E+00   9.65760196E-01
    173  -1.09229649E+01  -9.95631434E+00   9.66650563E-01
    174  -1.09258302E+01  -9.95830405E+00   9.67526138E-01
    175  -1.09267179E+01  -9.95890086E+00   9.67817067E-01
    176  -1.09276054E+01  -9.95950513E+00   9.68100316E-01
    177  -1.09296553E+01  -9.96116579E+00   9.68489463E-01
    178  -1.09317855E+01  -9.96291447E+00   9.68871066E-01
    179  -1.09330970E+01  -9.96389872E+00   9.69198254E-01
    180  -1.09343683E+01  -9.96486847E+00   9.69499876E-01
    181  -1.09360364E+01  -9.96610156E+00   9.69934810E-01
    182  -1.09377517E+01  -9.96734338E+00   9.70408349E-01
    183  -1.09386207E+01  -9.96808357E+00   9.70537152E-01
    184  -1.09394637E+01  -9.96880056E+00   9.70663131E-01
    185  -1.09407907E+01  -9.96964328E+00   9.71147430E-01
    186  -1.09420545E+01  -9.97048131E+00   9.71573233E-01
    187  -1.09442673E+01  -9.97195090E+00   9.72316359E-01
    188  -1.09464585E+01  -9.97335062E+00   9.73107895E-01
    189  -1.09479650E+01  -9.97456625E+00   9.73398717E-01
    190  -1.09494158E+01  -9.97577058E+00   9.73645181E-01
    191  -1.09508354E+01  -9.97687882E+00   9.73956619E-01
    192  -1.09522623E+01  -9.97798758E+00   9.74274696E-01
    193  -1.09526430E+01  -9.97827692E+00   9.74366061E-01
    194  -1.09530283E+01  -9.97857086E+00   9.74457403E-01
    195  -1.09539855E+01  -9.97932898E+00   9.74656560E-01
    196  -1.09549548E+01  -9.98009796E+00   9.74856812E-01
    197  -1.09566846E+01  -9.98131077E+00   9.75373852E-01
    198  -1.09584005E+01  -9.98250152E+00   9.75898959E-01
    199  -1.09589989E+01  -9.98297064E+00   9.76028234E-01
    200  -1.09596043E+01  -9.98342034E+00   9.76183996E-01
    201  -1.09603044E+01  -9.98396780E+00   9.76336605E-01
    202  -1.09610022E+01  -9.98451690E+00   9.76485270E-01
    203  -1.09623950E+01  -9.98552050E+00   9.76874453E-01
    204  -1.09638325E+01  -9.98656633E+00   9.77266172E-01
    205  -1.09645210E+01  -9.98702660E+00   9.77494431E-01
    206  -1.09652034E+01  -9.98749021E+00   9.77713203E-01
    207  -1.09662881E+01  -9.98828903E+00   9.77999031E-01
    208  -1.09673787E+01  -9.98907847E+00   9.78300199E-01
    209  -1.09681136E+01  -9.98960162E+00   9.78512022E-01
    210  -1.09688410E+01  -9.99011448E+00   9.78726566E-01
    211  -1.09703051E+01  -9.99114589E+00   9.79159236E-01
    212  -1.09717558E+01  -9.99215445E+00   9.79601347E-01
    213  -1.09727120E+01  -9.99288022E+00   9.79831784E-01
    214  -1.09736610E+01  -9.99360603E+00   9.80054929E-01
    215  -1.09743533E+01  -9.99419426E+00   9.80159021E-01
    216  -1.09750431E+01  -9.99479770E+00   9.80245373E-01
    217  -1.09755617E+01  -9.99514095E+00   9.80420723E-01
    218  -1.09760821E+01  -9.99547160E+00   9.80610525E-01
    219  -1.09768653E+01  -9.99599076E+00   9.80874554E-01
    220  -1.09776429E+01  -9.99651979E+00   9.81123130E-01
    221  -1.09782823E+01  -9.99702426E+00   9.81258023E-01
    222  -1.09788986E+01  -9.99752299E+00   9.81375598E-01
    223  -1.09797706E+01  -9.99813061E+00   9.81640011E-01
    224  -1.09806350E+01  -9.99874643E+00   9.81888540E-01
    225  -1.09812753E+01  -9.99915579E+00   9.82119459E-01
    226  -1.09819434E+01  -9.99957447E+00   9.82368900E-01
    227  -1.09829910E+01  -1.00003448E+01   9.82646277E-01
    228  -1.09840566E+01  -1.00011424E+01   9.82914144E-01
    229  -1.09845650E+01  -1.00015115E+01   9.83053473E-01
    230  -1.09850735E+01  -1.00018803E+01   9.83193239E-01
    231  -1.09857732E+01  -1.00023779E+01   9.83395307E-01
    232  -1.09864650E+01  -1.00028601E+01   9.83604846E-01
    233  -1.09868818E+01  -1.00031568E+01   9.83725012E-01
    234  -1.09873060E+01  -1.00034552E+01   9.83850861E-01
    235  -1.09878552E+01  -1.00038986E+01   9.83956652E-01
    236  -1.09884070E+01  -1.00043396E+01   9.84067370E-01
    237  -1.09890919E+01  -1.00048488E+01   9.84243090E-01
    238  -1.09897870E+01  -1.00053569E+01   9.84430069E-01
    239  -1.09902822E+01  -1.00056788E+01   9.84603351E-01
    240  -1.09907672E+01  -1.00060008E+01   9.84766425E-01
    241  -1.09911557E+01  -1.00062731E+01   9.84882651E-01
    242  -1.09915357E+01  -1.00065501E+01   9.84985621E-01
    243  -1.09918588E+01  -1.00067882E+01   9.85070542E-01
    244  -1.09921910E+01  -1.00070242E+01   9.85166777E-01
    245  -1.09931452E+01  -1.00076521E+01   9.85493114E-01
    246  -1.09941049E+01  -1.00082876E+01   9.85817367E-01
    247  -1.09944861E+01  -1.00085855E+01   9.85900572E-01
    248  -1.09948663E+01  -1.00088868E+01   9.85979468E-01
    249  -1.09950861E+01  -1.00090434E+01   9.86042732E-01
    250  -1.09953019E+01  -1.00092021E+01   9.86099765E-01
    251  -1.09959123E+01  -1.00096547E+01   9.86257678E-01
    252  -1.09965290E+01  -1.00100962E+01   9.86432731E-01
    253  -1.09971573E+01  -1.00105168E+01   9.86640580E-01
    254  -1.09977869E+01  -1.00109283E+01   9.86858628E-01
    255  -1.09980782E+01  -1.00111787E+01   9.86899432E-01
    256  -1.09983705E+01  -1.00114267E+01   9.86943875E-01
    257  -1.09988296E+01  -1.00117386E+01   9.87091072E-01
    258  -1.09992699E+01  -1.00120418E+01   9.87228103E-01
    259  -1.09997771E+01  -1.00124016E+01   9.87375581E-01
    260  -1.10002824E+01  -1.00127632E+01   9.87519238E-01
    261  -1.10004506E+01  -1.00128600E+01   9.87590560E-01
    262  -1.10006142E+01  -1.00129578E+01   9.87656358E-01
    263  -1.10010374E+01  -1.00132452E+01   9.87792262E-01
    264  -1.10014558E+01  -1.00135316E+01   9.87924131E-01
    265  -1.10019166E+01  -1.00138769E+01   9.88039661E-01
    266  -1.10023791E+01  -1.00142109E+01   9.88168241E-01
    267  -1.10028261E+01  -1.00145452E+01   9.88280812E-01
    268  -1.10032792E+01  -1.00148881E+01   9.88391119E-01
    269  -1.10034565E+01  -1.00150138E+01   9.88442703E-01
    270  -1.10036333E+01  -1.00151381E+01   9.88495141E-01
    271  -1.10039666E+01  -1.00153705E+01   9.88596076E-01
    272  -1.10043154E+01  -1.00156004E+01   9.88714994E-01
    273  -1.10046402E+01  -1.00158725E+01   9.88767684E-01
    274  -1.10049675E+01  -1.00161426E+01   9.88824879E-01
    275  -1.10050674E+01  -1.00162136E+01   9.88853802E-01
    276  -1.10051691E+01  -1.00162849E+01   9.88884198E-01
    277  -1.10054819E+01  -1.00164989E+01   9.88983042E-01
    278  -1.10057852E+01  -1.00167145E+01   9.89070727E-01
    279  -1.10060151E+01  -1.00168854E+01   9.89129707E-01
    280  -1.10062510E+01  -1.00170556E+01   9.89195399E-01
    281  -1.10065703E+01  -1.00172957E+01   9.89274623E-01
    282  -1.10068950E+01  -1.00175408E+01   9.89354152E-01
    283  -1.10071908E+01  -1.00177709E+01   9.89419942E-01
    284  -1.10074918E+01  -1.00180081E+01   9.89483659E-01
    285  -1.10076634E+01  -1.00181530E+01   9.89510423E-01
    286  -1.10078332E+01  -1.00182999E+01   9.89533319E-01
    287  -1.10080162E+01  -1.00184315E+01   9.89584697E-01
    288  -1.10081980E+01  -1.00185610E+01   9.89637090E-01
    289  -1.10083976E+01  -1.00187201E+01   9.89677491E-01
    290  -1.10085925E+01  -1.00188795E+01   9.89712986E-01
    291  -1.10087692E+01  -1.00190160E+01   9.89753140E-01
    292  -1.10089453E+01  -1.00191540E+01   9.89791398E-01
    293  -1.10091071E+01  -1.00192821E+01   9.89825072E-01
    294  -1.10092708E+01  -1.00194090E+01   9.89861841E-01
    295  -1.10093776E+01  -1.00194958E+01   9.89881842E-01
    296  -1.10094824E+01  -1.00195806E+01   9.89901758E-01
    297  -1.10096396E+01  -1.00197095E+01   9.89930035E-01
    298  -1.10097939E+01  -1.00198344E+01   9.89959476E-01
    299  -1.10099325E+01  -1.00199502E+01   9.89982343E-01
    300  -1.10100717E+01  -1.00200655E+01   9.90006163E-01
    301  -1.10101842E+01  -1.00201607E+01   9.90023494E-01
    302  -1.10102933E+01  -1.00202565E+01   9.90036842E-01
    303  -1.10104022E+01  -1.00203551E+01   9.90047083E-01
    304  -1.10105098E+01  -1.00204530E+01   9.90056819E-01
    305  -1.10105985E+01  -1.00205251E+01   9.90073364E-01
# k =  -0.000000  -0.000000   0.500000 spin = 1
# <ib|Sigma_CH[1..Nb]|ib> (eV), partial and symmetrized sum with up to Nb "inner" bands
# Reporting only VBM and CBM, use 'full_ch_conv_log 1' keyword for full report.
# 1/N extrap for CH(vbm) CH(cbm) diff =  -1.08310704E+01  -1.02409774E+01   5.90092932E-01
# Error est. for CH(vbm) CH(cbm) diff =   4.74682420E-02   4.06543631E-02  -6.81387899E-03
#    Nb          CH(vbm)          CH(cbm)             diff
      1  -2.96930686E-01  -2.64213396E-01   3.27172896E-02
      2  -6.03182800E-01  -5.12587515E-01   9.05952855E-02
      3  -8.83698400E-01  -7.56674478E-01   1.27023921E-01
      4  -1.15472191E+00  -1.01491176E+00   1.39810153E-01
      5  -1.50304190E+00  -1.12284205E+00   3.80199847E-01
      6  -1.82646158E+00  -1.25100370E+00   5.75457885E-01
      7  -3.42567433E+00  -1.36857436E+00   2.05709997E+00
      8  -4.96712735E+00  -1.51782418E+00   3.44930317E+00
      9  -5.07277660E+00  -2.99553896E+00   2.07723764E+00
     10  -5.17930693E+00  -4.46768855E+00   7.11618379E-01
     11  -5.33429605E+00  -4.60207770E+00   7.32218345E-01
     12  -5.47249637E+00  -4.75310322E+00   7.19393148E-01
     13  -5.62891683E+00  -4.92272754E+00   7.06189297E-01
     14  -5.78085581E+00  -5.10248446E+00   6.78371356E-01
     15  -5.86722453E+00  -5.31251324E+00   5.54711293E-01
     16  -5.95389511E+00  -5.52115339E+00   4.32741724E-01
     17  -6.36153331E+00  -5.87880031E+00   4.82733006E-01
     18  -6.79130500E+00  -6.24656144E+00   5.44743562E-01
     19  -7.18174268E+00  -6.68839174E+00   4.93350937E-01
     20  -7.53256281E+00  -7.12653072E+00   4.06032088E-01
     21  -7.59189601E+00  -7.19252190E+00   3.99374117E-01
     22  -7.65077034E+00  -7.26008737E+00   3.90682968E-01
     23  -7.71457071E+00  -7.31109134E+00   4.03479369E-01
     24  -7.77826571E+00  -7.36209046E+00   4.16175243E-01
     25  -7.94717020E+00  -7.51751608E+00   4.29654118E-01
     26  -8.14636135E+00  -7.71753859E+00   4.28822757E-01
     27  -8.17272866E+00  -7.77055655E+00   4.02172110E-01
     28  -8.19874425E+00  -7.82307523E+00   3.75669012E-01
     29  -8.30939946E+00  -7.93043206E+00   3.78967404E-01
     30  -8.40663747E+00  -8.00641093E+00   4.00226537E-01
     31  -8.53455776E+00  -8.10172056E+00   4.32837197E-01
     32  -8.68166106E+00  -8.19841113E+00   4.83249931E-01
     33  -8.72280317E+00  -8.22766284E+00   4.95140327E-01
     34  -8.75589355E+00  -8.25481305E+00   5.01080508E-01
     35  -8.83559816E+00  -8.33943414E+00   4.96164026E-01
     36  -8.91587555E+00  -8.41806809E+00   4.97807468E-01
     37  -8.97482831E+00  -8.48908322E+00   4.85745098E-01
     38  -9.03421558E+00  -8.55975265E+00   4.74462933E-01
     39  -9.07135184E+00  -8.60563637E+00   4.65715466E-01
     40  -9.10961927E+00  -8.64791113E+00   4.61708137E-01
     41  -9.14792820E+00  -8.67978927E+00   4.68138926E-01
     42  -9.18173378E+00  -8.70440690E+00   4.77326880E-01
     43  -9.24617339E+00  -8.78465891E+00   4.61514478E-01
     44  -9.31243041E+00  -8.86637807E+00   4.46052347E-01
     45  -9.35086430E+00  -8.89968252E+00   4.51181782E-01
     46  -9.39772589E+00  -8.93083163E+00   4.66894264E-01
     47  -9.43144463E+00  -8.95846751E+00   4.72977116E-01
     48  -9.46553607E+00  -8.98514545E+00   4.80390619E-01
     49  -9.48479497E+00  -9.00274971E+00   4.82045256E-01
     50  -9.50414391E+00  -9.02020876E+00   4.83935155E-01
     51  -9.54261627E+00  -9.05465699E+00   4.87959284E-01
     52  -9.58176728E+00  -9.08825477E+00   4.93512508E-01
     53  -9.61600500E+00  -9.12475226E+00   4.91252739E-01
     54  -9.65167846E+00  -9.16144038E+00   4.90238079E-01
     55  -9.67293605E+00  -9.17840302E+00   4.94533037E-01
     56  -9.69199810E+00  -9.19635523E+00   4.95642867E-01
     57  -9.73354064E+00  -9.24158039E+00   4.91960251E-01
     58  -9.77662840E+00  -9.28769238E+00   4.88936018E-01
     59  -9.79282718E+00  -9.31017530E+00   4.82651887E-01
     60  -9.80983269E+00  -9.33211256E+00   4.77720126E-01
     61  -9.81759684E+00  -9.33934241E+00   4.78254428E-01
     62  -9.82554291E+00  -9.34666351E+00   4.78879402E-01
     63  -9.84373787E+00  -9.36117815E+00   4.82559720E-01
     64  -9.86194968E+00  -9.37525297E+00   4.86696710E-01
     65  -9.88955515E+00  -9.39875822E+00   4.90796928E-01
     66  -9.91584260E+00  -9.42391482E+00   4.91927776E-01
     67  -9.93992193E+00  -9.44575092E+00   4.94171011E-01
     68  -9.96552899E+00  -9.46780392E+00   4.97725066E-01
     69  -9.98466063E+00  -9.48202406E+00   5.02636572E-01
     70  -1.00026017E+01  -9.49671097E+00   5.05890757E-01
     71  -1.00227248E+01  -9.51514310E+00   5.07581719E-01
     72  -1.00441501E+01  -9.53290038E+00   5.11249735E-01
     73  -1.00614322E+01  -9.54470807E+00   5.16724103E-01
     74  -1.00769717E+01  -9.55658020E+00   5.20391476E-01
     75  -1.00977241E+01  -9.57394081E+00   5.23783286E-01
     76  -1.01178254E+01  -9.59251090E+00   5.25314512E-01
     77  -1.01353897E+01  -9.61147056E+00   5.23919100E-01
     78  -1.01492205E+01  -9.62811879E+00   5.21101681E-01
     79  -1.01727748E+01  -9.64856654E+00   5.24208231E-01
     80  -1.01978531E+01  -9.66812637E+00   5.29726686E-01
     81  -1.02035122E+01  -9.67369253E+00   5.29819674E-01
     82  -1.02093456E+01  -9.67949575E+00   5.29849876E-01
     83  -1.02200159E+01  -9.68811836E+00   5.31897541E-01
     84  -1.02309054E+01  -9.69630674E+00   5.34598678E-01
     85  -1.02479974E+01  -9.71097043E+00   5.37026972E-01
     86  -1.02651292E+01  -9.72714122E+00   5.37987935E-01
     87  -1.02840871E+01  -9.74375397E+00   5.40333129E-01
     88  -1.03037109E+01  -9.75923925E+00   5.44471655E-01
     89  -1.03108084E+01  -9.76655310E+00   5.44255247E-01
     90  -1.03175489E+01  -9.77269788E+00   5.44851031E-01
     91  -1.03241247E+01  -9.77884923E+00   5.45275456E-01
     92  -1.03306205E+01  -9.78475308E+00   5.45867424E-01
     93  -1.03412052E+01  -9.79525282E+00   5.45952411E-01
     94  -1.03520513E+01  -9.80515335E+00   5.46897944E-01
     95  -1.03664718E+01  -9.81662569E+00   5.49846096E-01
     96  -1.03792350E+01  -9.82868684E+00   5.50548115E-01
     97  -1.03830898E+01  -9.83180035E+00   5.51289408E-01
     98  -1.03869225E+01  -9.83506020E+00   5.51862326E-01
     99  -1.03975699E+01  -9.84363752E+00   5.53932400E-01
    100  -1.04076163E+01  -9.85245647E+00   5.55159826E-01
    101  -1.04199528E+01  -9.86326478E+00   5.56688018E-01
    102  -1.04318003E+01  -9.87432785E+00   5.57472426E-01
    103  -1.04391625E+01  -9.88094454E+00   5.58218005E-01
    104  -1.04465043E+01  -9.88743416E+00   5.59070086E-01
    105  -1.04512286E+01  -9.89269564E+00   5.58532958E-01
    106  -1.04562736E+01  -9.89809844E+00   5.58175134E-01
    107  -1.04645385E+01  -9.90472977E+00   5.59808684E-01
    108  -1.04729718E+01  -9.91083983E+00   5.62131941E-01
    109  -1.04819340E+01  -9.91970146E+00   5.62232511E-01
    110  -1.04903340E+01  -9.92863314E+00   5.61700896E-01
    111  -1.04976933E+01  -9.93537084E+00   5.62322449E-01
    112  -1.05055924E+01  -9.94236784E+00   5.63224537E-01
    113  -1.05114869E+01  -9.94751708E+00   5.63969813E-01
    114  -1.05174505E+01  -9.95297303E+00   5.64477461E-01
    115  -1.05210392E+01  -9.95545579E+00   5.65583404E-01
    116  -1.05244942E+01  -9.95827622E+00   5.66217941E-01
    117  -1.05296522E+01  -9.96283825E+00   5.66813923E-01
    118  -1.05344462E+01  -9.96756588E+00   5.66880303E-01
    119  -1.05387727E+01  -9.97148894E+00   5.67283780E-01
    120  -1.05432130E+01  -9.97536639E+00   5.67846561E-01
    121  -1.05475522E+01  -9.97975336E+00   5.67798824E-01
    122  -1.05516997E+01  -9.98405362E+00   5.67646079E-01
    123  -1.05562387E+01  -9.98848715E+00   5.67751586E-01
    124  -1.05610500E+01  -9.99295507E+00   5.68094959E-01
    125  -1.05679015E+01  -9.99859269E+00   5.69308788E-01
    126  -1.05743629E+01  -1.00042666E+01   5.70096289E-01
    127  -1.05804497E+01  -1.00104095E+01   5.70040230E-01
    128  -1.05863146E+01  -1.00163065E+01   5.70008062E-01
    129  -1.05903074E+01  -1.00201778E+01   5.70129614E-01
    130  -1.05944131E+01  -1.00238541E+01   5.70559010E-01
    131  -1.05982107E+01  -1.00275715E+01   5.70639156E-01
    132  -1.06019351E+01  -1.00314773E+01   5.70457848E-01
    133  -1.06051632E+01  -1.00345155E+01   5.70647737E-01
    134  -1.06085512E+01  -1.00374263E+01   5.71124918E-01
    135  -1.06118146E+01  -1.00411844E+01   5.70630223E-01
    136  -1.06152784E+01  -1.00446983E+01   5.70580138E-01
    137  -1.06202008E+01  -1.00499265E+01   5.70274299E-01
    138  -1.06253892E+01  -1.00553438E+01   5.70045402E-01
    139  -1.06298071E+01  -1.00596419E+01   5.70165255E-01
    140  -1.06341533E+01  -1.00635961E+01   5.70557183E-01
    141  -1.06356595E+01  -1.00652296E+01   5.70429908E-01
    142  -1.06371763E+01  -1.00667958E+01   5.70380568E-01
    143  -1.06395503E+01  -1.00691198E+01   5.70430516E-01
    144  -1.06420116E+01  -1.00715145E+01   5.70497111E-01
    145  -1.06440796E+01  -1.00735482E+01   5.70531408E-01
    146  -1.06461313E+01  -1.00755305E+01   5.70600821E-01
    147  -1.06491983E+01  -1.00791655E+01   5.70032709E-01
    148  -1.06525372E+01  -1.00826555E+01   5.69881733E-01
    149  -1.06557140E+01  -1.00859130E+01   5.69800910E-01
    150  -1.06589436E+01  -1.00891700E+01   5.69773596E-01
    151  -1.06619198E+01  -1.00917594E+01   5.70160408E-01
    152  -1.06648546E+01  -1.00943034E+01   5.70551158E-01
    153  -1.06660500E+01  -1.00954633E+01   5.70586756E-01
    154  -1.06671675E+01  -1.00967444E+01   5.70423030E-01
    155  -1.06697447E+01  -1.00994004E+01   5.70344311E-01
    156  -1.06724218E+01  -1.01019230E+01   5.70498870E-01
    157  -1.06752341E+01  -1.01043386E+01   5.70895509E-01
    158  -1.06782113E+01  -1.01066848E+01   5.71526499E-01
    159  -1.06787411E+01  -1.01072573E+01   5.71483792E-01
    160  -1.06792485E+01  -1.01078503E+01   5.71398187E-01
    161  -1.06810271E+01  -1.01096810E+01   5.71346173E-01
    162  -1.06828432E+01  -1.01114017E+01   5.71441484E-01
    163  -1.06841292E+01  -1.01126975E+01   5.71431686E-01
    164  -1.06854340E+01  -1.01139649E+01   5.71469105E-01
    165  -1.06881334E+01  -1.01165154E+01   5.71617993E-01
    166  -1.06907732E+01  -1.01190458E+01   5.71727450E-01
    167  -1.06932816E+01  -1.01213676E+01   5.71913996E-01
    168  -1.06958092E+01  -1.01237454E+01   5.72063833E-01
    169  -1.06976536E+01  -1.01254774E+01   5.72176153E-01
    170  -1.06994823E+01  -1.01272358E+01   5.72246565E-01
    171  -1.07003898E+01  -1.01280558E+01   5.72334053E-01
    172  -1.07012325E+01  -1.01289553E+01   5.72277198E-01
    173  -1.07037472E+01  -1.01310084E+01   5.72738776E-01
    174  -1.07061814E+01  -1.01331820E+01   5.72999445E-01
    175  -1.07069462E+01  -1.01339134E+01   5.73032735E-01
    176  -1.07077150E+01  -1.01346098E+01   5.73105241E-01
    177  -1.07096234E+01  -1.01364403E+01   5.73183024E-01
    178  -1.07115539E+01  -1.01383952E+01   5.73158710E-01
    179  -1.07127302E+01  -1.01394494E+01   5.73280732E-01
    180  -1.07138818E+01  -1.01404257E+01   5.73456093E-01
    181  -1.07153849E+01  -1.01417972E+01   5.73587732E-01
    182  -1.07169504E+01  -1.01430734E+01   5.73877071E-01
    183  -1.07177688E+01  -1.01438675E+01   5.73901283E-01
    184  -1.07185472E+01  -1.01446115E+01   5.73935713E-01
    185  -1.07197440E+01  -1.01456804E+01   5.74063528E-01
    186  -1.07209146E+01  -1.01466976E+01   5.74217025E-01
    187  -1.07228974E+01  -1.01484329E+01   5.74464532E-01
    188  -1.07247846E+01  -1.01501005E+01   5.74684171E-01
    189  -1.07261296E+01  -1.01514039E+01   5.74725627E-01
    190  -1.07274816E+01  -1.01526332E+01   5.74848380E-01
    191  -1.07288362E+01  -1.01537109E+01   5.75125350E-01
    192  -1.07301798E+01  -1.01547913E+01   5.75388495E-01
    193  -1.07305350E+01  -1.01550820E+01   5.75453014E-01
    194  -1.07308931E+01  -1.01553650E+01   5.75528137E-01
    195  -1.07317688E+01  -1.01561546E+01   5.75614144E-01
    196  -1.07326491E+01  -1.01569312E+01   5.75717951E-01
    197  -1.07341940E+01  -1.01582387E+01   5.75955318E-01
    198  -1.07357480E+01  -1.01595267E+01   5.76221297E-01
    199  -1.07363005E+01  -1.01600371E+01   5.76263429E-01
    200  -1.07368623E+01  -1.01605418E+01   5.76320465E-01
    201  -1.07375056E+01  -1.01611040E+01   5.76401675E-01
    202  -1.07381375E+01  -1.01616567E+01   5.76480802E-01
    203  -1.07394075E+01  -1.01626893E+01   5.76718211E-01
    204  -1.07407262E+01  -1.01637614E+01   5.76964823E-01
    205  -1.07413466E+01  -1.01642702E+01   5.77076454E-01
    206  -1.07419616E+01  -1.01647962E+01   5.77165393E-01
    207  -1.07429447E+01  -1.01656527E+01   5.77292041E-01
    208  -1.07439089E+01  -1.01665591E+01   5.77349828E-01
    209  -1.07445620E+01  -1.01671606E+01   5.77401435E-01
    210  -1.07452316E+01  -1.01677596E+01   5.77471966E-01
    211  -1.07465265E+01  -1.01688814E+01   5.77645057E-01
    212  -1.07478332E+01  -1.01700336E+01   5.77799617E-01
    213  -1.07487084E+01  -1.01707642E+01   5.77944249E-01
    214  -1.07495712E+01  -1.01714988E+01   5.78072375E-01
    215  -1.07502154E+01  -1.01721121E+01   5.78103303E-01
    216  -1.07508654E+01  -1.01727295E+01   5.78135902E-01
    217  -1.07513388E+01  -1.01731039E+01   5.78234904E-01
    218  -1.07518121E+01  -1.01734709E+01   5.78341265E-01
    219  -1.07524978E+01  -1.01740223E+01   5.78475480E-01
    220  -1.07531949E+01  -1.01745686E+01   5.78626317E-01
    221  -1.07537909E+01  -1.01751093E+01   5.78681673E-01
    222  -1.07543623E+01  -1.01756240E+01   5.78738273E-01
    223  -1.07551711E+01  -1.01763090E+01   5.78862139E-01
    224  -1.07559551E+01  -1.01770027E+01   5.78952418E-01
    225  -1.07565148E+01  -1.01774775E+01   5.79037316E-01
    226  -1.07571103E+01  -1.01779485E+01   5.79161793E-01
    227  -1.07580827E+01  -1.01787687E+01   5.79313918E-01
    228  -1.07590548E+01  -1.01796122E+01   5.79442609E-01
    229  -1.07595218E+01  -1.01800068E+01   5.79515000E-01
    230  -1.07599867E+01  -1.01804021E+01   5.79584610E-01
    231  -1.07606326E+01  -1.01809511E+01   5.79681524E-01
    232  -1.07612572E+01  -1.01814823E+01   5.79774952E-01
    233  -1.07616384E+01  -1.01818022E+01   5.79836217E-01
    234  -1.07620250E+01  -1.01821231E+01   5.79901833E-01
    235  -1.07625526E+01  -1.01825803E+01   5.79972340E-01
    236  -1.07630768E+01  -1.01830385E+01   5.80038266E-01
    237  -1.07636976E+01  -1.01835770E+01   5.80120592E-01
    238  -1.07643309E+01  -1.01841129E+01   5.80217922E-01
    239  -1.07647793E+01  -1.01844561E+01   5.80323261E-01
    240  -1.07652229E+01  -1.01848003E+01   5.80422617E-01
    241  -1.07655797E+01  -1.01850921E+01   5.80487539E-01
    242  -1.07659321E+01  -1.01853903E+01   5.80541749E-01
    243  -1.07662272E+01  -1.01856622E+01   5.80564976E-01
    244  -1.07665340E+01  -1.01859356E+01   5.80598396E-01
    245  -1.07674281E+01  -1.01866423E+01   5.80785750E-01
    246  -1.07683026E+01  -1.01873551E+01   5.80947573E-01
    247  -1.07686521E+01  -1.01876858E+01   5.80966312E-01
    248  -1.07690087E+01  -1.01880015E+01   5.81007218E-01
    249  -1.07692091E+01  -1.01881713E+01   5.81037886E-01
    250  -1.07694185E+01  -1.01883389E+01   5.81079555E-01
    251  -1.07699683E+01  -1.01888091E+01   5.81159178E-01
    252  -1.07705250E+01  -1.01892719E+01   5.81253085E-01
    253  -1.07710957E+01  -1.01897427E+01   5.81353026E-01
    254  -1.07716585E+01  -1.01902207E+01   5.81437862E-01
    255  -1.07719383E+01  -1.01904664E+01   5.81471985E-01
    256  -1.07722198E+01  -1.01907147E+01   5.81505096E-01
    257  -1.07726348E+01  -1.01910485E+01   5.81586218E-01
    258  -1.07730540E+01  -1.01913784E+01   5.81675585E-01
    259  -1.07735311E+01  -1.01917678E+01   5.81763324E-01
    260  -1.07740014E+01  -1.01921578E+01   5.81843595E-01
    261  -1.07741529E+01  -1.01922817E+01   5.81871140E-01
    262  -1.07742957E+01  -1.01923997E+01   5.81895999E-01
    263  -1.07746782E+01  -1.01927354E+01   5.81942836E-01
    264  -1.07750576E+01  -1.01930597E+01   5.81997878E-01
    265  -1.07754868E+01  -1.01934207E+01   5.82066100E-01
    266  -1.07759196E+01  -1.01937588E+01   5.82160822E-01
    267  -1.07763341E+01  -1.01941102E+01   5.82223929E-01
    268  -1.07767563E+01  -1.01944580E+01   5.82298237E-01
    269  -1.07769216E+01  -1.01945956E+01   5.82325928E-01
    270  -1.07770862E+01  -1.01947320E+01   5.82354137E-01
    271  -1.07773911E+01  -1.01949939E+01   5.82397218E-01
    272  -1.07777045E+01  -1.01952484E+01   5.82456100E-01
    273  -1.07780129E+01  -1.01955306E+01   5.82482300E-01
    274  -1.07783292E+01  -1.01958096E+01   5.82519618E-01
    275  -1.07784238E+01  -1.01958880E+01   5.82535721E-01
    276  -1.07785149E+01  -1.01959694E+01   5.82545523E-01
    277  -1.07788106E+01  -1.01962045E+01   5.82606077E-01
    278  -1.07790945E+01  -1.01964355E+01   5.82659033E-01
    279  -1.07793131E+01  -1.01966168E+01   5.82696347E-01
    280  -1.07795332E+01  -1.01967957E+01   5.82737453E-01
    281  -1.07798410E+01  -1.01970429E+01   5.82798066E-01
    282  -1.07801499E+01  -1.01972934E+01   5.82856517E-01
    283  -1.07804346E+01  -1.01975343E+01   5.82900250E-01
    284  -1.07807134E+01  -1.01977753E+01   5.82938153E-01
    285  -1.07808775E+01  -1.01979202E+01   5.82957269E-01
    286  -1.07810364E+01  -1.01980637E+01   5.82972713E-01
    287  -1.07812054E+01  -1.01981986E+01   5.83006727E-01
    288  -1.07813745E+01  -1.01983371E+01   5.83037400E-01
    289  -1.07815583E+01  -1.01985030E+01   5.83055317E-01
    290  -1.07817413E+01  -1.01986662E+01   5.83075158E-01
    291  -1.07819055E+01  -1.01988035E+01   5.83102006E-01
    292  -1.07820674E+01  -1.01989405E+01   5.83126930E-01
    293  -1.07822144E+01  -1.01990706E+01   5.83143857E-01
    294  -1.07823669E+01  -1.01992019E+01   5.83165058E-01
    295  -1.07824650E+01  -1.01992878E+01   5.83177176E-01
    296  -1.07825607E+01  -1.01993713E+01   5.83189405E-01
    297  -1.07826988E+01  -1.01995011E+01   5.83197720E-01
    298  -1.07828439E+01  -1.01996305E+01   5.83213404E-01
    299  -1.07829785E+01  -1.01997504E+01   5.83228035E-01
    300  -1.07831118E+01  -1.01998691E+01   5.83242689E-01
    301  -1.07832139E+01  -1.01999598E+01   5.83254068E-01
    302  -1.07833144E+01  -1.02000527E+01   5.83261719E-01
    303  -1.07834179E+01  -1.02001509E+01   5.83267006E-01
    304  -1.07835208E+01  -1.02002479E+01   5.83272842E-01
    305  -1.07836021E+01  -1.02003231E+01   5.83279053E-01
# k =   0.000000   0.500000   0.500000 spin = 1
# <ib|Sigma_CH[1..Nb]|ib> (eV), partial and symmetrized sum with up to Nb "inner" bands
# Reporting only VBM and CBM, use 'full_ch_conv_log 1' keyword for full report.
# 1/N extrap for CH(vbm) CH(cbm) diff =  -1.05297723E+01  -9.17548154E+00   1.35429078E+00
# Error est. for CH(vbm) CH(cbm) diff =   4.26711870E-02   3.20851131E-02  -1.05860739E-02
#    Nb          CH(vbm)          CH(cbm)             diff
      1  -3.49959776E-01  -1.71368111E-01   1.78591665E-01
      2  -7.00049498E-01  -3.42749790E-01   3.57299708E-01
      3  -1.01503242E+00  -5.78262477E-01   4.36769939E-01
      4  -1.32983392E+00  -8.13770579E-01   5.16063337E-01
      5  -2.23212038E+00  -9.27871279E-01   1.30424910E+00
      6  -3.12816444E+00  -1.04499149E+00   2.08317295E+00
      7  -4.02975191E+00  -1.15953966E+00   2.87021225E+00
      8  -4.93407971E+00  -1.27253340E+00   3.66154631E+00
      9  -5.07560806E+00  -2.08835123E+00   2.98725682E+00
     10  -5.21728197E+00  -2.90431897E+00   2.31296300E+00
     11  -5.42881063E+00  -3.67824568E+00   1.75056496E+00
     12  -5.62480135E+00  -4.47269161E+00   1.15210974E+00
     13  -5.81151175E+00  -4.63668530E+00   1.17482644E+00
     14  -6.00042549E+00  -4.79800805E+00   1.20241744E+00
     15  -6.07519335E+00  -5.02507544E+00   1.05011791E+00
     16  -6.15095930E+00  -5.25119506E+00   8.99764242E-01
     17  -6.60770361E+00  -5.61038063E+00   9.97322978E-01
     18  -7.04120673E+00  -5.99065575E+00   1.05055098E+00
     19  -7.33765825E+00  -6.26608816E+00   1.07157009E+00
     20  -7.63202450E+00  -6.60597739E+00   1.02604711E+00
     21  -7.68410877E+00  -6.65676410E+00   1.02734467E+00
     22  -7.73620319E+00  -6.70757352E+00   1.02862967E+00
     23  -7.79086385E+00  -6.75552863E+00   1.03533522E+00
     24  -7.84552992E+00  -6.80349990E+00   1.04203002E+00
     25  -8.04668896E+00  -7.00227205E+00   1.04441691E+00
     26  -8.23885047E+00  -7.23014342E+00   1.00870705E+00
     27  -8.26939194E+00  -7.27029985E+00   9.99092094E-01
     28  -8.29993629E+00  -7.31047610E+00   9.89460187E-01
     29  -8.38494842E+00  -7.38602677E+00   9.98921650E-01
     30  -8.47057433E+00  -7.44692108E+00   1.02365325E+00
     31  -8.56713431E+00  -7.50636248E+00   1.06077183E+00
     32  -8.67431854E+00  -7.56128444E+00   1.11303410E+00
     33  -8.70491127E+00  -7.59043130E+00   1.11447998E+00
     34  -8.73485358E+00  -7.61752505E+00   1.11732852E+00
     35  -8.80151925E+00  -7.68310596E+00   1.11841329E+00
     36  -8.86653685E+00  -7.74750691E+00   1.11902995E+00
     37  -8.92348935E+00  -7.81198677E+00   1.11150258E+00
     38  -8.97951318E+00  -7.87163178E+00   1.10788140E+00
     39  -9.01803113E+00  -7.91438450E+00   1.10364663E+00
     40  -9.05581292E+00  -7.95742553E+00   1.09838740E+00
     41  -9.08805926E+00  -7.98893378E+00   1.09912548E+00
     42  -9.12037284E+00  -8.02096683E+00   1.09940601E+00
     43  -9.18421545E+00  -8.08034561E+00   1.10386984E+00
     44  -9.24355410E+00  -8.13804771E+00   1.10550639E+00
     45  -9.27598961E+00  -8.16557516E+00   1.11041445E+00
     46  -9.30953319E+00  -8.18335684E+00   1.12617635E+00
     47  -9.33920737E+00  -8.20383092E+00   1.13537645E+00
     48  -9.36935449E+00  -8.22420929E+00   1.14514520E+00
     49  -9.38592242E+00  -8.23590737E+00   1.15001505E+00
     50  -9.40252313E+00  -8.24758613E+00   1.15493700E+00
     51  -9.43727965E+00  -8.27550564E+00   1.16177401E+00
     52  -9.47288487E+00  -8.30253869E+00   1.17034618E+00
     53  -9.50479646E+00  -8.32939869E+00   1.17539777E+00
     54  -9.53272599E+00  -8.35769483E+00   1.17503115E+00
     55  -9.54876506E+00  -8.37535911E+00   1.17340595E+00
     56  -9.56598048E+00  -8.39348010E+00   1.17250038E+00
     57  -9.60295539E+00  -8.42826628E+00   1.17468910E+00
     58  -9.63820846E+00  -8.45975485E+00   1.17845361E+00
     59  -9.65205634E+00  -8.47427956E+00   1.17777678E+00
     60  -9.66692426E+00  -8.48883488E+00   1.17808938E+00
     61  -9.67379461E+00  -8.49475988E+00   1.17903474E+00
     62  -9.68066404E+00  -8.50068400E+00   1.17998004E+00
     63  -9.69565933E+00  -8.51359158E+00   1.18206774E+00
     64  -9.71105646E+00  -8.52638640E+00   1.18467006E+00
     65  -9.73284905E+00  -8.54646401E+00   1.18638504E+00
     66  -9.75568946E+00  -8.56653481E+00   1.18915465E+00
     67  -9.77763471E+00  -8.58413017E+00   1.19350454E+00
     68  -9.79931164E+00  -8.60164631E+00   1.19766533E+00
     69  -9.81502800E+00  -8.61327107E+00   1.20175693E+00
     70  -9.83060685E+00  -8.62502750E+00   1.20557935E+00
     71  -9.84743442E+00  -8.64026077E+00   1.20717365E+00
     72  -9.86491992E+00  -8.65486253E+00   1.21005738E+00
     73  -9.87776458E+00  -8.66496753E+00   1.21279704E+00
     74  -9.89133322E+00  -8.67264179E+00   1.21869144E+00
     75  -9.90817792E+00  -8.68441418E+00   1.22376374E+00
     76  -9.92527155E+00  -8.69642144E+00   1.22885010E+00
     77  -9.93887471E+00  -8.70828900E+00   1.23058571E+00
     78  -9.95096408E+00  -8.71870749E+00   1.23225659E+00
     79  -9.97069585E+00  -8.73590370E+00   1.23479215E+00
     80  -9.99098489E+00  -8.75336606E+00   1.23761883E+00
     81  -9.99594413E+00  -8.75862524E+00   1.23731890E+00
     82  -1.00010947E+01  -8.76386645E+00   1.23722824E+00
     83  -1.00090649E+01  -8.77068542E+00   1.23837951E+00
     84  -1.00180399E+01  -8.77722656E+00   1.24081332E+00
     85  -1.00323460E+01  -8.78893065E+00   1.24341540E+00
     86  -1.00469148E+01  -8.80064567E+00   1.24626909E+00
     87  -1.00631709E+01  -8.81459314E+00   1.24857781E+00
     88  -1.00796986E+01  -8.82816261E+00   1.25153600E+00
     89  -1.00856853E+01  -8.83291037E+00   1.25277490E+00
     90  -1.00918477E+01  -8.83807826E+00   1.25376946E+00
     91  -1.00972259E+01  -8.84251085E+00   1.25471506E+00
     92  -1.01025192E+01  -8.84693939E+00   1.25557983E+00
     93  -1.01112969E+01  -8.85475243E+00   1.25654448E+00
     94  -1.01216470E+01  -8.86279577E+00   1.25885122E+00
     95  -1.01318134E+01  -8.87074817E+00   1.26106522E+00
     96  -1.01421600E+01  -8.87866712E+00   1.26349286E+00
     97  -1.01454535E+01  -8.88111902E+00   1.26433447E+00
     98  -1.01487175E+01  -8.88357225E+00   1.26514522E+00
     99  -1.01572211E+01  -8.88966622E+00   1.26755492E+00
    100  -1.01655740E+01  -8.89537021E+00   1.27020383E+00
    101  -1.01756287E+01  -8.90291738E+00   1.27271135E+00
    102  -1.01854745E+01  -8.91022837E+00   1.27524610E+00
    103  -1.01919390E+01  -8.91568655E+00   1.27625247E+00
    104  -1.01983313E+01  -8.92116934E+00   1.27716192E+00
    105  -1.02024100E+01  -8.92467565E+00   1.27773440E+00
    106  -1.02065575E+01  -8.92821430E+00   1.27834320E+00
    107  -1.02135549E+01  -8.93353684E+00   1.28001802E+00
    108  -1.02208185E+01  -8.93882273E+00   1.28199574E+00
    109  -1.02284229E+01  -8.94478517E+00   1.28363774E+00
    110  -1.02358102E+01  -8.95093780E+00   1.28487243E+00
    111  -1.02423472E+01  -8.95623670E+00   1.28611052E+00
    112  -1.02487845E+01  -8.96156588E+00   1.28721861E+00
    113  -1.02540668E+01  -8.96552464E+00   1.28854215E+00
    114  -1.02591938E+01  -8.96963240E+00   1.28956143E+00
    115  -1.02620718E+01  -8.97145628E+00   1.29061550E+00
    116  -1.02648269E+01  -8.97342151E+00   1.29140542E+00
    117  -1.02689507E+01  -8.97666435E+00   1.29228636E+00
    118  -1.02731550E+01  -8.97980890E+00   1.29334611E+00
    119  -1.02767931E+01  -8.98269189E+00   1.29410125E+00
    120  -1.02803335E+01  -8.98545957E+00   1.29487391E+00
    121  -1.02841238E+01  -8.98860535E+00   1.29551843E+00
    122  -1.02878293E+01  -8.99171614E+00   1.29611314E+00
    123  -1.02916735E+01  -8.99467891E+00   1.29699459E+00
    124  -1.02957307E+01  -8.99772091E+00   1.29800975E+00
    125  -1.03011153E+01  -9.00139446E+00   1.29972089E+00
    126  -1.03064120E+01  -9.00518476E+00   1.30122722E+00
    127  -1.03116628E+01  -9.00940258E+00   1.30226017E+00
    128  -1.03170103E+01  -9.01349775E+00   1.30351256E+00
    129  -1.03203573E+01  -9.01632366E+00   1.30403367E+00
    130  -1.03238078E+01  -9.01906066E+00   1.30474713E+00
    131  -1.03271654E+01  -9.02198325E+00   1.30518211E+00
    132  -1.03303883E+01  -9.02491289E+00   1.30547546E+00
    133  -1.03331143E+01  -9.02705908E+00   1.30605517E+00
    134  -1.03360260E+01  -9.02925165E+00   1.30677433E+00
    135  -1.03387997E+01  -9.03167602E+00   1.30712372E+00
    136  -1.03415272E+01  -9.03403150E+00   1.30749572E+00
    137  -1.03458870E+01  -9.03753293E+00   1.30835403E+00
    138  -1.03503313E+01  -9.04102927E+00   1.30930199E+00
    139  -1.03539174E+01  -9.04369568E+00   1.31022175E+00
    140  -1.03574325E+01  -9.04635596E+00   1.31107654E+00
    141  -1.03587997E+01  -9.04743517E+00   1.31136454E+00
    142  -1.03601510E+01  -9.04851731E+00   1.31163370E+00
    143  -1.03621069E+01  -9.05000221E+00   1.31210472E+00
    144  -1.03641552E+01  -9.05151796E+00   1.31263722E+00
    145  -1.03659155E+01  -9.05290799E+00   1.31300752E+00
    146  -1.03677169E+01  -9.05441192E+00   1.31330503E+00
    147  -1.03704863E+01  -9.05682382E+00   1.31366247E+00
    148  -1.03732703E+01  -9.05904145E+00   1.31422881E+00
    149  -1.03760150E+01  -9.06111679E+00   1.31489819E+00
    150  -1.03786911E+01  -9.06330063E+00   1.31539047E+00
    151  -1.03812300E+01  -9.06526388E+00   1.31596613E+00
    152  -1.03838301E+01  -9.06718478E+00   1.31664533E+00
    153  -1.03848379E+01  -9.06805478E+00   1.31678311E+00
    154  -1.03858580E+01  -9.06892269E+00   1.31693527E+00
    155  -1.03881471E+01  -9.07082412E+00   1.31732298E+00
    156  -1.03904131E+01  -9.07265881E+00   1.31775432E+00
    157  -1.03928290E+01  -9.07453014E+00   1.31829888E+00
    158  -1.03953640E+01  -9.07634268E+00   1.31902135E+00
    159  -1.03958339E+01  -9.07674283E+00   1.31909107E+00
    160  -1.03963008E+01  -9.07714538E+00   1.31915541E+00
    161  -1.03978183E+01  -9.07844640E+00   1.31937193E+00
    162  -1.03993707E+01  -9.07968430E+00   1.31968639E+00
    163  -1.04004913E+01  -9.08047618E+00   1.32001511E+00
    164  -1.04016154E+01  -9.08126455E+00   1.32035084E+00
    165  -1.04038752E+01  -9.08290828E+00   1.32096692E+00
    166  -1.04061921E+01  -9.08446415E+00   1.32172794E+00
    167  -1.04083442E+01  -9.08610220E+00   1.32224197E+00
    168  -1.04104711E+01  -9.08766251E+00   1.32280857E+00
    169  -1.04121149E+01  -9.08898158E+00   1.32313331E+00
    170  -1.04136867E+01  -9.09031389E+00   1.32337280E+00
    171  -1.04144329E+01  -9.09093511E+00   1.32349779E+00
    172  -1.04151885E+01  -9.09154606E+00   1.32364246E+00
    173  -1.04173377E+01  -9.09305256E+00   1.32428515E+00
    174  -1.04194743E+01  -9.09456472E+00   1.32490955E+00
    175  -1.04201050E+01  -9.09503787E+00   1.32506715E+00
    176  -1.04207582E+01  -9.09550442E+00   1.32525375E+00
    177  -1.04224611E+01  -9.09682557E+00   1.32563549E+00
    178  -1.04241431E+01  -9.09819268E+00   1.32595044E+00
    179  -1.04251642E+01  -9.09898859E+00   1.32617564E+00
    180  -1.04261942E+01  -9.09975340E+00   1.32644075E+00
    181  -1.04274666E+01  -9.10075911E+00   1.32670746E+00
    182  -1.04287693E+01  -9.10171060E+00   1.32705870E+00
    183  -1.04295029E+01  -9.10230357E+00   1.32719931E+00
    184  -1.04301967E+01  -9.10288369E+00   1.32731305E+00
    185  -1.04311793E+01  -9.10356220E+00   1.32761714E+00
    186  -1.04321363E+01  -9.10424729E+00   1.32788897E+00
    187  -1.04337941E+01  -9.10537829E+00   1.32841578E+00
    188  -1.04354089E+01  -9.10648560E+00   1.32892329E+00
    189  -1.04366347E+01  -9.10740928E+00   1.32922538E+00
    190  -1.04378321E+01  -9.10831793E+00   1.32951420E+00
    191  -1.04390135E+01  -9.10916371E+00   1.32984984E+00
    192  -1.04401776E+01  -9.11003432E+00   1.33014331E+00
    193  -1.04404950E+01  -9.11025829E+00   1.33023669E+00
    194  -1.04408073E+01  -9.11048016E+00   1.33032717E+00
    195  -1.04415860E+01  -9.11106992E+00   1.33051609E+00
    196  -1.04423760E+01  -9.11165835E+00   1.33071764E+00
    197  -1.04437102E+01  -9.11260605E+00   1.33110420E+00
    198  -1.04450527E+01  -9.11355496E+00   1.33149777E+00
    199  -1.04455322E+01  -9.11391812E+00   1.33161404E+00
    200  -1.04460243E+01  -9.11427683E+00   1.33174749E+00
    201  -1.04465852E+01  -9.11469567E+00   1.33188958E+00
    202  -1.04471367E+01  -9.11511877E+00   1.33201791E+00
    203  -1.04482400E+01  -9.11592513E+00   1.33231486E+00
    204  -1.04493701E+01  -9.11673916E+00   1.33263095E+00
    205  -1.04499080E+01  -9.11709176E+00   1.33281621E+00
    206  -1.04504221E+01  -9.11746161E+00   1.33296048E+00
    207  -1.04512584E+01  -9.11805470E+00   1.33320371E+00
    208  -1.04521126E+01  -9.11866992E+00   1.33344266E+00
    209  -1.04526730E+01  -9.11907007E+00   1.33360290E+00
    210  -1.04532517E+01  -9.11946979E+00   1.33378186E+00
    211  -1.04543994E+01  -9.12024164E+00   1.33415772E+00
    212  -1.04555216E+01  -9.12102065E+00   1.33450096E+00
    213  -1.04563037E+01  -9.12158922E+00   1.33471452E+00
    214  -1.04570776E+01  -9.12215300E+00   1.33492464E+00
    215  -1.04576553E+01  -9.12262822E+00   1.33502709E+00
    216  -1.04582349E+01  -9.12310504E+00   1.33512989E+00
    217  -1.04586407E+01  -9.12337645E+00   1.33526423E+00
    218  -1.04590424E+01  -9.12364779E+00   1.33539460E+00
    219  -1.04596585E+01  -9.12405284E+00   1.33560568E+00
    220  -1.04602687E+01  -9.12446014E+00   1.33580853E+00
    221  -1.04607991E+01  -9.12484716E+00   1.33595195E+00
    222  -1.04613128E+01  -9.12523534E+00   1.33607746E+00
    223  -1.04619898E+01  -9.12572156E+00   1.33626819E+00
    224  -1.04626961E+01  -9.12620623E+00   1.33648986E+00
    225  -1.04631867E+01  -9.12652215E+00   1.33666454E+00
    226  -1.04636913E+01  -9.12683854E+00   1.33685281E+00
    227  -1.04645493E+01  -9.12743880E+00   1.33711053E+00
    228  -1.04653959E+01  -9.12804773E+00   1.33734818E+00
    229  -1.04658118E+01  -9.12833648E+00   1.33747536E+00
    230  -1.04662299E+01  -9.12861908E+00   1.33761083E+00
    231  -1.04667849E+01  -9.12900614E+00   1.33777880E+00
    232  -1.04673377E+01  -9.12938774E+00   1.33794998E+00
    233  -1.04676639E+01  -9.12961639E+00   1.33804749E+00
    234  -1.04680000E+01  -9.12984434E+00   1.33815562E+00
    235  -1.04684676E+01  -9.13019510E+00   1.33827254E+00
    236  -1.04689324E+01  -9.13054767E+00   1.33838473E+00
    237  -1.04694976E+01  -9.13095041E+00   1.33854717E+00
    238  -1.04700603E+01  -9.13135465E+00   1.33870567E+00
    239  -1.04704473E+01  -9.13161367E+00   1.33883364E+00
    240  -1.04708314E+01  -9.13186722E+00   1.33896416E+00
    241  -1.04711441E+01  -9.13208522E+00   1.33905886E+00
    242  -1.04714597E+01  -9.13230219E+00   1.33915750E+00
    243  -1.04717140E+01  -9.13248543E+00   1.33922857E+00
    244  -1.04719810E+01  -9.13266771E+00   1.33931330E+00
    245  -1.04727344E+01  -9.13317478E+00   1.33955963E+00
    246  -1.04734823E+01  -9.13366611E+00   1.33981617E+00
    247  -1.04737980E+01  -9.13390199E+00   1.33989599E+00
    248  -1.04741213E+01  -9.13413306E+00   1.33998823E+00
    249  -1.04743019E+01  -9.13425640E+00   1.34004548E+00
    250  -1.04744832E+01  -9.13438353E+00   1.34009968E+00
    251  -1.04749795E+01  -9.13473851E+00   1.34024099E+00
    252  -1.04754746E+01  -9.13508911E+00   1.34038547E+00
    253  -1.04759773E+01  -9.13541439E+00   1.34056287E+00
    254  -1.04764719E+01  -9.13574575E+00   1.34072615E+00
    255  -1.04767266E+01  -9.13594199E+00   1.34078465E+00
    256  -1.04769828E+01  -9.13613860E+00   1.34084420E+00
    257  -1.04773444E+01  -9.13638300E+00   1.34096144E+00
    258  -1.04777078E+01  -9.13662067E+00   1.34108712E+00
    259  -1.04781198E+01  -9.13690836E+00   1.34121142E+00
    260  -1.04785258E+01  -9.13719179E+00   1.34133398E+00
    261  -1.04786489E+01  -9.13727068E+00   1.34137826E+00
    262  -1.04787748E+01  -9.13734678E+00   1.34142801E+00
    263  -1.04791090E+01  -9.13757474E+00   1.34153428E+00
    264  -1.04794413E+01  -9.13780276E+00   1.34163852E+00
    265  -1.04798260E+01  -9.13806584E+00   1.34176016E+00
    266  -1.04802057E+01  -9.13832537E+00   1.34188030E+00
    267  -1.04805802E+01  -9.13859474E+00   1.34198547E+00
    268  -1.04809618E+01  -9.13886108E+00   1.34210068E+00
    269  -1.04811049E+01  -9.13896148E+00   1.34214343E+00
    270  -1.04812500E+01  -9.13906121E+00   1.34218880E+00
    271  -1.04815188E+01  -9.13923755E+00   1.34228127E+00
    272  -1.04817904E+01  -9.13941657E+00   1.34237378E+00
    273  -1.04820754E+01  -9.13962828E+00   1.34244715E+00
    274  -1.04823639E+01  -9.13983916E+00   1.34252470E+00
    275  -1.04824461E+01  -9.13989623E+00   1.34254986E+00
    276  -1.04825283E+01  -9.13995393E+00   1.34257440E+00
    277  -1.04827866E+01  -9.14012498E+00   1.34266165E+00
    278  -1.04830401E+01  -9.14029758E+00   1.34274257E+00
    279  -1.04832340E+01  -9.14043044E+00   1.34280359E+00
    280  -1.04834289E+01  -9.14056348E+00   1.34286538E+00
    281  -1.04837052E+01  -9.14076071E+00   1.34294445E+00
    282  -1.04839831E+01  -9.14096184E+00   1.34302130E+00
    283  -1.04842400E+01  -9.14114388E+00   1.34309616E+00
    284  -1.04844958E+01  -9.14132967E+00   1.34316615E+00
    285  -1.04846453E+01  -9.14144675E+00   1.34319850E+00
    286  -1.04847926E+01  -9.14156401E+00   1.34322859E+00
    287  -1.04849423E+01  -9.14167277E+00   1.34326953E+00
    288  -1.04850948E+01  -9.14177814E+00   1.34331666E+00
    289  -1.04852650E+01  -9.14190568E+00   1.34335929E+00
    290  -1.04854304E+01  -9.14203135E+00   1.34339910E+00
    291  -1.04855806E+01  -9.14214399E+00   1.34343663E+00
    292  -1.04857282E+01  -9.14225602E+00   1.34347216E+00
    293  -1.04858611E+01  -9.14236328E+00   1.34349782E+00
    294  -1.04859954E+01  -9.14246784E+00   1.34352759E+00
    295  -1.04860845E+01  -9.14254046E+00   1.34354402E+00
    296  -1.04861747E+01  -9.14261144E+00   1.34356331E+00
    297  -1.04863028E+01  -9.14271820E+00   1.34358462E+00
    298  -1.04864302E+01  -9.14282191E+00   1.34360827E+00
    299  -1.04865464E+01  -9.14291700E+00   1.34362942E+00
    300  -1.04866624E+01  -9.14301302E+00   1.34364941E+00
    301  -1.04867550E+01  -9.14309002E+00   1.34366500E+00
    302  -1.04868431E+01  -9.14316647E+00   1.34367662E+00
    303  -1.04869381E+01  -9.14325086E+00   1.34368721E+00
    304  -1.04870309E+01  -9.14333457E+00   1.34369637E+00
    305  -1.04871011E+01  -9.14339643E+00   1.34370471E+00
# k =   0.500000   0.500000   0.500000 spin = 1
# <ib|Sigma_CH[1..Nb]|ib> (eV), partial and symmetrized sum with up to Nb "inner" bands
# Reporting only VBM and CBM, use 'full_ch_conv_log 1' keyword for full report.
# 1/N extrap for CH(vbm) CH(cbm) diff =  -1.08191057E+01  -1.02980055E+01   5.21100125E-01
# Error est. for CH(vbm) CH(cbm) diff =   4.74349256E-02   4.06309352E-02  -6.80399038E-03
#    Nb          CH(vbm)          CH(cbm)             diff
      1  -2.94813125E-01  -2.65992547E-01   2.88205777E-02
      2  -6.00446873E-01  -5.16586340E-01   8.38605334E-02
      3  -8.83089942E-01  -7.60078749E-01   1.23011193E-01
      4  -1.15587408E+00  -1.01725148E+00   1.38622596E-01
      5  -1.50095275E+00  -1.12650671E+00   3.74446035E-01
      6  -1.79576362E+00  -1.26165627E+00   5.34107356E-01
      7  -3.45056723E+00  -1.36850530E+00   2.08206193E+00
      8  -4.95425053E+00  -1.52647161E+00   3.42777892E+00
      9  -5.06050567E+00  -3.00364134E+00   2.05686433E+00
     10  -5.16775220E+00  -4.47475910E+00   6.92993105E-01
     11  -5.32231770E+00  -4.60873871E+00   7.13578997E-01
     12  -5.48675655E+00  -4.73374061E+00   7.53015940E-01
     13  -5.63139151E+00  -4.91342469E+00   7.17966819E-01
     14  -5.77095338E+00  -5.10433672E+00   6.66616656E-01
     15  -5.85750761E+00  -5.31376741E+00   5.43740200E-01
     16  -5.94402167E+00  -5.52182906E+00   4.22192613E-01
     17  -6.29162805E+00  -5.88305416E+00   4.08573896E-01
     18  -6.73000729E+00  -6.25299198E+00   4.77015316E-01
     19  -7.14685217E+00  -6.70402862E+00   4.42823545E-01
     20  -7.50854498E+00  -7.18760439E+00   3.20940587E-01
     21  -7.56845517E+00  -7.25266611E+00   3.15789060E-01
     22  -7.62767142E+00  -7.31924749E+00   3.08423929E-01
     23  -7.69064414E+00  -7.37087116E+00   3.19772980E-01
     24  -7.75363404E+00  -7.42251261E+00   3.31121424E-01
     25  -7.94279399E+00  -7.58261762E+00   3.60176371E-01
     26  -8.13385838E+00  -7.77867617E+00   3.55182213E-01
     27  -8.15978906E+00  -7.83196223E+00   3.27826829E-01
     28  -8.18539859E+00  -7.88471895E+00   3.00679642E-01
     29  -8.28087360E+00  -7.99142113E+00   2.89452467E-01
     30  -8.38191036E+00  -8.06839632E+00   3.13514037E-01
     31  -8.51588180E+00  -8.16088897E+00   3.54992832E-01
     32  -8.66854845E+00  -8.25602810E+00   4.12520349E-01
     33  -8.70746857E+00  -8.28738134E+00   4.20087229E-01
     34  -8.74168877E+00  -8.31309728E+00   4.28591489E-01
     35  -8.82203218E+00  -8.39202603E+00   4.30006149E-01
     36  -8.90000588E+00  -8.47270878E+00   4.27297096E-01
     37  -8.96280129E+00  -8.54410394E+00   4.18697347E-01
     38  -9.02508018E+00  -8.61549686E+00   4.09583315E-01
     39  -9.06233783E+00  -8.66167166E+00   4.00666172E-01
     40  -9.10015026E+00  -8.70389600E+00   3.96254254E-01
     41  -9.13800766E+00  -8.73675285E+00   4.01254806E-01
     42  -9.17247236E+00  -8.76103143E+00   4.11440933E-01
     43  -9.23696825E+00  -8.84096236E+00   3.96005892E-01
     44  -9.30104763E+00  -8.91801698E+00   3.83030657E-01
     45  -9.33923420E+00  -8.95225978E+00   3.86974419E-01
     46  -9.38488884E+00  -8.98431919E+00   4.00569648E-01
     47  -9.41859353E+00  -9.01173919E+00   4.06854333E-01
     48  -9.45305780E+00  -9.03657556E+00   4.16482236E-01
     49  -9.47220697E+00  -9.05422064E+00   4.17986325E-01
     50  -9.49140100E+00  -9.07198113E+00   4.19419864E-01
     51  -9.53042139E+00  -9.10712839E+00   4.23293001E-01
     52  -9.56911350E+00  -9.14090288E+00   4.28210619E-01
     53  -9.60431192E+00  -9.17773558E+00   4.26576343E-01
     54  -9.64019417E+00  -9.21397487E+00   4.26219304E-01
     55  -9.66014417E+00  -9.23145414E+00   4.28690030E-01
     56  -9.67853223E+00  -9.24980763E+00   4.28724601E-01
     57  -9.72110009E+00  -9.29395884E+00   4.27141250E-01
     58  -9.76548459E+00  -9.34015152E+00   4.25333068E-01
     59  -9.78061647E+00  -9.36218818E+00   4.18428283E-01
     60  -9.79811384E+00  -9.38478299E+00   4.13330848E-01
     61  -9.80610060E+00  -9.39188551E+00   4.14215082E-01
     62  -9.81408447E+00  -9.39907369E+00   4.15010782E-01
     63  -9.83261367E+00  -9.41378779E+00   4.18825877E-01
     64  -9.85086801E+00  -9.42810002E+00   4.22767997E-01
     65  -9.87902019E+00  -9.45226333E+00   4.26756864E-01
     66  -9.90599533E+00  -9.47775391E+00   4.28241415E-01
     67  -9.92941438E+00  -9.50006544E+00   4.29348940E-01
     68  -9.95480324E+00  -9.52275916E+00   4.32044081E-01
     69  -9.97356778E+00  -9.53714530E+00   4.36422487E-01
     70  -9.99183725E+00  -9.55207313E+00   4.39764119E-01
     71  -1.00137967E+01  -9.57109199E+00   4.42704668E-01
     72  -1.00335640E+01  -9.58830656E+00   4.45257398E-01
     73  -1.00507677E+01  -9.60021239E+00   4.50555301E-01
     74  -1.00663840E+01  -9.61220850E+00   4.54175545E-01
     75  -1.00875216E+01  -9.62900775E+00   4.58513891E-01
     76  -1.01075674E+01  -9.64803028E+00   4.59537115E-01
     77  -1.01253525E+01  -9.66714983E+00   4.58202690E-01
     78  -1.01386300E+01  -9.68367550E+00   4.54954502E-01
     79  -1.01618075E+01  -9.70432845E+00   4.57479008E-01
     80  -1.01871748E+01  -9.72469833E+00   4.62476484E-01
     81  -1.01929449E+01  -9.73078485E+00   4.62160036E-01
     82  -1.01988720E+01  -9.73648855E+00   4.62383423E-01
     83  -1.02091600E+01  -9.74433871E+00   4.64821344E-01
     84  -1.02201301E+01  -9.75253577E+00   4.67594354E-01
     85  -1.02374567E+01  -9.76733316E+00   4.70123496E-01
     86  -1.02550981E+01  -9.78317876E+00   4.71919360E-01
     87  -1.02737972E+01  -9.80041780E+00   4.73379354E-01
     88  -1.02934411E+01  -9.81611921E+00   4.77321894E-01
     89  -1.03005993E+01  -9.82354613E+00   4.77053190E-01
     90  -1.03073474E+01  -9.82976975E+00   4.77577645E-01
     91  -1.03140647E+01  -9.83596940E+00   4.78095281E-01
     92  -1.03204980E+01  -9.84206455E+00   4.78433461E-01
     93  -1.03310045E+01  -9.85267660E+00   4.78327850E-01
     94  -1.03420067E+01  -9.86275139E+00   4.79255339E-01
     95  -1.03538023E+01  -9.87424981E+00   4.79552456E-01
     96  -1.03654587E+01  -9.88596264E+00   4.79496027E-01
     97  -1.03692710E+01  -9.88909183E+00   4.80179157E-01
     98  -1.03731108E+01  -9.89225140E+00   4.80859437E-01
     99  -1.03832887E+01  -9.90094099E+00   4.82347756E-01
    100  -1.03938071E+01  -9.90954174E+00   4.84265394E-01
    101  -1.04064132E+01  -9.92028754E+00   4.86125712E-01
    102  -1.04189350E+01  -9.93126041E+00   4.87674637E-01
    103  -1.04263451E+01  -9.93821167E+00   4.88133425E-01
    104  -1.04337224E+01  -9.94505246E+00   4.88669899E-01
    105  -1.04384631E+01  -9.95035921E+00   4.88103886E-01
    106  -1.04434704E+01  -9.95593583E+00   4.87534605E-01
    107  -1.04516877E+01  -9.96236041E+00   4.89327255E-01
    108  -1.04601220E+01  -9.96857236E+00   4.91549604E-01
    109  -1.04691448E+01  -9.97727017E+00   4.91874663E-01
    110  -1.04780092E+01  -9.98568376E+00   4.92325431E-01
    111  -1.04854196E+01  -9.99225446E+00   4.93165180E-01
    112  -1.04932524E+01  -9.99990889E+00   4.93343471E-01
    113  -1.04991941E+01  -1.00052109E+01   4.93983196E-01
    114  -1.05051604E+01  -1.00105576E+01   4.94602761E-01
    115  -1.05087745E+01  -1.00130460E+01   4.95728552E-01
    116  -1.05123108E+01  -1.00158575E+01   4.96453307E-01
    117  -1.05173570E+01  -1.00203821E+01   4.96974906E-01
    118  -1.05222235E+01  -1.00249989E+01   4.97224611E-01
    119  -1.05267779E+01  -1.00289278E+01   4.97850110E-01
    120  -1.05309921E+01  -1.00328143E+01   4.98177831E-01
    121  -1.05353806E+01  -1.00371893E+01   4.98191266E-01
    122  -1.05396328E+01  -1.00414579E+01   4.98174828E-01
    123  -1.05441184E+01  -1.00458573E+01   4.98261129E-01
    124  -1.05488529E+01  -1.00504944E+01   4.98358462E-01
    125  -1.05558859E+01  -1.00562257E+01   4.99660159E-01
    126  -1.05623241E+01  -1.00618924E+01   5.00431706E-01
    127  -1.05683240E+01  -1.00682315E+01   5.00092451E-01
    128  -1.05742729E+01  -1.00742705E+01   5.00002393E-01
    129  -1.05780982E+01  -1.00780968E+01   5.00001403E-01
    130  -1.05820611E+01  -1.00817903E+01   5.00270795E-01
    131  -1.05858955E+01  -1.00855531E+01   5.00342404E-01
    132  -1.05895754E+01  -1.00894427E+01   5.00132666E-01
    133  -1.05928104E+01  -1.00924418E+01   5.00368537E-01
    134  -1.05962307E+01  -1.00952960E+01   5.00934631E-01
    135  -1.05996055E+01  -1.00989355E+01   5.00669994E-01
    136  -1.06029479E+01  -1.01024950E+01   5.00452838E-01
    137  -1.06078518E+01  -1.01074325E+01   5.00419319E-01
    138  -1.06128442E+01  -1.01127687E+01   5.00075493E-01
    139  -1.06172806E+01  -1.01169295E+01   5.00351122E-01
    140  -1.06216317E+01  -1.01208314E+01   5.00800311E-01
    141  -1.06231701E+01  -1.01224560E+01   5.00714068E-01
    142  -1.06248863E+01  -1.01239326E+01   5.00953696E-01
    143  -1.06273651E+01  -1.01262885E+01   5.01076565E-01
    144  -1.06298948E+01  -1.01286897E+01   5.01205049E-01
    145  -1.06320205E+01  -1.01306939E+01   5.01326634E-01
    146  -1.06340692E+01  -1.01326953E+01   5.01373898E-01
    147  -1.06371279E+01  -1.01362864E+01   5.00841534E-01
    148  -1.06404400E+01  -1.01397888E+01   5.00651250E-01
    149  -1.06436492E+01  -1.01429823E+01   5.00666842E-01
    150  -1.06469344E+01  -1.01461566E+01   5.00777788E-01
    151  -1.06499963E+01  -1.01487976E+01   5.01198679E-01
    152  -1.06529534E+01  -1.01513966E+01   5.01556796E-01
    153  -1.06540913E+01  -1.01526341E+01   5.01457200E-01
    154  -1.06552091E+01  -1.01539331E+01   5.01276068E-01
    155  -1.06577911E+01  -1.01565936E+01   5.01197581E-01
    156  -1.06604744E+01  -1.01591400E+01   5.01334410E-01
    157  -1.06633310E+01  -1.01615829E+01   5.01748063E-01
    158  -1.06663653E+01  -1.01639022E+01   5.02463144E-01
    159  -1.06668876E+01  -1.01644675E+01   5.02420102E-01
    160  -1.06673964E+01  -1.01650678E+01   5.02328571E-01
    161  -1.06691462E+01  -1.01668584E+01   5.02287780E-01
    162  -1.06709468E+01  -1.01686465E+01   5.02300244E-01
    163  -1.06721904E+01  -1.01699839E+01   5.02206492E-01
    164  -1.06734672E+01  -1.01712398E+01   5.02227408E-01
    165  -1.06761513E+01  -1.01737187E+01   5.02432666E-01
    166  -1.06787363E+01  -1.01762369E+01   5.02499466E-01
    167  -1.06812516E+01  -1.01784953E+01   5.02756288E-01
    168  -1.06838126E+01  -1.01808272E+01   5.02985349E-01
    169  -1.06856088E+01  -1.01825591E+01   5.03049692E-01
    170  -1.06874283E+01  -1.01842977E+01   5.03130641E-01
    171  -1.06883385E+01  -1.01850866E+01   5.03251867E-01
    172  -1.06891813E+01  -1.01859831E+01   5.03198162E-01
    173  -1.06916977E+01  -1.01880894E+01   5.03608356E-01
    174  -1.06941298E+01  -1.01902614E+01   5.03868383E-01
    175  -1.06948985E+01  -1.01910064E+01   5.03892105E-01
    176  -1.06956768E+01  -1.01917021E+01   5.03974658E-01
    177  -1.06976153E+01  -1.01935219E+01   5.04093426E-01
    178  -1.06995209E+01  -1.01954290E+01   5.04091815E-01
    179  -1.07006719E+01  -1.01964678E+01   5.04204084E-01
    180  -1.07018661E+01  -1.01974388E+01   5.04427280E-01
    181  -1.07033866E+01  -1.01987868E+01   5.04599848E-01
    182  -1.07049377E+01  -1.02000751E+01   5.04862546E-01
    183  -1.07057743E+01  -1.02008557E+01   5.04918685E-01
    184  -1.07065579E+01  -1.02016120E+01   5.04945886E-01
    185  -1.07077819E+01  -1.02027005E+01   5.05081415E-01
    186  -1.07089184E+01  -1.02037153E+01   5.05203073E-01
    187  -1.07108943E+01  -1.02054147E+01   5.05479623E-01
    188  -1.07128557E+01  -1.02070969E+01   5.05758771E-01
    189  -1.07141845E+01  -1.02084473E+01   5.05737205E-01
    190  -1.07155323E+01  -1.02096982E+01   5.05834099E-01
    191  -1.07168412E+01  -1.02107886E+01   5.06052590E-01
    192  -1.07181597E+01  -1.02118639E+01   5.06295835E-01
    193  -1.07185169E+01  -1.02121458E+01   5.06371047E-01
    194  -1.07188765E+01  -1.02124289E+01   5.06447576E-01
    195  -1.07197535E+01  -1.02132191E+01   5.06534449E-01
    196  -1.07206488E+01  -1.02140122E+01   5.06636605E-01
    197  -1.07222266E+01  -1.02153026E+01   5.06924076E-01
    198  -1.07237803E+01  -1.02165904E+01   5.07189964E-01
    199  -1.07243236E+01  -1.02170961E+01   5.07227569E-01
    200  -1.07248827E+01  -1.02175979E+01   5.07284809E-01
    201  -1.07255258E+01  -1.02181569E+01   5.07368826E-01
    202  -1.07261509E+01  -1.02187267E+01   5.07424189E-01
    203  -1.07274180E+01  -1.02197594E+01   5.07658604E-01
    204  -1.07287121E+01  -1.02208448E+01   5.07867364E-01
    205  -1.07293288E+01  -1.02213546E+01   5.07974200E-01
    206  -1.07299382E+01  -1.02218716E+01   5.08066557E-01
    207  -1.07309193E+01  -1.02227254E+01   5.08193884E-01
    208  -1.07319006E+01  -1.02236247E+01   5.08275908E-01
    209  -1.07325616E+01  -1.02242366E+01   5.08325027E-01
    210  -1.07332197E+01  -1.02248372E+01   5.08382550E-01
    211  -1.07345370E+01  -1.02259731E+01   5.08563955E-01
    212  -1.07358591E+01  -1.02271202E+01   5.08738853E-01
    213  -1.07367547E+01  -1.02278466E+01   5.08908152E-01
    214  -1.07376285E+01  -1.02285648E+01   5.09063732E-01
    215  -1.07382569E+01  -1.02291951E+01   5.09061796E-01
    216  -1.07389039E+01  -1.02298169E+01   5.09087039E-01
    217  -1.07393808E+01  -1.02301885E+01   5.09192328E-01
    218  -1.07398612E+01  -1.02305524E+01   5.09308782E-01
    219  -1.07405627E+01  -1.02310923E+01   5.09470463E-01
    220  -1.07412648E+01  -1.02316477E+01   5.09617079E-01
    221  -1.07418654E+01  -1.02321799E+01   5.09685492E-01
    222  -1.07424404E+01  -1.02326920E+01   5.09748446E-01
    223  -1.07432338E+01  -1.02333806E+01   5.09853145E-01
    224  -1.07440414E+01  -1.02340594E+01   5.09982010E-01
    225  -1.07446202E+01  -1.02345410E+01   5.10079205E-01
    226  -1.07452332E+01  -1.02350090E+01   5.10224184E-01
    227  -1.07462016E+01  -1.02358499E+01   5.10351725E-01
    228  -1.07471654E+01  -1.02367076E+01   5.10457838E-01
    229  -1.07476281E+01  -1.02371079E+01   5.10520255E-01
    230  -1.07480884E+01  -1.02375020E+01   5.10586392E-01
    231  -1.07487316E+01  -1.02380459E+01   5.10685678E-01
    232  -1.07493777E+01  -1.02385616E+01   5.10816082E-01
    233  -1.07497567E+01  -1.02388783E+01   5.10878424E-01
    234  -1.07501356E+01  -1.02391951E+01   5.10940435E-01
    235  -1.07506554E+01  -1.02396519E+01   5.11003543E-01
    236  -1.07511793E+01  -1.02401139E+01   5.11065319E-01
    237  -1.07518066E+01  -1.02406433E+01   5.11163310E-01
    238  -1.07524367E+01  -1.02411929E+01   5.11243809E-01
    239  -1.07528828E+01  -1.02415303E+01   5.11352461E-01
    240  -1.07533257E+01  -1.02418701E+01   5.11455575E-01
    241  -1.07536816E+01  -1.02421614E+01   5.11520250E-01
    242  -1.07540318E+01  -1.02424556E+01   5.11576184E-01
    243  -1.07543298E+01  -1.02427263E+01   5.11603541E-01
    244  -1.07546408E+01  -1.02429914E+01   5.11649448E-01
    245  -1.07555373E+01  -1.02436969E+01   5.11840391E-01
    246  -1.07563946E+01  -1.02444036E+01   5.11991013E-01
    247  -1.07567498E+01  -1.02447334E+01   5.12016404E-01
    248  -1.07571013E+01  -1.02450560E+01   5.12045363E-01
    249  -1.07573065E+01  -1.02452263E+01   5.12080180E-01
    250  -1.07575144E+01  -1.02453948E+01   5.12119646E-01
    251  -1.07580652E+01  -1.02458648E+01   5.12200450E-01
    252  -1.07586287E+01  -1.02463344E+01   5.12294360E-01
    253  -1.07591956E+01  -1.02468010E+01   5.12394581E-01
    254  -1.07597625E+01  -1.02472853E+01   5.12477193E-01
    255  -1.07600348E+01  -1.02475327E+01   5.12502120E-01
    256  -1.07603157E+01  -1.02477747E+01   5.12541048E-01
    257  -1.07607304E+01  -1.02481171E+01   5.12613297E-01
    258  -1.07611419E+01  -1.02484531E+01   5.12688768E-01
    259  -1.07616093E+01  -1.02488374E+01   5.12771811E-01
    260  -1.07620742E+01  -1.02492290E+01   5.12845183E-01
    261  -1.07622217E+01  -1.02493525E+01   5.12869213E-01
    262  -1.07623719E+01  -1.02494711E+01   5.12900851E-01
    263  -1.07627524E+01  -1.02497983E+01   5.12954098E-01
    264  -1.07631336E+01  -1.02501181E+01   5.13015527E-01
    265  -1.07635635E+01  -1.02504793E+01   5.13084134E-01
    266  -1.07639958E+01  -1.02508248E+01   5.13170994E-01
    267  -1.07644124E+01  -1.02511752E+01   5.13237144E-01
    268  -1.07648306E+01  -1.02515231E+01   5.13307543E-01
    269  -1.07649964E+01  -1.02516579E+01   5.13338433E-01
    270  -1.07651611E+01  -1.02517949E+01   5.13366270E-01
    271  -1.07654649E+01  -1.02520507E+01   5.13414235E-01
    272  -1.07657784E+01  -1.02523104E+01   5.13468017E-01
    273  -1.07660877E+01  -1.02525885E+01   5.13499143E-01
    274  -1.07664040E+01  -1.02528626E+01   5.13541410E-01
    275  -1.07664960E+01  -1.02529421E+01   5.13553881E-01
    276  -1.07665917E+01  -1.02530220E+01   5.13569695E-01
    277  -1.07668841E+01  -1.02532486E+01   5.13635588E-01
    278  -1.07671681E+01  -1.02534855E+01   5.13682542E-01
    279  -1.07673806E+01  -1.02536661E+01   5.13714516E-01
    280  -1.07675989E+01  -1.02538460E+01   5.13752935E-01
    281  -1.07679034E+01  -1.02540970E+01   5.13806435E-01
    282  -1.07682095E+01  -1.02543481E+01   5.13861402E-01
    283  -1.07684879E+01  -1.02545875E+01   5.13900363E-01
    284  -1.07687673E+01  -1.02548362E+01   5.13931119E-01
    285  -1.07689341E+01  -1.02549765E+01   5.13957592E-01
    286  -1.07690957E+01  -1.02551186E+01   5.13977091E-01
    287  -1.07692644E+01  -1.02552556E+01   5.14008787E-01
    288  -1.07694312E+01  -1.02553933E+01   5.14037936E-01
    289  -1.07696169E+01  -1.02555552E+01   5.14061706E-01
    290  -1.07698040E+01  -1.02557135E+01   5.14090485E-01
    291  -1.07699700E+01  -1.02558517E+01   5.14118310E-01
    292  -1.07701355E+01  -1.02559906E+01   5.14144959E-01
    293  -1.07702805E+01  -1.02561227E+01   5.14157877E-01
    294  -1.07704318E+01  -1.02562575E+01   5.14174325E-01
    295  -1.07705327E+01  -1.02563459E+01   5.14186806E-01
    296  -1.07706312E+01  -1.02564303E+01   5.14200807E-01
    297  -1.07707720E+01  -1.02565600E+01   5.14211986E-01
    298  -1.07709124E+01  -1.02566873E+01   5.14225122E-01
    299  -1.07710462E+01  -1.02568048E+01   5.14241363E-01
    300  -1.07711779E+01  -1.02569215E+01   5.14256438E-01
    301  -1.07712818E+01  -1.02570124E+01   5.14269336E-01
    302  -1.07713838E+01  -1.02571070E+01   5.14276811E-01
    303  -1.07714857E+01  -1.02572039E+01   5.14281819E-01
    304  -1.07715899E+01  -1.02573001E+01   5.14289789E-01
    305  -1.07716707E+01  -1.02573746E+01   5.14296135E-01
