   0.0000000000   0.0000000000   0.0000000000          16           0
  1         1      -17.48530463           0.000000000    
  1         2      -17.48530463           0.000000000    
  1         3      -12.95108968           0.000000000    
  1         4      -12.95108968           0.000000000    
  1         5      -12.92515169           0.000000000    
  1         6      -12.92515169           0.000000000    
  1         7      -12.92515169           0.000000000    
  1         8      -12.92515169           0.000000000    
  1         9      -5.753525303           0.000000000    
  1        10      -5.753525303           0.000000000    
  1        11      -5.732687429           0.000000000    
  1        12      -5.732687429           0.000000000    
  1        13      -5.732687429           0.000000000    
  1        14      -5.732687429           0.000000000    
  1        15      -5.878069708           0.000000000    
  1        16      -5.878069708           0.000000000    
  -0.0000000000  -0.0000000000   0.2500000000          16           0
  1         1      -17.22262565           0.000000000    
  1         2      -17.22262565           0.000000000    
  1         3      -13.70887491           0.000000000    
  1         4      -13.70887491           0.000000000    
  1         5      -12.90322281           0.000000000    
  1         6      -12.90322281           0.000000000    
  1         7      -12.88439604           0.000000000    
  1         8      -12.88439604           0.000000000    
  1         9      -5.811141663           0.000000000    
  1        10      -5.811141663           0.000000000    
  1        11      -5.495159823           0.000000000    
  1        12      -5.495159823           0.000000000    
  1        13      -5.484902593           0.000000000    
  1        14      -5.484902593           0.000000000    
  1        15      -4.893632605           0.000000000    
  1        16      -4.893632605           0.000000000    
  -0.0000000000  -0.0000000000   0.5000000000          16           0
  1         1      -16.86273217           0.000000000    
  1         2      -16.86273217           0.000000000    
  1         3      -14.85806756           0.000000000    
  1         4      -14.85806756           0.000000000    
  1         5      -13.16462593           0.000000000    
  1         6      -13.16462593           0.000000000    
  1         7      -13.14665491           0.000000000    
  1         8      -13.14665491           0.000000000    
  1         9      -5.919220071           0.000000000    
  1        10      -5.919220071           0.000000000    
  1        11      -5.061335328           0.000000000    
  1        12      -5.061335328           0.000000000    
  1        13      -5.053623255           0.000000000    
  1        14      -5.053623255           0.000000000    
  1        15      -2.390746404           0.000000000    
  1        16      -2.390746404           0.000000000    
   0.0000000000   0.0000000000   0.7500000000          16           0
  1         1      -17.22137943           0.000000000    
  1         2      -17.22137943           0.000000000    
  1         3      -13.71481537           0.000000000    
  1         4      -13.71481537           0.000000000    
  1         5      -12.90451212           0.000000000    
  1         6      -12.90451212           0.000000000    
  1         7      -12.88568669           0.000000000    
  1         8      -12.88568669           0.000000000    
  1         9      -5.811351141           0.000000000    
  1        10      -5.811351141           0.000000000    
  1        11      -5.494446456           0.000000000    
  1        12      -5.494446456           0.000000000    
  1        13      -5.484201730           0.000000000    
  1        14      -5.484201730           0.000000000    
  1        15      -4.889946020           0.000000000    
  1        16      -4.889946020           0.000000000    
   0.0000000000   0.2500000000  -0.0000000000          16           0
  1         1      -17.22355022           0.000000000    
  1         2      -17.22355022           0.000000000    
  1         3      -13.70870590           0.000000000    
  1         4      -13.70870590           0.000000000    
  1         5      -12.90308647           0.000000000    
  1         6      -12.90308647           0.000000000    
  1         7      -12.88425956           0.000000000    
  1         8      -12.88425956           0.000000000    
  1         9      -5.810895266           0.000000000    
  1        10      -5.810895266           0.000000000    
  1        11      -5.495084199           0.000000000    
  1        12      -5.495084199           0.000000000    
  1        13      -5.484826352           0.000000000    
  1        14      -5.484826352           0.000000000    
  1        15      -4.894003384           0.000000000    
  1        16      -4.894003384           0.000000000    
   0.0000000000   0.2500000000   0.2500000000          16           0
  1         1      -17.11629926           0.000000000    
  1         2      -17.11629926           0.000000000    
  1         3      -14.05277335           0.000000000    
  1         4      -14.05277335           0.000000000    
  1         5      -12.95705878           0.000000000    
  1         6      -12.95705878           0.000000000    
  1         7      -12.94505209           0.000000000    
  1         8      -12.94505209           0.000000000    
  1         9      -5.506123210           0.000000000    
  1        10      -5.506123210           0.000000000    
  1        11      -4.596172848           0.000000000    
  1        12      -4.596172848           0.000000000    
  1        13      -5.340819097           0.000000000    
  1        14      -5.340819097           0.000000000    
  1        15      -5.350503952           0.000000000    
  1        16      -5.350503952           0.000000000    
  -0.0000000000   0.2500000000   0.5000000000          16           0
  1         1      -16.61743552           0.000000000    
  1         2      -16.61743552           0.000000000    
  1         3      -15.15647269           0.000000000    
  1         4      -15.15647269           0.000000000    
  1         5      -12.92108030           0.000000000    
  1         6      -12.92108030           0.000000000    
  1         7      -13.15465415           0.000000000    
  1         8      -13.15465415           0.000000000    
  1         9      -5.174535072           0.000000000    
  1        10      -5.174535072           0.000000000    
  1        11      -4.856225848           0.000000000    
  1        12      -4.856225848           0.000000000    
  1        13      -5.128433455           0.000000000    
  1        14      -5.128433455           0.000000000    
  1        15      -4.744985419           0.000000000    
  1        16      -4.744985419           0.000000000    
  -0.0000000000   0.2500000000   0.7500000000          16           0
  1         1      -16.82604175           0.000000000    
  1         2      -16.82604175           0.000000000    
  1         3      -14.83541639           0.000000000    
  1         4      -14.83541639           0.000000000    
  1         5      -12.85598946           0.000000000    
  1         6      -12.85598946           0.000000000    
  1         7      -12.99464112           0.000000000    
  1         8      -12.99464112           0.000000000    
  1         9      -5.198147513           0.000000000    
  1        10      -5.198147513           0.000000000    
  1        11      -4.934247619           0.000000000    
  1        12      -4.934247619           0.000000000    
  1        13      -5.482627107           0.000000000    
  1        14      -5.482627107           0.000000000    
  1        15      -4.414342220           0.000000000    
  1        16      -4.414342220           0.000000000    
   0.0000000000   0.5000000000  -0.0000000000          16           0
  1         1      -16.86278414           0.000000000    
  1         2      -16.86278414           0.000000000    
  1         3      -14.85809369           0.000000000    
  1         4      -14.85809369           0.000000000    
  1         5      -13.16442648           0.000000000    
  1         6      -13.16442648           0.000000000    
  1         7      -13.14645431           0.000000000    
  1         8      -13.14645431           0.000000000    
  1         9      -5.919198805           0.000000000    
  1        10      -5.919198805           0.000000000    
  1        11      -5.061240668           0.000000000    
  1        12      -5.061240668           0.000000000    
  1        13      -5.053527847           0.000000000    
  1        14      -5.053527847           0.000000000    
  1        15      -2.390682221           0.000000000    
  1        16      -2.390682221           0.000000000    
   0.0000000000   0.5000000000   0.2500000000          16           0
  1         1      -16.61773032           0.000000000    
  1         2      -16.61773032           0.000000000    
  1         3      -15.15610202           0.000000000    
  1         4      -15.15610202           0.000000000    
  1         5      -12.92134213           0.000000000    
  1         6      -12.92134213           0.000000000    
  1         7      -13.15447650           0.000000000    
  1         8      -13.15447650           0.000000000    
  1         9      -5.174614877           0.000000000    
  1        10      -5.174614877           0.000000000    
  1        11      -4.856576265           0.000000000    
  1        12      -4.856576265           0.000000000    
  1        13      -5.127909730           0.000000000    
  1        14      -5.127909730           0.000000000    
  1        15      -4.744417284           0.000000000    
  1        16      -4.744417284           0.000000000    
   0.0000000000   0.5000000000   0.5000000000          16           0
  1         1      -15.99039875           0.000000000    
  1         2      -15.99039875           0.000000000    
  1         3      -15.99039875           0.000000000    
  1         4      -15.99039875           0.000000000    
  1         5      -13.36135226           0.000000000    
  1         6      -13.36135226           0.000000000    
  1         7      -13.36135226           0.000000000    
  1         8      -13.36135226           0.000000000    
  1         9      -5.161875104           0.000000000    
  1        10      -5.161875104           0.000000000    
  1        11      -5.161875104           0.000000000    
  1        12      -5.161875104           0.000000000    
  1        13      -3.795358250           0.000000000    
  1        14      -3.795358250           0.000000000    
  1        15      -3.795358250           0.000000000    
  1        16      -3.795358250           0.000000000    
  -0.0000000000   0.5000000000   0.7500000000          16           0
  1         1      -16.61205035           0.000000000    
  1         2      -16.61205035           0.000000000    
  1         3      -15.16084619           0.000000000    
  1         4      -15.16084619           0.000000000    
  1         5      -12.92696361           0.000000000    
  1         6      -12.92696361           0.000000000    
  1         7      -13.15642257           0.000000000    
  1         8      -13.15642257           0.000000000    
  1         9      -5.175853953           0.000000000    
  1        10      -5.175853953           0.000000000    
  1        11      -4.857067202           0.000000000    
  1        12      -4.857067202           0.000000000    
  1        13      -5.121501365           0.000000000    
  1        14      -5.121501365           0.000000000    
  1        15      -4.740182721           0.000000000    
  1        16      -4.740182721           0.000000000    
  -0.0000000000   0.7500000000   0.0000000000          16           0
  1         1      -17.22049307           0.000000000    
  1         2      -17.22049307           0.000000000    
  1         3      -13.71528135           0.000000000    
  1         4      -13.71528135           0.000000000    
  1         5      -12.90432726           0.000000000    
  1         6      -12.90432726           0.000000000    
  1         7      -12.88549936           0.000000000    
  1         8      -12.88549936           0.000000000    
  1         9      -5.811567473           0.000000000    
  1        10      -5.811567473           0.000000000    
  1        11      -5.494393920           0.000000000    
  1        12      -5.494393920           0.000000000    
  1        13      -5.484148240           0.000000000    
  1        14      -5.484148240           0.000000000    
  1        15      -4.889725630           0.000000000    
  1        16      -4.889725630           0.000000000    
   0.0000000000   0.7500000000   0.2500000000          16           0
  1         1      -16.82459206           0.000000000    
  1         2      -16.82459206           0.000000000    
  1         3      -14.83629219           0.000000000    
  1         4      -14.83629219           0.000000000    
  1         5      -12.85609132           0.000000000    
  1         6      -12.85609132           0.000000000    
  1         7      -12.99448972           0.000000000    
  1         8      -12.99448972           0.000000000    
  1         9      -5.198345475           0.000000000    
  1        10      -5.198345475           0.000000000    
  1        11      -4.933889294           0.000000000    
  1        12      -4.933889294           0.000000000    
  1        13      -5.482573876           0.000000000    
  1        14      -5.482573876           0.000000000    
  1        15      -4.414169612           0.000000000    
  1        16      -4.414169612           0.000000000    
   0.0000000000   0.7500000000   0.5000000000          16           0
  1         1      -16.61228154           0.000000000    
  1         2      -16.61228154           0.000000000    
  1         3      -15.16052937           0.000000000    
  1         4      -15.16052937           0.000000000    
  1         5      -12.92732705           0.000000000    
  1         6      -12.92732705           0.000000000    
  1         7      -13.15635774           0.000000000    
  1         8      -13.15635774           0.000000000    
  1         9      -5.175981840           0.000000000    
  1        10      -5.175981840           0.000000000    
  1        11      -4.857544670           0.000000000    
  1        12      -4.857544670           0.000000000    
  1        13      -5.121418863           0.000000000    
  1        14      -5.121418863           0.000000000    
  1        15      -4.739846291           0.000000000    
  1        16      -4.739846291           0.000000000    
  -0.0000000000   0.7500000000   0.7500000000          16           0
  1         1      -17.11181521           0.000000000    
  1         2      -17.11181521           0.000000000    
  1         3      -14.06222224           0.000000000    
  1         4      -14.06222224           0.000000000    
  1         5      -12.96102218           0.000000000    
  1         6      -12.96102218           0.000000000    
  1         7      -12.94904608           0.000000000    
  1         8      -12.94904608           0.000000000    
  1         9      -5.507707955           0.000000000    
  1        10      -5.507707955           0.000000000    
  1        11      -4.599866439           0.000000000    
  1        12      -4.599866439           0.000000000    
  1        13      -5.333974264           0.000000000    
  1        14      -5.333974264           0.000000000    
  1        15      -5.343629651           0.000000000    
  1        16      -5.343629651           0.000000000    
   0.2500000000   0.0000000000   0.0000000000          16           0
  1         1      -17.22056121           0.000000000    
  1         2      -17.22056121           0.000000000    
  1         3      -13.71503666           0.000000000    
  1         4      -13.71503666           0.000000000    
  1         5      -12.90461235           0.000000000    
  1         6      -12.90461235           0.000000000    
  1         7      -12.88578629           0.000000000    
  1         8      -12.88578629           0.000000000    
  1         9      -5.811463400           0.000000000    
  1        10      -5.811463400           0.000000000    
  1        11      -5.494297029           0.000000000    
  1        12      -5.494297029           0.000000000    
  1        13      -5.484052247           0.000000000    
  1        14      -5.484052247           0.000000000    
  1        15      -4.889811648           0.000000000    
  1        16      -4.889811648           0.000000000    
   0.2500000000   0.0000000000   0.2500000000          16           0
  1         1      -17.11319705           0.000000000    
  1         2      -17.11319705           0.000000000    
  1         3      -14.05799119           0.000000000    
  1         4      -14.05799119           0.000000000    
  1         5      -12.95902158           0.000000000    
  1         6      -12.95902158           0.000000000    
  1         7      -12.94702870           0.000000000    
  1         8      -12.94702870           0.000000000    
  1         9      -5.506995786           0.000000000    
  1        10      -5.506995786           0.000000000    
  1        11      -4.598139462           0.000000000    
  1        12      -4.598139462           0.000000000    
  1        13      -5.337215748           0.000000000    
  1        14      -5.337215748           0.000000000    
  1        15      -5.346887449           0.000000000    
  1        16      -5.346887449           0.000000000    
   0.2500000000  -0.0000000000   0.5000000000          16           0
  1         1      -16.61437205           0.000000000    
  1         2      -16.61437205           0.000000000    
  1         3      -15.15761436           0.000000000    
  1         4      -15.15761436           0.000000000    
  1         5      -12.92412582           0.000000000    
  1         6      -12.92412582           0.000000000    
  1         7      -13.15669591           0.000000000    
  1         8      -13.15669591           0.000000000    
  1         9      -5.175444472           0.000000000    
  1        10      -5.175444472           0.000000000    
  1        11      -4.860270932           0.000000000    
  1        12      -4.860270932           0.000000000    
  1        13      -5.122974472           0.000000000    
  1        14      -5.122974472           0.000000000    
  1        15      -4.740628931           0.000000000    
  1        16      -4.740628931           0.000000000    
   0.2500000000  -0.0000000000   0.7500000000          16           0
  1         1      -16.82341368           0.000000000    
  1         2      -16.82341368           0.000000000    
  1         3      -14.83822500           0.000000000    
  1         4      -14.83822500           0.000000000    
  1         5      -12.85772997           0.000000000    
  1         6      -12.85772997           0.000000000    
  1         7      -12.99619065           0.000000000    
  1         8      -12.99619065           0.000000000    
  1         9      -5.198414982           0.000000000    
  1        10      -5.198414982           0.000000000    
  1        11      -4.932760768           0.000000000    
  1        12      -4.932760768           0.000000000    
  1        13      -5.480845883           0.000000000    
  1        14      -5.480845883           0.000000000    
  1        15      -4.413510663           0.000000000    
  1        16      -4.413510663           0.000000000    
   0.2500000000   0.2500000000   0.0000000000          16           0
  1         1      -17.11410555           0.000000000    
  1         2      -17.11410555           0.000000000    
  1         3      -14.05739891           0.000000000    
  1         4      -14.05739891           0.000000000    
  1         5      -12.95922575           0.000000000    
  1         6      -12.95922575           0.000000000    
  1         7      -12.94723417           0.000000000    
  1         8      -12.94723417           0.000000000    
  1         9      -5.506815470           0.000000000    
  1        10      -5.506815470           0.000000000    
  1        11      -4.597964587           0.000000000    
  1        12      -4.597964587           0.000000000    
  1        13      -5.337435232           0.000000000    
  1        14      -5.337435232           0.000000000    
  1        15      -5.347106000           0.000000000    
  1        16      -5.347106000           0.000000000    
   0.2500000000   0.2500000000   0.2500000000          16           0
  1         1      -17.22271911           0.000000000    
  1         2      -17.22271911           0.000000000    
  1         3      -13.70886704           0.000000000    
  1         4      -13.70886704           0.000000000    
  1         5      -12.90327286           0.000000000    
  1         6      -12.90327286           0.000000000    
  1         7      -12.88444633           0.000000000    
  1         8      -12.88444633           0.000000000    
  1         9      -5.811206675           0.000000000    
  1        10      -5.811206675           0.000000000    
  1        11      -5.495261404           0.000000000    
  1        12      -5.495261404           0.000000000    
  1        13      -5.485004315           0.000000000    
  1        14      -5.485004315           0.000000000    
  1        15      -4.893559733           0.000000000    
  1        16      -4.893559733           0.000000000    
   0.2500000000   0.2500000000   0.5000000000          16           0
  1         1      -16.82659727           0.000000000    
  1         2      -16.82659727           0.000000000    
  1         3      -14.83374765           0.000000000    
  1         4      -14.83374765           0.000000000    
  1         5      -12.85414034           0.000000000    
  1         6      -12.85414034           0.000000000    
  1         7      -12.99368165           0.000000000    
  1         8      -12.99368165           0.000000000    
  1         9      -5.197951621           0.000000000    
  1        10      -5.197951621           0.000000000    
  1        11      -4.935529987           0.000000000    
  1        12      -4.935529987           0.000000000    
  1        13      -5.484386905           0.000000000    
  1        14      -5.484386905           0.000000000    
  1        15      -4.415193543           0.000000000    
  1        16      -4.415193543           0.000000000    
   0.2500000000   0.2500000000   0.7500000000          16           0
  1         1      -16.61456087           0.000000000    
  1         2      -16.61456087           0.000000000    
  1         3      -15.15955251           0.000000000    
  1         4      -15.15955251           0.000000000    
  1         5      -12.92417283           0.000000000    
  1         6      -12.92417283           0.000000000    
  1         7      -13.15520667           0.000000000    
  1         8      -13.15520667           0.000000000    
  1         9      -5.174967561           0.000000000    
  1        10      -5.174967561           0.000000000    
  1        11      -4.853490258           0.000000000    
  1        12      -4.853490258           0.000000000    
  1        13      -5.126339378           0.000000000    
  1        14      -5.126339378           0.000000000    
  1        15      -4.743819660           0.000000000    
  1        16      -4.743819660           0.000000000    
   0.2500000000   0.5000000000  -0.0000000000          16           0
  1         1      -16.61546661           0.000000000    
  1         2      -16.61546661           0.000000000    
  1         3      -15.15683163           0.000000000    
  1         4      -15.15683163           0.000000000    
  1         5      -12.92418889           0.000000000    
  1         6      -12.92418889           0.000000000    
  1         7      -13.15662355           0.000000000    
  1         8      -13.15662355           0.000000000    
  1         9      -5.175414024           0.000000000    
  1        10      -5.175414024           0.000000000    
  1        11      -4.860681383           0.000000000    
  1        12      -4.860681383           0.000000000    
  1        13      -5.122969247           0.000000000    
  1        14      -5.122969247           0.000000000    
  1        15      -4.740574520           0.000000000    
  1        16      -4.740574520           0.000000000    
   0.2500000000   0.5000000000   0.2500000000          16           0
  1         1      -16.82732526           0.000000000    
  1         2      -16.82732526           0.000000000    
  1         3      -14.83337918           0.000000000    
  1         4      -14.83337918           0.000000000    
  1         5      -12.85426285           0.000000000    
  1         6      -12.85426285           0.000000000    
  1         7      -12.99336685           0.000000000    
  1         8      -12.99336685           0.000000000    
  1         9      -5.197686433           0.000000000    
  1        10      -5.197686433           0.000000000    
  1        11      -4.935587025           0.000000000    
  1        12      -4.935587025           0.000000000    
  1        13      -5.484543329           0.000000000    
  1        14      -5.484543329           0.000000000    
  1        15      -4.415316088           0.000000000    
  1        16      -4.415316088           0.000000000    
   0.2500000000   0.5000000000   0.5000000000          16           0
  1         1      -16.61748760           0.000000000    
  1         2      -16.61748760           0.000000000    
  1         3      -15.15629175           0.000000000    
  1         4      -15.15629175           0.000000000    
  1         5      -12.92087229           0.000000000    
  1         6      -12.92087229           0.000000000    
  1         7      -13.15497825           0.000000000    
  1         8      -13.15497825           0.000000000    
  1         9      -5.174436533           0.000000000    
  1        10      -5.174436533           0.000000000    
  1        11      -4.856111655           0.000000000    
  1        12      -4.856111655           0.000000000    
  1        13      -5.128617083           0.000000000    
  1        14      -5.128617083           0.000000000    
  1        15      -4.745099715           0.000000000    
  1        16      -4.745099715           0.000000000    
   0.2500000000   0.5000000000   0.7500000000          16           0
  1         1      -16.04906593           0.000000000    
  1         2      -16.04906593           0.000000000    
  1         3      -16.04666954           0.000000000    
  1         4      -16.04666954           0.000000000    
  1         5      -12.84043418           0.000000000    
  1         6      -12.84043418           0.000000000    
  1         7      -12.82858449           0.000000000    
  1         8      -12.82858449           0.000000000    
  1         9      -5.033725156           0.000000000    
  1        10      -5.033725156           0.000000000    
  1        11      -5.032324858           0.000000000    
  1        12      -5.032324858           0.000000000    
  1        13      -4.789058455           0.000000000    
  1        14      -4.789058455           0.000000000    
  1        15      -4.780269087           0.000000000    
  1        16      -4.780269087           0.000000000    
   0.2500000000   0.7500000000  -0.0000000000          16           0
  1         1      -16.82273007           0.000000000    
  1         2      -16.82273007           0.000000000    
  1         3      -14.83858155           0.000000000    
  1         4      -14.83858155           0.000000000    
  1         5      -12.85768240           0.000000000    
  1         6      -12.85768240           0.000000000    
  1         7      -12.99617344           0.000000000    
  1         8      -12.99617344           0.000000000    
  1         9      -5.198543454           0.000000000    
  1        10      -5.198543454           0.000000000    
  1        11      -4.932476773           0.000000000    
  1        12      -4.932476773           0.000000000    
  1        13      -5.480715734           0.000000000    
  1        14      -5.480715734           0.000000000    
  1        15      -4.413266803           0.000000000    
  1        16      -4.413266803           0.000000000    
   0.2500000000   0.7500000000   0.2500000000          16           0
  1         1      -16.61352823           0.000000000    
  1         2      -16.61352823           0.000000000    
  1         3      -15.16038011           0.000000000    
  1         4      -15.16038011           0.000000000    
  1         5      -12.92416910           0.000000000    
  1         6      -12.92416910           0.000000000    
  1         7      -13.15480454           0.000000000    
  1         8      -13.15480454           0.000000000    
  1         9      -5.174848047           0.000000000    
  1        10      -5.174848047           0.000000000    
  1        11      -4.853385562           0.000000000    
  1        12      -4.853385562           0.000000000    
  1        13      -5.126208187           0.000000000    
  1        14      -5.126208187           0.000000000    
  1        15      -4.743638746           0.000000000    
  1        16      -4.743638746           0.000000000    
   0.2500000000   0.7500000000   0.5000000000          16           0
  1         1      -16.04906933           0.000000000    
  1         2      -16.04906933           0.000000000    
  1         3      -16.04667328           0.000000000    
  1         4      -16.04667328           0.000000000    
  1         5      -12.84042857           0.000000000    
  1         6      -12.84042857           0.000000000    
  1         7      -12.82857866           0.000000000    
  1         8      -12.82857866           0.000000000    
  1         9      -5.033564678           0.000000000    
  1        10      -5.033564678           0.000000000    
  1        11      -5.032165462           0.000000000    
  1        12      -5.032165462           0.000000000    
  1        13      -4.788805926           0.000000000    
  1        14      -4.788805926           0.000000000    
  1        15      -4.780016411           0.000000000    
  1        16      -4.780016411           0.000000000    
   0.2500000000   0.7500000000   0.7500000000          16           0
  1         1      -16.61199948           0.000000000    
  1         2      -16.61199948           0.000000000    
  1         3      -15.16073088           0.000000000    
  1         4      -15.16073088           0.000000000    
  1         5      -12.92692429           0.000000000    
  1         6      -12.92692429           0.000000000    
  1         7      -13.15686491           0.000000000    
  1         8      -13.15686491           0.000000000    
  1         9      -5.175760956           0.000000000    
  1        10      -5.175760956           0.000000000    
  1        11      -4.856962310           0.000000000    
  1        12      -4.856962310           0.000000000    
  1        13      -5.121367216           0.000000000    
  1        14      -5.121367216           0.000000000    
  1        15      -4.740099955           0.000000000    
  1        16      -4.740099955           0.000000000    
   0.5000000000   0.0000000000   0.0000000000          16           0
  1         1      -16.86262178           0.000000000    
  1         2      -16.86262178           0.000000000    
  1         3      -14.85797203           0.000000000    
  1         4      -14.85797203           0.000000000    
  1         5      -13.16476613           0.000000000    
  1         6      -13.16476613           0.000000000    
  1         7      -13.14679524           0.000000000    
  1         8      -13.14679524           0.000000000    
  1         9      -5.919047767           0.000000000    
  1        10      -5.919047767           0.000000000    
  1        11      -5.061140943           0.000000000    
  1        12      -5.061140943           0.000000000    
  1        13      -5.053428994           0.000000000    
  1        14      -5.053428994           0.000000000    
  1        15      -2.390693829           0.000000000    
  1        16      -2.390693829           0.000000000    
   0.5000000000   0.0000000000   0.2500000000          16           0
  1         1      -16.61346176           0.000000000    
  1         2      -16.61346176           0.000000000    
  1         3      -15.16033645           0.000000000    
  1         4      -15.16033645           0.000000000    
  1         5      -12.92416739           0.000000000    
  1         6      -12.92416739           0.000000000    
  1         7      -13.15512627           0.000000000    
  1         8      -13.15512627           0.000000000    
  1         9      -5.174477353           0.000000000    
  1        10      -5.174477353           0.000000000    
  1        11      -4.853660721           0.000000000    
  1        12      -4.853660721           0.000000000    
  1        13      -5.126320276           0.000000000    
  1        14      -5.126320276           0.000000000    
  1        15      -4.743580807           0.000000000    
  1        16      -4.743580807           0.000000000    
   0.5000000000   0.0000000000   0.5000000000          16           0
  1         1      -15.99029832           0.000000000    
  1         2      -15.99029832           0.000000000    
  1         3      -15.99029832           0.000000000    
  1         4      -15.99029832           0.000000000    
  1         5      -13.36142228           0.000000000    
  1         6      -13.36142228           0.000000000    
  1         7      -13.36142228           0.000000000    
  1         8      -13.36142228           0.000000000    
  1         9      -5.161761175           0.000000000    
  1        10      -5.161761175           0.000000000    
  1        11      -5.161761175           0.000000000    
  1        12      -5.161761175           0.000000000    
  1        13      -3.795404953           0.000000000    
  1        14      -3.795404953           0.000000000    
  1        15      -3.795404953           0.000000000    
  1        16      -3.795404953           0.000000000    
   0.5000000000  -0.0000000000   0.7500000000          16           0
  1         1      -16.61600061           0.000000000    
  1         2      -16.61600061           0.000000000    
  1         3      -15.15642185           0.000000000    
  1         4      -15.15642185           0.000000000    
  1         5      -12.92408881           0.000000000    
  1         6      -12.92408881           0.000000000    
  1         7      -13.15671642           0.000000000    
  1         8      -13.15671642           0.000000000    
  1         9      -5.175296789           0.000000000    
  1        10      -5.175296789           0.000000000    
  1        11      -4.859985116           0.000000000    
  1        12      -4.859985116           0.000000000    
  1        13      -5.123225342           0.000000000    
  1        14      -5.123225342           0.000000000    
  1        15      -4.740893876           0.000000000    
  1        16      -4.740893876           0.000000000    
   0.5000000000   0.2500000000   0.0000000000          16           0
  1         1      -16.61424538           0.000000000    
  1         2      -16.61424538           0.000000000    
  1         3      -15.15989320           0.000000000    
  1         4      -15.15989320           0.000000000    
  1         5      -12.92396346           0.000000000    
  1         6      -12.92396346           0.000000000    
  1         7      -13.15523002           0.000000000    
  1         8      -13.15523002           0.000000000    
  1         9      -5.174384747           0.000000000    
  1        10      -5.174384747           0.000000000    
  1        11      -4.853671284           0.000000000    
  1        12      -4.853671284           0.000000000    
  1        13      -5.126802606           0.000000000    
  1        14      -5.126802606           0.000000000    
  1        15      -4.744077739           0.000000000    
  1        16      -4.744077739           0.000000000    
   0.5000000000   0.2500000000   0.2500000000          16           0
  1         1      -16.82463631           0.000000000    
  1         2      -16.82463631           0.000000000    
  1         3      -14.83630531           0.000000000    
  1         4      -14.83630531           0.000000000    
  1         5      -12.85599986           0.000000000    
  1         6      -12.85599986           0.000000000    
  1         7      -12.99489574           0.000000000    
  1         8      -12.99489574           0.000000000    
  1         9      -5.198222795           0.000000000    
  1        10      -5.198222795           0.000000000    
  1        11      -4.934039193           0.000000000    
  1        12      -4.934039193           0.000000000    
  1        13      -5.482573466           0.000000000    
  1        14      -5.482573466           0.000000000    
  1        15      -4.414258160           0.000000000    
  1        16      -4.414258160           0.000000000    
   0.5000000000   0.2500000000   0.5000000000          16           0
  1         1      -16.61436727           0.000000000    
  1         2      -16.61436727           0.000000000    
  1         3      -15.15773103           0.000000000    
  1         4      -15.15773103           0.000000000    
  1         5      -12.92435514           0.000000000    
  1         6      -12.92435514           0.000000000    
  1         7      -13.15637909           0.000000000    
  1         8      -13.15637909           0.000000000    
  1         9      -5.175849447           0.000000000    
  1        10      -5.175849447           0.000000000    
  1        11      -4.860002334           0.000000000    
  1        12      -4.860002334           0.000000000    
  1        13      -5.122981679           0.000000000    
  1        14      -5.122981679           0.000000000    
  1        15      -4.740646350           0.000000000    
  1        16      -4.740646350           0.000000000    
   0.5000000000   0.2500000000   0.7500000000          16           0
  1         1      -16.04902740           0.000000000    
  1         2      -16.04902740           0.000000000    
  1         3      -16.04663098           0.000000000    
  1         4      -16.04663098           0.000000000    
  1         5      -12.84050816           0.000000000    
  1         6      -12.84050816           0.000000000    
  1         7      -12.82865863           0.000000000    
  1         8      -12.82865863           0.000000000    
  1         9      -5.033667019           0.000000000    
  1        10      -5.033667019           0.000000000    
  1        11      -5.032267726           0.000000000    
  1        12      -5.032267726           0.000000000    
  1        13      -4.788854719           0.000000000    
  1        14      -4.788854719           0.000000000    
  1        15      -4.780065709           0.000000000    
  1        16      -4.780065709           0.000000000    
   0.5000000000   0.5000000000   0.0000000000          16           0
  1         1      -15.99022305           0.000000000    
  1         2      -15.99022305           0.000000000    
  1         3      -15.99022305           0.000000000    
  1         4      -15.99022305           0.000000000    
  1         5      -13.36165510           0.000000000    
  1         6      -13.36165510           0.000000000    
  1         7      -13.36165510           0.000000000    
  1         8      -13.36165510           0.000000000    
  1         9      -5.161828081           0.000000000    
  1        10      -5.161828081           0.000000000    
  1        11      -5.161828081           0.000000000    
  1        12      -5.161828081           0.000000000    
  1        13      -3.795346825           0.000000000    
  1        14      -3.795346825           0.000000000    
  1        15      -3.795346825           0.000000000    
  1        16      -3.795346825           0.000000000    
   0.5000000000   0.5000000000   0.2500000000          16           0
  1         1      -16.61515500           0.000000000    
  1         2      -16.61515500           0.000000000    
  1         3      -15.15720486           0.000000000    
  1         4      -15.15720486           0.000000000    
  1         5      -12.92398633           0.000000000    
  1         6      -12.92398633           0.000000000    
  1         7      -13.15684628           0.000000000    
  1         8      -13.15684628           0.000000000    
  1         9      -5.175844726           0.000000000    
  1        10      -5.175844726           0.000000000    
  1        11      -4.859627787           0.000000000    
  1        12      -4.859627787           0.000000000    
  1        13      -5.123196855           0.000000000    
  1        14      -5.123196855           0.000000000    
  1        15      -4.741159393           0.000000000    
  1        16      -4.741159393           0.000000000    
   0.5000000000   0.5000000000   0.5000000000          16           0
  1         1      -16.86268839           0.000000000    
  1         2      -16.86268839           0.000000000    
  1         3      -14.85800360           0.000000000    
  1         4      -14.85800360           0.000000000    
  1         5      -13.16467997           0.000000000    
  1         6      -13.16467997           0.000000000    
  1         7      -13.14670904           0.000000000    
  1         8      -13.14670904           0.000000000    
  1         9      -5.919300546           0.000000000    
  1        10      -5.919300546           0.000000000    
  1        11      -5.061450538           0.000000000    
  1        12      -5.061450538           0.000000000    
  1        13      -5.053738552           0.000000000    
  1        14      -5.053738552           0.000000000    
  1        15      -2.390801328           0.000000000    
  1        16      -2.390801328           0.000000000    
   0.5000000000   0.5000000000   0.7500000000          16           0
  1         1      -16.61436413           0.000000000    
  1         2      -16.61436413           0.000000000    
  1         3      -15.15959282           0.000000000    
  1         4      -15.15959282           0.000000000    
  1         5      -12.92409500           0.000000000    
  1         6      -12.92409500           0.000000000    
  1         7      -13.15521477           0.000000000    
  1         8      -13.15521477           0.000000000    
  1         9      -5.174963914           0.000000000    
  1        10      -5.174963914           0.000000000    
  1        11      -4.853534954           0.000000000    
  1        12      -4.853534954           0.000000000    
  1        13      -5.126515650           0.000000000    
  1        14      -5.126515650           0.000000000    
  1        15      -4.743973406           0.000000000    
  1        16      -4.743973406           0.000000000    
   0.5000000000   0.7500000000  -0.0000000000          16           0
  1         1      -16.61516423           0.000000000    
  1         2      -16.61516423           0.000000000    
  1         3      -15.15695261           0.000000000    
  1         4      -15.15695261           0.000000000    
  1         5      -12.92428928           0.000000000    
  1         6      -12.92428928           0.000000000    
  1         7      -13.15671315           0.000000000    
  1         8      -13.15671315           0.000000000    
  1         9      -5.175430409           0.000000000    
  1        10      -5.175430409           0.000000000    
  1        11      -4.860743179           0.000000000    
  1        12      -4.860743179           0.000000000    
  1        13      -5.122841050           0.000000000    
  1        14      -5.122841050           0.000000000    
  1        15      -4.740514701           0.000000000    
  1        16      -4.740514701           0.000000000    
   0.5000000000   0.7500000000   0.2500000000          16           0
  1         1      -16.04903153           0.000000000    
  1         2      -16.04903153           0.000000000    
  1         3      -16.04663507           0.000000000    
  1         4      -16.04663507           0.000000000    
  1         5      -12.84050857           0.000000000    
  1         6      -12.84050857           0.000000000    
  1         7      -12.82865906           0.000000000    
  1         8      -12.82865906           0.000000000    
  1         9      -5.033673614           0.000000000    
  1        10      -5.033673614           0.000000000    
  1        11      -5.032274318           0.000000000    
  1        12      -5.032274318           0.000000000    
  1        13      -4.788868547           0.000000000    
  1        14      -4.788868547           0.000000000    
  1        15      -4.780079555           0.000000000    
  1        16      -4.780079555           0.000000000    
   0.5000000000   0.7500000000   0.5000000000          16           0
  1         1      -16.61519777           0.000000000    
  1         2      -16.61519777           0.000000000    
  1         3      -15.15916082           0.000000000    
  1         4      -15.15916082           0.000000000    
  1         5      -12.92405598           0.000000000    
  1         6      -12.92405598           0.000000000    
  1         7      -13.15485691           0.000000000    
  1         8      -13.15485691           0.000000000    
  1         9      -5.174727892           0.000000000    
  1        10      -5.174727892           0.000000000    
  1        11      -4.853208912           0.000000000    
  1        12      -4.853208912           0.000000000    
  1        13      -5.127202850           0.000000000    
  1        14      -5.127202850           0.000000000    
  1        15      -4.744350653           0.000000000    
  1        16      -4.744350653           0.000000000    
   0.5000000000   0.7500000000   0.7500000000          16           0
  1         1      -16.82577056           0.000000000    
  1         2      -16.82577056           0.000000000    
  1         3      -14.83543506           0.000000000    
  1         4      -14.83543506           0.000000000    
  1         5      -12.85591382           0.000000000    
  1         6      -12.85591382           0.000000000    
  1         7      -12.99490399           0.000000000    
  1         8      -12.99490399           0.000000000    
  1         9      -5.198067053           0.000000000    
  1        10      -5.198067053           0.000000000    
  1        11      -4.934295963           0.000000000    
  1        12      -4.934295963           0.000000000    
  1        13      -5.482746520           0.000000000    
  1        14      -5.482746520           0.000000000    
  1        15      -4.414400903           0.000000000    
  1        16      -4.414400903           0.000000000    
   0.7500000000  -0.0000000000  -0.0000000000          16           0
  1         1      -17.22342015           0.000000000    
  1         2      -17.22342015           0.000000000    
  1         3      -13.70832387           0.000000000    
  1         4      -13.70832387           0.000000000    
  1         5      -12.90332307           0.000000000    
  1         6      -12.90332307           0.000000000    
  1         7      -12.88449783           0.000000000    
  1         8      -12.88449783           0.000000000    
  1         9      -5.810822546           0.000000000    
  1        10      -5.810822546           0.000000000    
  1        11      -5.494963501           0.000000000    
  1        12      -5.494963501           0.000000000    
  1        13      -5.484706903           0.000000000    
  1        14      -5.484706903           0.000000000    
  1        15      -4.894127750           0.000000000    
  1        16      -4.894127750           0.000000000    
   0.7500000000   0.0000000000   0.2500000000          16           0
  1         1      -16.82710718           0.000000000    
  1         2      -16.82710718           0.000000000    
  1         3      -14.83346587           0.000000000    
  1         4      -14.83346587           0.000000000    
  1         5      -12.85425760           0.000000000    
  1         6      -12.85425760           0.000000000    
  1         7      -12.99353026           0.000000000    
  1         8      -12.99353026           0.000000000    
  1         9      -5.197319207           0.000000000    
  1        10      -5.197319207           0.000000000    
  1        11      -4.935492384           0.000000000    
  1        12      -4.935492384           0.000000000    
  1        13      -5.484690508           0.000000000    
  1        14      -5.484690508           0.000000000    
  1        15      -4.415265910           0.000000000    
  1        16      -4.415265910           0.000000000    
   0.7500000000   0.0000000000   0.5000000000          16           0
  1         1      -16.61531524           0.000000000    
  1         2      -16.61531524           0.000000000    
  1         3      -15.15907968           0.000000000    
  1         4      -15.15907968           0.000000000    
  1         5      -12.92386742           0.000000000    
  1         6      -12.92386742           0.000000000    
  1         7      -13.15504451           0.000000000    
  1         8      -13.15504451           0.000000000    
  1         9      -5.174325841           0.000000000    
  1        10      -5.174325841           0.000000000    
  1        11      -4.853386357           0.000000000    
  1        12      -4.853386357           0.000000000    
  1        13      -5.127277009           0.000000000    
  1        14      -5.127277009           0.000000000    
  1        15      -4.744251236           0.000000000    
  1        16      -4.744251236           0.000000000    
   0.7500000000  -0.0000000000   0.7500000000          16           0
  1         1      -17.11485258           0.000000000    
  1         2      -17.11485258           0.000000000    
  1         3      -14.05690060           0.000000000    
  1         4      -14.05690060           0.000000000    
  1         5      -12.95907251           0.000000000    
  1         6      -12.95907251           0.000000000    
  1         7      -12.94708143           0.000000000    
  1         8      -12.94708143           0.000000000    
  1         9      -5.506456458           0.000000000    
  1        10      -5.506456458           0.000000000    
  1        11      -4.597877460           0.000000000    
  1        12      -4.597877460           0.000000000    
  1        13      -5.337780462           0.000000000    
  1        14      -5.337780462           0.000000000    
  1        15      -5.347450872           0.000000000    
  1        16      -5.347450872           0.000000000    
   0.7500000000   0.2500000000   0.0000000000          16           0
  1         1      -16.82785954           0.000000000    
  1         2      -16.82785954           0.000000000    
  1         3      -14.83290890           0.000000000    
  1         4      -14.83290890           0.000000000    
  1         5      -12.85410772           0.000000000    
  1         6      -12.85410772           0.000000000    
  1         7      -12.99366712           0.000000000    
  1         8      -12.99366712           0.000000000    
  1         9      -5.197279824           0.000000000    
  1        10      -5.197279824           0.000000000    
  1        11      -4.935512089           0.000000000    
  1        12      -4.935512089           0.000000000    
  1        13      -5.484602278           0.000000000    
  1        14      -5.484602278           0.000000000    
  1        15      -4.415167405           0.000000000    
  1        16      -4.415167405           0.000000000    
   0.7500000000   0.2500000000   0.2500000000          16           0
  1         1      -16.61757584           0.000000000    
  1         2      -16.61757584           0.000000000    
  1         3      -15.15601443           0.000000000    
  1         4      -15.15601443           0.000000000    
  1         5      -12.92126615           0.000000000    
  1         6      -12.92126615           0.000000000    
  1         7      -13.15502071           0.000000000    
  1         8      -13.15502071           0.000000000    
  1         9      -5.174513105           0.000000000    
  1        10      -5.174513105           0.000000000    
  1        11      -4.856608771           0.000000000    
  1        12      -4.856608771           0.000000000    
  1        13      -5.127740518           0.000000000    
  1        14      -5.127740518           0.000000000    
  1        15      -4.744406380           0.000000000    
  1        16      -4.744406380           0.000000000    
   0.7500000000   0.2500000000   0.5000000000          16           0
  1         1      -16.04908460           0.000000000    
  1         2      -16.04908460           0.000000000    
  1         3      -16.04668840           0.000000000    
  1         4      -16.04668840           0.000000000    
  1         5      -12.84043074           0.000000000    
  1         6      -12.84043074           0.000000000    
  1         7      -12.82858088           0.000000000    
  1         8      -12.82858088           0.000000000    
  1         9      -5.033568154           0.000000000    
  1        10      -5.033568154           0.000000000    
  1        11      -5.032167712           0.000000000    
  1        12      -5.032167712           0.000000000    
  1        13      -4.788816692           0.000000000    
  1        14      -4.788816692           0.000000000    
  1        15      -4.780027193           0.000000000    
  1        16      -4.780027193           0.000000000    
   0.7500000000   0.2500000000   0.7500000000          16           0
  1         1      -16.61618204           0.000000000    
  1         2      -16.61618204           0.000000000    
  1         3      -15.15648587           0.000000000    
  1         4      -15.15648587           0.000000000    
  1         5      -12.92412180           0.000000000    
  1         6      -12.92412180           0.000000000    
  1         7      -13.15630276           0.000000000    
  1         8      -13.15630276           0.000000000    
  1         9      -5.175655780           0.000000000    
  1        10      -5.175655780           0.000000000    
  1        11      -4.859610552           0.000000000    
  1        12      -4.859610552           0.000000000    
  1        13      -5.123180647           0.000000000    
  1        14      -5.123180647           0.000000000    
  1        15      -4.740886703           0.000000000    
  1        16      -4.740886703           0.000000000    
   0.7500000000   0.5000000000   0.0000000000          16           0
  1         1      -16.61423221           0.000000000    
  1         2      -16.61423221           0.000000000    
  1         3      -15.15989611           0.000000000    
  1         4      -15.15989611           0.000000000    
  1         5      -12.92369892           0.000000000    
  1         6      -12.92369892           0.000000000    
  1         7      -13.15510423           0.000000000    
  1         8      -13.15510423           0.000000000    
  1         9      -5.174349666           0.000000000    
  1        10      -5.174349666           0.000000000    
  1        11      -4.853618039           0.000000000    
  1        12      -4.853618039           0.000000000    
  1        13      -5.126940157           0.000000000    
  1        14      -5.126940157           0.000000000    
  1        15      -4.744190692           0.000000000    
  1        16      -4.744190692           0.000000000    
   0.7500000000   0.5000000000   0.2500000000          16           0
  1         1      -16.04906168           0.000000000    
  1         2      -16.04906168           0.000000000    
  1         3      -16.04666527           0.000000000    
  1         4      -16.04666527           0.000000000    
  1         5      -12.84043224           0.000000000    
  1         6      -12.84043224           0.000000000    
  1         7      -12.82858259           0.000000000    
  1         8      -12.82858259           0.000000000    
  1         9      -5.033723299           0.000000000    
  1        10      -5.033723299           0.000000000    
  1        11      -5.032323449           0.000000000    
  1        12      -5.032323449           0.000000000    
  1        13      -4.789053925           0.000000000    
  1        14      -4.789053925           0.000000000    
  1        15      -4.780264566           0.000000000    
  1        16      -4.780264566           0.000000000    
   0.7500000000   0.5000000000   0.5000000000          16           0
  1         1      -16.61223230           0.000000000    
  1         2      -16.61223230           0.000000000    
  1         3      -15.16036130           0.000000000    
  1         4      -15.16036130           0.000000000    
  1         5      -12.92707297           0.000000000    
  1         6      -12.92707297           0.000000000    
  1         7      -13.15682056           0.000000000    
  1         8      -13.15682056           0.000000000    
  1         9      -5.175859980           0.000000000    
  1        10      -5.175859980           0.000000000    
  1        11      -4.857559615           0.000000000    
  1        12      -4.857559615           0.000000000    
  1        13      -5.121552553           0.000000000    
  1        14      -5.121552553           0.000000000    
  1        15      -4.740050132           0.000000000    
  1        16      -4.740050132           0.000000000    
   0.7500000000   0.5000000000   0.7500000000          16           0
  1         1      -16.82332226           0.000000000    
  1         2      -16.82332226           0.000000000    
  1         3      -14.83820755           0.000000000    
  1         4      -14.83820755           0.000000000    
  1         5      -12.85774504           0.000000000    
  1         6      -12.85774504           0.000000000    
  1         7      -12.99587202           0.000000000    
  1         8      -12.99587202           0.000000000    
  1         9      -5.198785090           0.000000000    
  1        10      -5.198785090           0.000000000    
  1        11      -4.932810741           0.000000000    
  1        12      -4.932810741           0.000000000    
  1        13      -5.480819192           0.000000000    
  1        14      -5.480819192           0.000000000    
  1        15      -4.413558681           0.000000000    
  1        16      -4.413558681           0.000000000    
   0.7500000000   0.7500000000  -0.0000000000          16           0
  1         1      -17.11391126           0.000000000    
  1         2      -17.11391126           0.000000000    
  1         3      -14.05722676           0.000000000    
  1         4      -14.05722676           0.000000000    
  1         5      -12.95921381           0.000000000    
  1         6      -12.95921381           0.000000000    
  1         7      -12.94722183           0.000000000    
  1         8      -12.94722183           0.000000000    
  1         9      -5.506842383           0.000000000    
  1        10      -5.506842383           0.000000000    
  1        11      -4.597884674           0.000000000    
  1        12      -4.597884674           0.000000000    
  1        13      -5.337441916           0.000000000    
  1        14      -5.337441916           0.000000000    
  1        15      -5.347112829           0.000000000    
  1        16      -5.347112829           0.000000000    
   0.7500000000   0.7500000000   0.2500000000          16           0
  1         1      -16.61503843           0.000000000    
  1         2      -16.61503843           0.000000000    
  1         3      -15.15727304           0.000000000    
  1         4      -15.15727304           0.000000000    
  1         5      -12.92389060           0.000000000    
  1         6      -12.92389060           0.000000000    
  1         7      -13.15683915           0.000000000    
  1         8      -13.15683915           0.000000000    
  1         9      -5.175814884           0.000000000    
  1        10      -5.175814884           0.000000000    
  1        11      -4.859583667           0.000000000    
  1        12      -4.859583667           0.000000000    
  1        13      -5.123016777           0.000000000    
  1        14      -5.123016777           0.000000000    
  1        15      -4.741075321           0.000000000    
  1        16      -4.741075321           0.000000000    
   0.7500000000   0.7500000000   0.5000000000          16           0
  1         1      -16.82402911           0.000000000    
  1         2      -16.82402911           0.000000000    
  1         3      -14.83768362           0.000000000    
  1         4      -14.83768362           0.000000000    
  1         5      -12.85751517           0.000000000    
  1         6      -12.85751517           0.000000000    
  1         7      -12.99633623           0.000000000    
  1         8      -12.99633623           0.000000000    
  1         9      -5.198857517           0.000000000    
  1        10      -5.198857517           0.000000000    
  1        11      -4.933106389           0.000000000    
  1        12      -4.933106389           0.000000000    
  1        13      -5.480717882           0.000000000    
  1        14      -5.480717882           0.000000000    
  1        15      -4.413610153           0.000000000    
  1        16      -4.413610153           0.000000000    
   0.7500000000   0.7500000000   0.7500000000          16           0
  1         1      -17.22127460           0.000000000    
  1         2      -17.22127460           0.000000000    
  1         3      -13.71462317           0.000000000    
  1         4      -13.71462317           0.000000000    
  1         5      -12.90456681           0.000000000    
  1         6      -12.90456681           0.000000000    
  1         7      -12.88574129           0.000000000    
  1         8      -12.88574129           0.000000000    
  1         9      -5.811417247           0.000000000    
  1        10      -5.811417247           0.000000000    
  1        11      -5.494520418           0.000000000    
  1        12      -5.494520418           0.000000000    
  1        13      -5.484275802           0.000000000    
  1        14      -5.484275802           0.000000000    
  1        15      -4.889896885           0.000000000    
  1        16      -4.889896885           0.000000000    
