# rank=1 tag=hlo interval=1.0s n_samples=37
# PEAK_RSS_GB = 25.269
#    t (s)      RSS (KB)     VmSize KB    thr    RssAnon KB     VmData KB
    0.00          6144        109920      2          2048         18072
    1.00         58204        785068      9         27484        422964
    2.00         78684        809308      9         43868        439332
    3.00         90972        823216      9         54108        449860
    4.00        112384       2325712     28         71424        698288
    5.00        112384       2481940     30         71424        724028
    6.00        342096       6409584     56        206928       1666396
    7.00        352336       6438244     56        215120       1677716
    8.00        411960       7326424     67        241976       1777992
    9.00       1107544       8401248     70        933464       2537260
   10.00       1398668      16487012     81       1216396      10061936
   11.00       8530112      16487012     81       8347840      10061936
   12.00       8530112      16487012     81       8347840      10061936
   13.01        610304       8547848     81        425984       2126528
   14.01       1007252       9444600     81        822932       2925340
   15.01        878696       8930548     81        694376       2420444
   16.01        926388       8965372     81        742068       2484544
   17.01        921612       9004704     81        737292       2530460
   18.01       7777252      34464292     81       7592932      27999060
   19.01      14246088      34464292     81      14061768      28016700
   20.01      17539144      35447332     81      17354824      28901756
   21.01      21550024      35447332     81      21365704      28901756
   22.01      23284844      35447332     81      23100524      28901756
   23.01      25833304      35316260     81      25648984      28787028
   24.02      25833304      35316260     81      25648984      28787028
   25.02      25833304      35316260     81      25648984      28787028
   26.02      25833304      35316260     81      25648984      28787028
   27.02      25833304      35316260     81      25648984      28787028
   28.02      25833304      35316260     81      25648984      28787028
   29.02      25833304      35316260     81      25648984      28787028
   30.02      25833304      35316260     81      25648984      28787028
   31.02      25833304      35316260     81      25648984      28787028
   32.02      26496856      35316260     81      26312536      28787028
   33.03       2863028      11723968     81       2678708       5194704
   34.03       2994524      11957444     81       2810204       5428116
   35.03       1052848       9858412     81        868528       3329104
   35.49        866868       9587832     78        682548       3066980
