# rank=0 tag=hlo interval=1.0s n_samples=37
# PEAK_RSS_GB = 25.300
#    t (s)      RSS (KB)     VmSize KB    thr    RssAnon KB     VmData KB
    0.00          4096        109920      2          2048         18072
    1.00         53644        785068      9         27020        422964
    2.00         74124        809308      9         43404        439332
    3.00         84364        822320      9         51596        448964
    4.00        111488       2794092     34         72576        774380
    5.00        113752       2950496     36         74840        800136
    6.00        340888       7402444     62        211864       1744264
    7.00        355224       7431092     62        222104       1755572
    8.00        418948       7794980     73        251012       1853872
    9.00       1068716       8847112     76        894636       2590988
   10.00       6539996      16327552     79       6365916      10026548
   11.00       8520412      16327552     79       8346332      10026548
   12.00        564508       8423036     79        390428       2121984
   13.00       1012652       9128304     79        838572       2858016
   14.00        896956       8649032     79        722876       2413168
   15.00        896956       8649032     79        722876       2413168
   16.00        896956       8649032     79        722876       2414352
   17.00        962004       9364452     87        785876       2624836
   18.01      10932508      34772120     87      10754332      28066452
   19.01      14067232      34772120     87      13889056      28084000
   20.01      17574632      35755160     87      17396456      28984580
   21.01      21572252      35820696     87      21394076      28998092
   22.01      23310268      35820696     87      23132092      28998092
   23.01      25865032      35755160     87      25686856      28984580
   24.01      25865032      35755160     87      25686856      28984580
   25.01      25865032      35755160     87      25686856      28984580
   26.01      25865032      35755160     87      25686856      28984580
   27.01      25865032      35755160     87      25686856      28984580
   28.01      25865032      35755160     87      25686856      28984580
   29.01      25865032      35755160     87      25686856      28984580
   30.01      25865032      35755160     87      25686856      28984580
   31.01      25865032      35755160     87      25686856      28984580
   32.01      26528816      35755160     87      26350640      28984580
   33.01       3121612      12349636     87       2943436       5578976
   34.01       3040096      12536312     87       2861920       5765636
   35.01       1070828      10297312     87        892652       3526468
   35.49        923104      10064916     78        744928       3302648
