# rank=2 tag=hlo interval=1.0s n_samples=37
# PEAK_RSS_GB = 25.369
#    t (s)      RSS (KB)     VmSize KB    thr    RssAnon KB     VmData KB
    0.00          6144        109920      2          2048         18072
    1.00         58216        785068      9         27496        422964
    2.00         76648        809312      9         41832        439336
    3.00         90984        823216      9         54120        449860
    4.00        113048       2324696     28         70040        697272
    5.00        113048       2481952     30         70040        724060
    6.00        336984       6406592     56        203864       1663924
    7.00        349272       6438384     56        214104       1677876
    8.00        412424       7326540     67        244488       1777380
    9.00       1104348       8400144     70        932316       2536292
   10.00       1583072      16487128     81       1402848      10062260
   11.00       8533364      16487128     81       8353140      10062260
   12.00       8533364      16487128     81       8353140      10062260
   13.00        607416       8545544     81        425144       2125532
   14.02        748568       8681948     81        566296       2261912
   15.02        906512       8930568     81        724240       2447928
   16.02        951124       8965488     81        768852       2511164
   17.02        953944       9004844     81        771672       2563160
   18.02       7275104      34438508     81       7090784      28004008
   19.02      14393164      34438508     81      14208844      28021556
   20.02      17848548      35421548     81      17664228      28939668
   21.02      21595160      36404588     81      21410840      29824364
   22.02      23690928      36404588     81      23506608      29824364
   23.02      25937444      36339052     81      25753124      29767000
   24.02      25937444      36339052     81      25753124      29767000
   25.02      25937444      36339052     81      25753124      29767000
   26.02      25937444      36339052     81      25753124      29767000
   27.03      25937444      36339052     81      25753124      29767000
   28.03      25937444      36339052     81      25753124      29767000
   29.03      25937444      36339052     81      25753124      29767000
   30.03      25937444      36339052     81      25753124      29767000
   31.03      26189348      36339052     81      26005028      29767000
   32.03      26600996      36339052     81      26416676      29767000
   33.03       3221476      12959452     81       3037156       6387320
   34.03       3235556      13379412     81       3051236       6807264
   35.03       1603480      11339736     81       1419160       4767592
   35.49        979348      10636548     78        795028       4065024
