# rank=3 tag=hlo interval=1.0s n_samples=37
# PEAK_RSS_GB = 25.306
#    t (s)      RSS (KB)     VmSize KB    thr    RssAnon KB     VmData KB
    0.00          6144        109920      2          2048         18072
    1.00         58164        783400      9         27444        421296
    2.00         80692        808284      9         43828        438308
    3.00         90932        822212      9         54068        448856
    4.00        114756       2324596     28         71748        697340
    5.00        114756       2480856     30         71748        722952
    6.00        340404       6409604     56        207284       1666424
    7.00        352692       6437220     56        217524       1676700
    8.00        419732       7325416     67        247700       1777000
    9.00       1100424       8318164     69        924296       2519428
   10.00       2260020      16482360     81       2079796      10056860
   11.00       8530356      16482360     81       8350132      10056860
   12.00       8530356      16482360     81       8350132      10056860
   13.00        610184       8543292     81        427912       2121580
   14.00        948472       9439932     81        766200       2903308
   15.00        903244       8924852     81        720972       2440132
   16.00        948272       8960724     81        766000       2503556
   17.00        942252       9000088     81        759980       2549408
   18.01       7687336      34459676     81       7505064      28019752
   19.01      14723496      34459676     81      14541224      28037300
   20.01      17833200      35442716     81      17650928      28937880
   21.01      21577920      35508252     81      21395648      28951392
   22.01      23583964      35442716     81      23401692      28937880
   23.01      25871752      35442716     81      25689480      28937880
   24.01      25871752      35442716     81      25689480      28937880
   25.01      25871752      35442716     81      25689480      28937880
   26.01      25871752      35442716     81      25689480      28937880
   27.01      25871752      35442716     81      25689480      28937880
   28.01      25871752      35442716     81      25689480      28937880
   29.01      25871752      35442716     81      25689480      28937880
   30.01      25871752      35442716     81      25689480      28937880
   31.01      25929096      35442716     81      25746824      28937880
   32.01      26535304      35442716     81      26353032      28937880
   33.01       2760540      11663892     81       2576220       5158992
   34.01       3042104      12223868     81       2857784       5718936
   35.01       1514452      10417476     81       1330132       3912576
   35.49        926144       9802488     78        741824       3298208
