# x y z
0.653766 0.681197 0.979337
0.225389 0.751047 0.094382
0.089892 0.566996 0.884672
0.135883 0.697694 0.840674
0.106380 0.458175 0.805040
0.137183 0.721664 0.156959
0.629916 0.748895 0.857325
0.490785 0.363378 0.048737
0.056739 0.344001 0.921516
0.710089 0.276399 0.050761
0.588790 0.008249 0.092660
0.746523 0.516915 0.970361
0.498384 0.159279 0.046248
0.951723 0.792867 0.008697
0.254198 0.492336 0.103420
0.053483 0.690643 0.932039
0.469529 0.404502 0.975643
0.683010 0.893215 0.193932
0.500621 0.926077 0.147395
0.759637 0.097845 0.697961
0.940539 0.365199 0.046961
0.047767 0.624883 0.239546
0.477601 0.060923 0.981590
0.693253 0.877588 0.128669
0.427844 0.524820 0.746521
0.007444 0.235412 0.094288
0.339611 0.934266 0.849171
0.660516 0.517616 0.020504
0.499418 0.852418 0.803118
0.334227 0.375243 0.134271
0.415203 0.544784 0.904885
0.999245 0.493980 0.112122
0.944267 0.518172 0.996377
0.521500 0.609323 0.160185
0.319939 0.980186 0.120199
0.844619 0.521428 0.047009
0.183881 0.400848 0.864080
0.338618 0.959261 0.196882
0.322439 0.158096 0.004277
0.697493 0.567874 0.913054
0.704125 0.183797 0.960692
0.265846 0.378352 0.225228
0.594120 0.893430 0.302345
0.419915 0.516574 0.838252
0.420078 0.240758 0.922217
0.375842 0.712124 0.194658
0.990711 0.754588 0.099422
0.544779 0.668691 0.094727
0.665048 0.446803 0.091812
0.680223 0.914457 0.911817
0.575470 0.284078 0.973603
0.577675 0.938224 0.860487
0.424034 0.930516 0.907283
0.165476 0.891612 0.891652
0.134035 0.450421 0.160673
0.703662 0.094385 0.018904
0.852806 0.428236 0.951816
0.130502 0.860129 0.769678
0.702765 0.262519 0.912720
0.886849 0.277589 0.992127