# Generated by LORRAX 0.1.0 at 2026-05-08 17:27:02 UTC
  0.000000000  0.000000000  0.000000000     150
       1       1  -76.725135401  -93.993201201
       1       2  -76.725135401  -93.993201198
       1       3  -76.724899131  -94.279882143
       1       4  -76.724899131  -94.279882140
       1       5  -48.778595013  -60.619184053
       1       6  -48.778595013  -60.619184060
       1       7  -48.777075076  -60.722823238
       1       8  -48.777075076  -60.722823241
       1       9  -47.753294757  -57.469936581
       1      10  -47.753294757  -57.469936581
       1      11  -47.750089601  -57.545659961
       1      12  -47.750089601  -57.545659962
       1      13  -47.748449343  -57.703791110
       1      14  -47.748449343  -57.703791110
       1      15  -47.748116407  -57.755853493
       1      16  -47.748116407  -57.755853491
       1      17  -18.442631130  -22.684653332
       1      18  -18.442631130  -22.684653333
       1      19  -17.724345860  -19.923182390
       1      20  -17.724345860  -19.923182386
       1      21  -17.417588275  -21.277907475
       1      22  -17.417588275  -21.277907475
       1      23  -17.415499037  -21.277770513
       1      24  -17.415499037  -21.277770509
       1      25  -17.326061538  -20.461206952
       1      26  -17.326061538  -20.461206962
       1      27  -17.325382839  -20.459790225
       1      28  -17.325382839  -20.459790228
       1      29   -9.962131075  -12.335950151
       1      30   -9.962131075  -12.335950136
       1      31   -9.546506827   -8.294557997
       1      32   -9.546506827   -8.294558026
       1      33   -9.216424170  -10.117054322
       1      34   -9.216424170  -10.117054273
       1      35   -9.156173972   -9.683933893
       1      36   -9.156173972   -9.683933863
       1      37   -8.997457847  -10.743901326
       1      38   -8.997457847  -10.743901321
       1      39   -8.633983424   -9.948665270
       1      40   -8.633983424   -9.948665268
       1      41   -8.599558602   -9.888793437
       1      42   -8.599558602   -9.888793431
       1      43   -8.102992141  -11.100794021
       1      44   -8.102992141  -11.100794022
       1      45   -7.817397602   -7.058855269
       1      46   -7.817397602   -7.058855271
       1      47   -7.753863199   -7.290035911
       1      48   -7.753863199   -7.290035918
       1      49   -7.706161714   -8.745687142
       1      50   -7.706161714   -8.745687132
       1      51   -7.491666069   -8.496387817
       1      52   -7.491666069   -8.496387797
       1      53   -7.248725916   -7.815769280
       1      54   -7.248725916   -7.815769262
       1      55   -7.033074318   -5.722917064
       1      56   -7.033074318   -5.722917054
       1      57   -6.545039619   -6.296424176
       1      58   -6.545039619   -6.296424205
       1      59   -6.362494350   -7.366072343
       1      60   -6.362494350   -7.366072397
       1      61   -5.933064053   -5.236011430
       1      62   -5.933064053   -5.236011458
       1      63   -5.465389921   -7.008128549
       1      64   -5.465389921   -7.008128526
       1      65   -5.119623318   -5.013330501
       1      66   -5.119623318   -5.013330424
       1      67   -5.034841903   -4.390774945
       1      68   -5.034841903   -4.390775002
       1      69   -5.030535434   -2.770343545
       1      70   -5.030535434   -2.770343490
       1      71   -4.926684039   -2.474003294
       1      72   -4.926684039   -2.474003257
       1      73   -4.768529142   -2.654695790
       1      74   -4.768529142   -2.654695858
       1      75   -4.740411140    0.315028229
       1      76   -4.740411140    0.315028150
       1      77   -3.711506758    2.729736309
       1      78   -3.711506758    2.729736332
       1      79   -3.665943944    2.780980585
       1      80   -3.665943944    2.780980685
       1      81   -3.490123906    1.663266870
       1      82   -3.490123906    1.663266842
       1      83   -3.228043398    0.794497203
       1      84   -3.228043398    0.794497201
       1      85   -0.842379368    2.836421474
       1      86   -0.842379368    2.836421457
       1      87   -0.370984778    4.409977580
       1      88   -0.370984778    4.409977665
       1      89   -0.006286193    8.903353472
       1      90   -0.006286193    8.903353422
       1      91    0.084590284   14.576991102
       1      92    0.084590284   14.576991095
       1      93    0.830398700   -1.872123303
       1      94    0.830398700   -1.872123178
       1      95    1.200861182   13.629414711
       1      96    1.200861182   13.629414674
       1      97    1.264713213   -3.778590363
       1      98    1.264713213   -3.778590394
       1      99    1.269372066   -2.396415953
       1     100    1.269372066   -2.396416005
       1     101    1.307708989    5.362376884
       1     102    1.307708989    5.362376832
       1     103    1.309213878    4.469177702
       1     104    1.309213878    4.469177717
       1     105    2.203352693    2.215951226
       1     106    2.203352693    2.215951243
       1     107    2.619968417    2.093567850
       1     108    2.619968417    2.093567910
       1     109    2.641538443    2.991854663
       1     110    2.641538443    2.991854319
       1     111    2.660741796    3.855179911
       1     112    2.660741796    3.855179967
       1     113    2.784204767    8.734369302
       1     114    2.784204767    8.734369357
       1     115    2.944108954    0.833686151
       1     116    2.944108954    0.833686329
       1     117    3.098870172    1.265669690
       1     118    3.098870172    1.265669234
       1     119    3.255175545    0.013990626
       1     120    3.255175545    0.013990235
       1     121    3.374609434    1.380061641
       1     122    3.374609434    1.380061985
       1     123    3.427777904    2.830094595
       1     124    3.427777904    2.830095128
       1     125    3.934153214   39.125942871
       1     126    3.934153214   39.125942664
       1     127    4.004821215    5.984408842
       1     128    4.004821215    5.984409313
       1     129    4.010074153   41.843485322
       1     130    4.010074153   41.843483495
       1     131    4.051568029    7.203618795
       1     132    4.051568029    7.203620170
       1     133    4.251319513   11.578915419
       1     134    4.251319513   11.578914597
       1     135    4.294866411   10.442348168
       1     136    4.294866411   10.442348032
       1     137    4.392115092    4.210013942
       1     138    4.392115092    4.210015021
       1     139    4.486167172    1.096238841
       1     140    4.486167172    1.096239496
       1     141    4.497400052    5.359798250
       1     142    4.497400052    5.359797910
       1     143    4.575853473   -0.812169900
       1     144    4.575853473   -0.812169776
       1     145    5.121059845   30.937203130
       1     146    5.121059845   30.937217935
       1     147    5.211840840    5.194725018
       1     148    5.211840840    5.194723441
       1     149    5.243144047   12.543434023
       1     150    5.243144047   12.543450026
  0.000000000  0.166666667  0.000000000     150
       1       1  -76.725120730  -94.116096886
       1       2  -76.725120730  -94.116096887
       1       3  -76.724913074  -94.193265514
       1       4  -76.724913074  -94.193265515
       1       5  -48.778505388  -60.684411653
       1       6  -48.778505388  -60.684411664
       1       7  -48.777164307  -60.713586330
       1       8  -48.777164307  -60.713586340
       1       9  -47.753134348  -57.523308145
       1      10  -47.753134328  -57.523318154
       1      11  -47.750352846  -57.523559860
       1      12  -47.750352796  -57.523619095
       1      13  -47.748356938  -57.725952529
       1      14  -47.748356888  -57.726010841
       1      15  -47.748105602  -57.774603405
       1      16  -47.748105581  -57.774612517
       1      17  -18.385017292  -22.601952402
       1      18  -18.385017276  -22.601956075
       1      19  -17.691223853  -19.952226012
       1      20  -17.691223841  -19.952222552
       1      21  -17.495178326  -20.997587625
       1      22  -17.495178247  -20.997595176
       1      23  -17.448080222  -21.756352204
       1      24  -17.448080118  -21.756353977
       1      25  -17.332344518  -20.528766071
       1      26  -17.332344146  -20.528826702
       1      27  -17.331205958  -20.192592047
       1      28  -17.331205614  -20.192648656
       1      29   -9.968185120  -12.145092359
       1      30   -9.968184354  -12.145127316
       1      31   -9.535871356   -8.600026168
       1      32   -9.535871024   -8.600031998
       1      33   -9.194614788  -10.142308198
       1      34   -9.194607736  -10.142470039
       1      35   -9.173989538  -10.049132533
       1      36   -9.173979663  -10.049639488
       1      37   -9.046748715  -10.087761628
       1      38   -9.046745001  -10.087979613
       1      39   -8.634965997  -10.222517807
       1      40   -8.634959724  -10.222308875
       1      41   -8.295166349   -9.245164662
       1      42   -8.295158792   -9.245016972
       1      43   -8.040816496   -8.008954710
       1      44   -8.040815754   -8.008994043
       1      45   -7.833773686   -7.996325616
       1      46   -7.833770828   -7.997128236
       1      47   -7.744114360   -8.236974774
       1      48   -7.744112766   -8.237324857
       1      49   -7.647825363   -9.131091264
       1      50   -7.647820825   -9.131709305
       1      51   -7.431702625   -8.950779270
       1      52   -7.431699520   -8.951041859
       1      53   -7.233843513   -8.042122441
       1      54   -7.233840570   -8.042290962
       1      55   -7.013154575   -6.096748560
       1      56   -7.013152644   -6.096934506
       1      57   -6.615804258   -6.393434316
       1      58   -6.615802661   -6.393616399
       1      59   -6.446393772   -6.981148296
       1      60   -6.446392436   -6.981054310
       1      61   -6.136184070   -5.977434425
       1      62   -6.136178519   -5.977365114
       1      63   -5.770279773   -5.975449195
       1      64   -5.770278949   -5.975376663
       1      65   -5.120284831   -5.072796967
       1      66   -5.120284446   -5.072777192
       1      67   -4.988070340   -3.150371648
       1      68   -4.988069760   -3.150413962
       1      69   -4.950751671   -3.326197925
       1      70   -4.950751251   -3.326088451
       1      71   -4.845315162   -2.422416217
       1      72   -4.845313472   -2.422378623
       1      73   -4.778781116   -2.646633112
       1      74   -4.778780145   -2.646401961
       1      75   -4.725072993   -0.679076607
       1      76   -4.725072024   -0.679045195
       1      77   -3.718883148    1.862862001
       1      78   -3.718882834    1.862830332
       1      79   -3.647919969    2.642019611
       1      80   -3.647919727    2.641977941
       1      81   -3.545309010    2.035281123
       1      82   -3.545308275    2.035346148
       1      83   -3.349854523    2.073134599
       1      84   -3.349854237    2.073135174
       1      85   -0.588109131    3.892971611
       1      86   -0.588105991    3.892506021
       1      87   -0.346467813    3.131601211
       1      88   -0.346467531    3.131574064
       1      89    0.130194345   11.112070681
       1      90    0.130197754   11.111865761
       1      91    0.448253396   10.703115680
       1      92    0.448255230   10.701886697
       1      93    0.573635555   -2.375622100
       1      94    0.573636552   -2.376666256
       1      95    0.830322299   -1.234798358
       1      96    0.830323054   -1.234764470
       1      97    1.194561993    1.029329402
       1      98    1.194563048    1.029270353
       1      99    1.396485848    9.056814524
       1     100    1.396486812    9.056616490
       1     101    1.461828851    4.428081912
       1     102    1.461830111    4.428249251
       1     103    1.685119660    4.514948472
       1     104    1.685120011    4.514786232
       1     105    2.081877909    4.520620726
       1     106    2.081879299    4.520689279
       1     107    2.316697646    2.720401886
       1     108    2.316699484    2.720650952
       1     109    2.486360478    5.048362906
       1     110    2.486364112    5.041397252
       1     111    2.516525923    2.879373129
       1     112    2.516537875    2.883556649
       1     113    2.591038678    4.782736337
       1     114    2.591049241    4.776572311
       1     115    2.762325131    5.144450486
       1     116    2.762337201    5.142889167
       1     117    2.803119877    5.372944832
       1     118    2.803131018    5.371308988
       1     119    3.103368405    3.568225893
       1     120    3.103369830    3.568225831
       1     121    3.158748207    4.890294305
       1     122    3.158750762    4.889692213
       1     123    3.313005581    4.708299721
       1     124    3.313007144    4.704950638
       1     125    3.372490044    3.855239673
       1     126    3.372490645    3.860002381
       1     127    3.734331653    8.632488756
       1     128    3.734333875    8.632267950
       1     129    3.868442973   22.012319219
       1     130    3.868447072   22.013098030
       1     131    3.990555485   24.915585422
       1     132    3.990558063   24.916219869
       1     133    4.092402919   13.756841511
       1     134    4.092404171   13.747493562
       1     135    4.106893804   13.196156833
       1     136    4.106895186   13.199001328
       1     137    4.394359072   18.574284000
       1     138    4.394359813   18.574779375
       1     139    4.529790267   25.202843507
       1     140    4.529791574   25.203096093
       1     141    4.739433944   10.234272755
       1     142    4.739436328   10.234505064
       1     143    4.838680612   47.915819914
       1     144    4.838681950   47.915633917
       1     145    5.022924691   10.849592560
       1     146    5.022925531   10.849186773
       1     147    5.103211134   10.825914891
       1     148    5.103211672   10.826143720
       1     149    5.337942531   15.995746289
       1     150    5.337943379   15.997434065
  0.000000000  0.333333333  0.000000000     150
       1       1  -76.725087105  -94.211604075
       1       2  -76.725087105  -94.211604075
       1       3  -76.724948813  -94.097020709
       1       4  -76.724948813  -94.097020709
       1       5  -48.778273924  -60.692598996
       1       6  -48.778273923  -60.692599011
       1       7  -48.777397328  -60.713694226
       1       8  -48.777397328  -60.713694240
       1       9  -47.752713390  -57.587873682
       1      10  -47.752713358  -57.587891130
       1      11  -47.750932935  -57.461876396
       1      12  -47.750932879  -57.461922567
       1      13  -47.748233589  -57.644793931
       1      14  -47.748233543  -57.644809624
       1      15  -47.748071565  -57.849031251
       1      16  -47.748071542  -57.849018321
       1      17  -18.226984761  -22.447992679
       1      18  -18.226984734  -22.447999513
       1      19  -17.687447571  -21.412622288
       1      20  -17.687447526  -21.412631194
       1      21  -17.602841879  -19.921690212
       1      22  -17.602841869  -19.921683127
       1      23  -17.497002079  -21.807927337
       1      24  -17.497002020  -21.807927631
       1      25  -17.378900647  -19.967426221
       1      26  -17.378900613  -19.967428194
       1      27  -17.353444918  -20.434669786
       1      28  -17.353444854  -20.434669249
       1      29   -9.970653388  -11.801728128
       1      30   -9.970652817  -11.801746073
       1      31   -9.465737510   -9.582381391
       1      32   -9.465736467   -9.582407215
       1      33   -9.259375643  -10.565529396
       1      34   -9.259374363  -10.565485212
       1      35   -9.093671924   -9.567981309
       1      36   -9.093662997   -9.568036096
       1      37   -8.953385183   -9.512417379
       1      38   -8.953378959   -9.512277527
       1      39   -8.416953811   -9.194497129
       1      40   -8.416952946   -9.194174891
       1      41   -8.267554107   -7.643323123
       1      42   -8.267550745   -7.643342574
       1      43   -7.953644312   -8.768073541
       1      44   -7.953640989   -8.767314830
       1      45   -7.892706239   -6.697115660
       1      46   -7.892702149   -6.698199766
       1      47   -7.653070650   -8.205990046
       1      48   -7.653067455   -8.206463937
       1      49   -7.530913964   -9.255645374
       1      50   -7.530911419   -9.256485798
       1      51   -7.412906638   -8.551235638
       1      52   -7.412903019   -8.551816004
       1      53   -7.134321253   -8.873703729
       1      54   -7.134313104   -8.873851026
       1      55   -7.014742444   -8.941310991
       1      56   -7.014733122   -8.942138030
       1      57   -6.798900831   -7.877256003
       1      58   -6.798899476   -7.877500471
       1      59   -6.607013688   -6.459909699
       1      60   -6.607012445   -6.459861963
       1      61   -6.327455789   -6.427670758
       1      62   -6.327451068   -6.427823874
       1      63   -5.967478666   -5.838454795
       1      64   -5.967477539   -5.838481378
       1      65   -5.166115275   -3.450306396
       1      66   -5.166115033   -3.450267310
       1      67   -5.011910812   -5.461035269
       1      68   -5.011910403   -5.460942190
       1      69   -4.929625450   -2.195111182
       1      70   -4.929625187   -2.195076997
       1      71   -4.818110212   -2.634369712
       1      72   -4.818109848   -2.634257406
       1      73   -4.764971570   -2.219292417
       1      74   -4.764969819   -2.219129222
       1      75   -4.662534557   -1.943287119
       1      76   -4.662533885   -1.943310730
       1      77   -3.722287840    2.043610346
       1      78   -3.722287326    2.043604631
       1      79   -3.616020316    1.507894787
       1      80   -3.616019675    1.508324528
       1      81   -3.582365586    4.426661837
       1      82   -3.582364583    4.427139734
       1      83   -3.471399685    2.784998876
       1      84   -3.471398812    2.785091172
       1      85   -0.554286126   -0.476439004
       1      86   -0.554285988   -0.476469921
       1      87   -0.061204037    5.786968164
       1      88   -0.061196637    5.786071205
       1      89    0.283131560    6.682671927
       1      90    0.283139097    6.682352918
       1      91    0.440737423    1.455336842
       1      92    0.440741947    1.442581551
       1      93    0.471245671   -0.139248356
       1      94    0.471249638   -0.151433358
       1      95    0.689509154    1.314822472
       1      96    0.689509913    1.315201849
       1      97    1.187763156    5.859718964
       1      98    1.187765708    5.858706929
       1      99    1.239307246    5.721024127
       1     100    1.239309282    5.719473507
       1     101    1.346369229    6.406408972
       1     102    1.346369741    6.406834504
       1     103    1.556064953    5.473693781
       1     104    1.556065726    5.473066556
       1     105    1.782644318    5.118414656
       1     106    1.782644865    5.117797331
       1     107    2.076540712    4.324168317
       1     108    2.076541747    4.324998072
       1     109    2.166845556    4.190614706
       1     110    2.166847343    4.191521938
       1     111    2.323976055    9.319694789
       1     112    2.323977257    9.318391919
       1     113    2.378513883    4.068752746
       1     114    2.378515287    4.068812326
       1     115    2.608949123   10.529242207
       1     116    2.608949943   10.528928577
       1     117    2.827795525    5.590674543
       1     118    2.827805397    5.583835586
       1     119    2.840235491    6.101226793
       1     120    2.840244854    6.096085679
       1     121    3.219935182   11.255756820
       1     122    3.219937695   11.249686907
       1     123    3.251837493    8.816031171
       1     124    3.251839171    8.809251123
       1     125    3.291716048   16.077553426
       1     126    3.291716732   16.079592688
       1     127    3.394943491   15.701824737
       1     128    3.394945260   15.699040316
       1     129    3.500883212    2.458064631
       1     130    3.500884508    2.457344641
       1     131    3.943281677   15.986234241
       1     132    3.943283792   15.985506502
       1     133    3.993187656   12.948825941
       1     134    3.993188892   12.948563555
       1     135    4.065950173    9.317461043
       1     136    4.065952267    9.316006558
       1     137    4.155919708   13.640602187
       1     138    4.155919767   13.641033697
       1     139    4.442452290   37.700802041
       1     140    4.442453278   37.701345567
       1     141    4.589867202   19.718243996
       1     142    4.589869912   19.717728830
       1     143    4.837891657   24.029518963
       1     144    4.837895208   24.028244466
       1     145    5.386876134   34.472316224
       1     146    5.386877790   34.472721297
       1     147    5.556320801   47.155056558
       1     148    5.556321812   47.156101573
       1     149    5.691920575   29.705558723
       1     150    5.691922219   29.707097538
  0.000000000 -0.500000000  0.000000000     150
       1       1  -76.725053336  -94.471339507
       1       2  -76.725053336  -94.471339507
       1       3  -76.724973833  -94.098976325
       1       4  -76.724973833  -94.098976324
       1       5  -48.778085896  -60.778653255
       1       6  -48.778085896  -60.778653255
       1       7  -48.777579524  -60.662181527
       1       8  -48.777579524  -60.662181528
       1       9  -47.752367074  -57.736449218
       1      10  -47.752367074  -57.736449216
       1      11  -47.751341081  -57.342132537
       1      12  -47.751341081  -57.342132539
       1      13  -47.748195324  -57.647906735
       1      14  -47.748195324  -57.647906736
       1      15  -47.748042314  -57.857865017
       1      16  -47.748042314  -57.857864994
       1      17  -18.071028183  -22.455260463
       1      18  -18.071028183  -22.455260463
       1      19  -17.859050832  -21.543181235
       1      20  -17.859050832  -21.543181235
       1      21  -17.517992350  -21.813513757
       1      22  -17.517992350  -21.813513758
       1      23  -17.514384606  -20.106207990
       1      24  -17.514384606  -20.106207989
       1      25  -17.451073443  -19.831672488
       1      26  -17.451073443  -19.831672488
       1      27  -17.365090206  -20.310269138
       1      28  -17.365090206  -20.310269138
       1      29   -9.984580994  -11.632625406
       1      30   -9.984580994  -11.632625407
       1      31   -9.382961962  -10.522716080
       1      32   -9.382961962  -10.522716083
       1      33   -9.289059226  -10.316652783
       1      34   -9.289059226  -10.316652787
       1      35   -8.900126936   -8.837337837
       1      36   -8.900126936   -8.837337824
       1      37   -8.888840570   -9.622833519
       1      38   -8.888840570   -9.622833527
       1      39   -8.482219559   -8.262251010
       1      40   -8.482219559   -8.262251013
       1      41   -8.266142517   -7.243267906
       1      42   -8.266142517   -7.243267892
       1      43   -8.043016753   -7.713937259
       1      44   -8.043016753   -7.713937254
       1      45   -7.805360982   -7.706355781
       1      46   -7.805360982   -7.706355776
       1      47   -7.799650268   -8.027184437
       1      48   -7.799650268   -8.027184432
       1      49   -7.458412368   -7.482272725
       1      50   -7.458412368   -7.482272719
       1      51   -7.431095152  -10.190980716
       1      52   -7.431095152  -10.190980720
       1      53   -7.228175323   -9.586601591
       1      54   -7.228175323   -9.586601601
       1      55   -6.862855442   -8.095681747
       1      56   -6.862855442   -8.095681769
       1      57   -6.784022025   -9.958746541
       1      58   -6.784022025   -9.958746546
       1      59   -6.596461909   -7.549757964
       1      60   -6.596461909   -7.549757963
       1      61   -6.385200961   -5.928914153
       1      62   -6.385200961   -5.928914156
       1      63   -5.975178921   -5.976195706
       1      64   -5.975178921   -5.976195689
       1      65   -5.215979739   -3.476702377
       1      66   -5.215979739   -3.476702399
       1      67   -5.073246834   -6.068714303
       1      68   -5.073246834   -6.068714312
       1      69   -4.946900412   -2.759747108
       1      70   -4.946900412   -2.759747126
       1      71   -4.815089968   -2.498292929
       1      72   -4.815089968   -2.498292906
       1      73   -4.745165593   -1.754038330
       1      74   -4.745165593   -1.754038335
       1      75   -4.644018115   -1.973770890
       1      76   -4.644018115   -1.973770894
       1      77   -3.701751056    1.873844333
       1      78   -3.701751056    1.873844321
       1      79   -3.617031595    3.322954208
       1      80   -3.617031595    3.322954166
       1      81   -3.603520905    3.954995772
       1      82   -3.603520905    3.954995756
       1      83   -3.439719195    1.933175022
       1      84   -3.439719195    1.933175072
       1      85   -0.798924711   -1.085560464
       1      86   -0.798924711   -1.085560489
       1      87    0.184501626    0.997811885
       1      88    0.184501626    0.997811834
       1      89    0.320833143    1.047843689
       1      90    0.320833143    1.047843690
       1      91    0.515075106    3.568725942
       1      92    0.515075106    3.568725928
       1      93    0.515233368    6.091133798
       1      94    0.515233368    6.091133808
       1      95    0.582468183    5.720699471
       1      96    0.582468183    5.720699488
       1      97    0.663046106    7.080547691
       1      98    0.663046106    7.080547745
       1      99    1.040347242    6.266444877
       1     100    1.040347242    6.266444988
       1     101    1.109036531    0.494276698
       1     102    1.109036531    0.494276778
       1     103    1.585998813    1.269184714
       1     104    1.585998813    1.269184693
       1     105    1.773911657    5.960913014
       1     106    1.773911657    5.960913082
       1     107    1.950266972    6.420841204
       1     108    1.950266972    6.420841608
       1     109    2.502996128    6.225130566
       1     110    2.502996128    6.225130537
       1     111    2.561202465    6.659605643
       1     112    2.561202465    6.659605730
       1     113    2.615940997   18.150696591
       1     114    2.615940997   18.150696354
       1     115    2.652690237    3.553246185
       1     116    2.652690237    3.553246432
       1     117    2.709996551    8.324852907
       1     118    2.709996551    8.324852992
       1     119    2.712208061    1.762065795
       1     120    2.712208061    1.762065623
       1     121    2.803472118    8.160573813
       1     122    2.803472118    8.160573646
       1     123    3.038431678   13.646328934
       1     124    3.038431678   13.646329272
       1     125    3.050818837   12.751842265
       1     126    3.050818837   12.751842443
       1     127    3.291473599   14.556578646
       1     128    3.291473599   14.556578463
       1     129    3.307914957    7.295236182
       1     130    3.307914957    7.295236202
       1     131    3.754147604   16.585006356
       1     132    3.754147604   16.585006019
       1     133    3.807550748   16.153692184
       1     134    3.807550748   16.153691489
       1     135    4.205660842   27.537259234
       1     136    4.205660842   27.537259429
       1     137    4.394739417    8.749372518
       1     138    4.394739417    8.749375338
       1     139    4.815234593   13.628622103
       1     140    4.815234593   13.628622191
       1     141    5.046372434   45.844367586
       1     142    5.046372434   45.844372947
       1     143    5.128889421   44.415343925
       1     144    5.128889421   44.415343820
       1     145    5.328722953   35.440756373
       1     146    5.328722953   35.440756318
       1     147    5.851018291   88.405538670
       1     148    5.851018291   88.405538405
       1     149    5.903422330   53.852383961
       1     150    5.903422330   53.852386028
  0.166666667  0.166666667  0.000000000     150
       1       1  -76.725095559  -94.125272784
       1       2  -76.725095559  -94.125272782
       1       3  -76.724936413  -94.206396908
       1       4  -76.724936413  -94.206396904
       1       5  -48.778340565  -60.582272705
       1       6  -48.778340563  -60.582272728
       1       7  -48.777328051  -60.717597411
       1       8  -48.777328050  -60.717597429
       1       9  -47.752838208  -57.439952332
       1      10  -47.752838134  -57.439980491
       1      11  -47.750769497  -57.514576091
       1      12  -47.750769272  -57.514821347
       1      13  -47.748274706  -57.668616343
       1      14  -47.748273405  -57.669581831
       1      15  -47.748067680  -57.783399264
       1      16  -47.748066530  -57.784147907
       1      17  -18.276488234  -22.429776848
       1      18  -18.276488209  -22.429783034
       1      19  -17.631651469  -20.145675802
       1      20  -17.631651451  -20.145670631
       1      21  -17.608508827  -21.372895865
       1      22  -17.608508788  -21.372909311
       1      23  -17.511783792  -21.480039899
       1      24  -17.511783783  -21.480033243
       1      25  -17.358915699  -20.230344478
       1      26  -17.358915691  -20.230355511
       1      27  -17.343584641  -20.368430667
       1      28  -17.343584613  -20.368421485
       1      29   -9.925816283  -12.033870876
       1      30   -9.925815163  -12.033927028
       1      31   -9.530270245   -9.395657478
       1      32   -9.530269745   -9.395639523
       1      33   -9.225268947  -10.293356588
       1      34   -9.225267791  -10.293316320
       1      35   -9.154623250  -10.182089949
       1      36   -9.154621877  -10.182184794
       1      37   -9.013512468   -9.719778319
       1      38   -9.013506475   -9.719803232
       1      39   -8.453659916   -9.334958736
       1      40   -8.453657219   -9.334846750
       1      41   -8.215107639   -7.441606638
       1      42   -8.215106010   -7.441878114
       1      43   -8.014620385   -8.148829807
       1      44   -8.014615066   -8.148585886
       1      45   -7.850651101   -7.874550026
       1      46   -7.850649513   -7.874708872
       1      47   -7.726308989   -8.494197126
       1      48   -7.726308226   -8.494121133
       1      49   -7.477071117   -9.957926075
       1      50   -7.477070209   -9.957590354
       1      51   -7.362940892   -7.711157334
       1      52   -7.362939514   -7.712073750
       1      53   -7.248475784   -9.872097252
       1      54   -7.248473114   -9.872410271
       1      55   -7.043576841   -7.680670624
       1      56   -7.043570456   -7.680939365
       1      57   -6.695133216   -6.820051920
       1      58   -6.695131903   -6.820037350
       1      59   -6.514094498   -6.970862434
       1      60   -6.514093099   -6.971041710
       1      61   -6.315946691   -6.855787754
       1      62   -6.315938746   -6.856055042
       1      63   -6.022074160   -6.058757712
       1      64   -6.022072372   -6.058911799
       1      65   -5.071539543   -3.653411636
       1      66   -5.071538958   -3.653456750
       1      67   -5.042111210   -3.424326830
       1      68   -5.042110498   -3.424257163
       1      69   -4.901958189   -3.404222993
       1      70   -4.901957238   -3.404273462
       1      71   -4.836328818   -1.782163367
       1      72   -4.836328407   -1.782288326
       1      73   -4.763132701   -2.230701088
       1      74   -4.763131075   -2.230387318
       1      75   -4.690884527   -1.598347399
       1      76   -4.690883981   -1.598391651
       1      77   -3.752143711    1.168543354
       1      78   -3.752143094    1.168627749
       1      79   -3.608388105    3.240833860
       1      80   -3.608386769    3.240830765
       1      81   -3.581581762    3.158318370
       1      82   -3.581580366    3.158407714
       1      83   -3.420111569    3.564373982
       1      84   -3.420111033    3.564415894
       1      85   -0.391179264    0.879271308
       1      86   -0.391179056    0.879236979
       1      87   -0.233545711    4.866703203
       1      88   -0.233540245    4.865909478
       1      89    0.099913477    0.580271347
       1      90    0.099915675    0.577579150
       1      91    0.278440683    7.934400922
       1      92    0.278444388    7.936190155
       1      93    0.636748240    3.914130874
       1      94    0.636748263    3.914192058
       1      95    0.817000769   -0.865038834
       1      96    0.817001013   -0.865238069
       1      97    1.145344987    4.475084005
       1      98    1.145345541    4.474940199
       1      99    1.413155792    4.131712744
       1     100    1.413156258    4.131609907
       1     101    1.499766157    2.153434976
       1     102    1.499766707    2.153838481
       1     103    1.728554816    7.173364772
       1     104    1.728555233    7.173809313
       1     105    1.838645102    5.805183845
       1     106    1.838645485    5.804752100
       1     107    1.853154806    5.337736310
       1     108    1.853155393    5.338987229
       1     109    2.107973044    6.249375749
       1     110    2.107973898    6.250296210
       1     111    2.127370833    8.906727081
       1     112    2.127371140    8.907165191
       1     113    2.459804061    5.991281903
       1     114    2.459804165    5.991231939
       1     115    2.524056757    9.268037463
       1     116    2.524057264    9.267755843
       1     117    2.671403069    6.396204415
       1     118    2.671403481    6.395979287
       1     119    2.877315768    5.830075509
       1     120    2.877316387    5.830363076
       1     121    3.173539570   10.513916484
       1     122    3.173541206   10.513341541
       1     123    3.493889268   19.261462217
       1     124    3.493889622   19.261453387
       1     125    3.638174814   12.280973628
       1     126    3.638174909   12.281520942
       1     127    3.682173682    7.285983579
       1     128    3.682174552    7.284652021
       1     129    3.784531994   10.039007581
       1     130    3.784533481   10.040300460
       1     131    3.813280058    4.371956715
       1     132    3.813282403    4.372576896
       1     133    3.947305677   13.009267489
       1     134    3.947306065   13.008761734
       1     135    4.103618398    4.795460295
       1     136    4.103619273    4.795620904
       1     137    4.333570633   12.828409456
       1     138    4.333571562   12.828287647
       1     139    4.564047026   55.809153238
       1     140    4.564048134   55.810779436
       1     141    4.599676064    6.572085978
       1     142    4.599676677    6.573624772
       1     143    5.177607630   11.886975288
       1     144    5.177608959   11.886185631
       1     145    5.231966068   13.148330601
       1     146    5.231966778   13.148135084
       1     147    5.425175807    7.860911055
       1     148    5.425176814    7.860646949
       1     149    5.466589457   48.022495765
       1     150    5.466589786   48.023146838
  0.166666667  0.333333333  0.000000000     150
       1       1  -76.725055884  -94.306125384
       1       2  -76.725055884  -94.306125380
       1       3  -76.724974951  -94.117972117
       1       4  -76.724974951  -94.117972115
       1       5  -48.778086783  -60.659871595
       1       6  -48.778086778  -60.659871691
       1       7  -48.777581235  -60.706705739
       1       8  -48.777581230  -60.706705825
       1       9  -47.752375413  -57.557437052
       1      10  -47.752375099  -57.557560483
       1      11  -47.751328280  -57.434083092
       1      12  -47.751327723  -57.434496214
       1      13  -47.748252700  -57.700411248
       1      14  -47.748250836  -57.700542020
       1      15  -47.747994164  -57.798411337
       1      16  -47.747992542  -57.798252355
       1      17  -18.093662469  -22.340322488
       1      18  -18.093662439  -22.340330281
       1      19  -17.798952532  -21.642741298
       1      20  -17.798952497  -21.642750677
       1      21  -17.568917152  -21.778933237
       1      22  -17.568917130  -21.778931770
       1      23  -17.533345219  -19.925821592
       1      24  -17.533345208  -19.925824046
       1      25  -17.419291490  -20.112373029
       1      26  -17.419291476  -20.112371325
       1      27  -17.365478485  -20.255777504
       1      28  -17.365478465  -20.255773661
       1      29   -9.857532375  -11.675579409
       1      30   -9.857531473  -11.675632322
       1      31   -9.454997600  -10.262037408
       1      32   -9.454996130  -10.262062799
       1      33   -9.230526047   -9.999368422
       1      34   -9.230523366   -9.999455317
       1      35   -9.062749997  -10.047946443
       1      36   -9.062742310  -10.048080048
       1      37   -8.897625462   -9.319575981
       1      38   -8.897617508   -9.319411647
       1      39   -8.525516456   -8.165274642
       1      40   -8.525515442   -8.164970929
       1      41   -8.317295387   -8.363726717
       1      42   -8.317292445   -8.363821727
       1      43   -8.053036093   -7.480508023
       1      44   -8.053032048   -7.480543075
       1      45   -7.856510982   -7.131347002
       1      46   -7.856509170   -7.131215902
       1      47   -7.703264920   -8.311924496
       1      48   -7.703263574   -8.311423408
       1      49   -7.539027540   -8.768601158
       1      50   -7.539025344   -8.768674802
       1      51   -7.286692239   -9.667074648
       1      52   -7.286689769   -9.666882318
       1      53   -7.099040054   -8.573207143
       1      54   -7.099038500   -8.573204875
       1      55   -6.895696081   -9.528510680
       1      56   -6.895690223   -9.528793327
       1      57   -6.780308382   -8.359170131
       1      58   -6.780306413   -8.359256221
       1      59   -6.560225606   -7.771980765
       1      60   -6.560223354   -7.772329380
       1      61   -6.361733167   -6.041492800
       1      62   -6.361729098   -6.041859432
       1      63   -6.138221618   -6.293703665
       1      64   -6.138218890   -6.293574924
       1      65   -5.127471239   -3.218561161
       1      66   -5.127470998   -3.218559958
       1      67   -5.030508890   -4.666343318
       1      68   -5.030508614   -4.666307376
       1      69   -4.942005281   -3.749241457
       1      70   -4.942004976   -3.749281579
       1      71   -4.849386677   -2.576986810
       1      72   -4.849385910   -2.576855224
       1      73   -4.740226582   -2.100726410
       1      74   -4.740225517   -2.100412454
       1      75   -4.669634104   -1.645957726
       1      76   -4.669633437   -1.645907542
       1      77   -3.712079713    2.675259702
       1      78   -3.712079168    2.675310155
       1      79   -3.597355321    3.156142119
       1      80   -3.597354675    3.156262643
       1      81   -3.538925309    4.180895780
       1      82   -3.538924428    4.181023956
       1      83   -3.440278372    2.634814920
       1      84   -3.440277773    2.634854659
       1      85   -0.659533361   -0.967595600
       1      86   -0.659533198   -0.967601202
       1      87   -0.137024845    2.068780220
       1      88   -0.137024228    2.068512182
       1      89    0.167443696    2.557771754
       1      90    0.167448550    2.556738726
       1      91    0.306694434    1.898559152
       1      92    0.306696212    1.896832436
       1      93    0.544233622    6.806737904
       1      94    0.544236287    6.805119101
       1      95    0.580514444    4.853291024
       1      96    0.580517358    4.855626776
       1      97    0.873179254    0.330252264
       1      98    0.873180336    0.328661590
       1      99    1.027386149    5.977940974
       1     100    1.027386751    5.978507660
       1     101    1.169733663    8.405502529
       1     102    1.169734747    8.406295906
       1     103    1.377671747    1.620911770
       1     104    1.377672986    1.620817660
       1     105    1.504801711    4.347643186
       1     106    1.504802887    4.347665532
       1     107    1.888937376    5.160222876
       1     108    1.888938123    5.159927758
       1     109    2.107263459    7.664172878
       1     110    2.107264015    7.664443342
       1     111    2.178680004    7.770977253
       1     112    2.178680807    7.770920240
       1     113    2.428208008   12.701910010
       1     114    2.428208984   12.701654236
       1     115    2.629432382   11.068458131
       1     116    2.629432864   11.068038928
       1     117    2.688966651   12.439440723
       1     118    2.688967527   12.439803120
       1     119    3.105668677   12.585954807
       1     120    3.105669771   12.585718422
       1     121    3.183795086    7.563616779
       1     122    3.183797643    7.562397397
       1     123    3.315628036   11.538389601
       1     124    3.315629790   11.536389405
       1     125    3.402305115   14.586777309
       1     126    3.402306485   14.587185441
       1     127    3.685272735   11.051419466
       1     128    3.685275239   11.051669741
       1     129    3.806076418    9.369367120
       1     130    3.806079396    9.370295221
       1     131    3.989442099   13.234264423
       1     132    3.989444881   13.235383235
       1     133    4.040003203   11.928775121
       1     134    4.040004075   11.930740876
       1     135    4.364777888   14.320698760
       1     136    4.364781457   14.320347050
       1     137    4.643678234   13.170363095
       1     138    4.643682196   13.170177932
       1     139    4.872509725   37.346385993
       1     140    4.872511210   37.346441206
       1     141    5.155219944    8.322145659
       1     142    5.155220438    8.322389854
       1     143    5.345426936   25.659159047
       1     144    5.345429823   25.657005020
       1     145    5.480819252   43.815942690
       1     146    5.480821023   43.815222369
       1     147    5.504626869   26.503268253
       1     148    5.504629348   26.504825755
       1     149    5.660144939   66.272426372
       1     150    5.660145743   66.272691384
  0.333333333  0.333333333  0.000000000     150
       1       1  -76.725017004  -94.161763890
       1       2  -76.725017003  -94.161763877
       1       3  -76.725014956  -94.161761962
       1       4  -76.725014955  -94.161761953
       1       5  -48.777836513  -60.681043591
       1       6  -48.777834592  -60.681099161
       1       7  -48.777834465  -60.681041721
       1       8  -48.777832544  -60.681097290
       1       9  -47.752035626  -57.511299031
       1      10  -47.752033948  -57.510900554
       1      11  -47.751692932  -57.502896597
       1      12  -47.751690910  -57.502894631
       1      13  -47.748285029  -57.745633213
       1      14  -47.748282954  -57.745631073
       1      15  -47.747939539  -57.740690557
       1      16  -47.747937807  -57.740291838
       1      17  -17.928582690  -22.147998154
       1      18  -17.928581906  -22.148013789
       1      19  -17.927373716  -22.155399645
       1      20  -17.927372933  -22.155414360
       1      21  -17.634054952  -21.561656806
       1      22  -17.634054951  -21.561656752
       1      23  -17.460797264  -20.173699073
       1      24  -17.460796829  -20.173715325
       1      25  -17.460672337  -20.179507913
       1      26  -17.460671900  -20.179524169
       1      27  -17.385482590  -19.938986023
       1      28  -17.385482589  -19.938986116
       1      29   -9.605655160  -11.234974855
       1      30   -9.605654789  -11.234983869
       1      31   -9.558513992  -11.292955883
       1      32   -9.558509620  -11.293117766
       1      33   -9.144664670   -9.216101715
       1      34   -9.144664613   -9.216126805
       1      35   -9.061317682   -9.477930272
       1      36   -9.061317536   -9.477916647
       1      37   -9.011514964   -9.164006251
       1      38   -9.011504791   -9.164293287
       1      39   -8.597646398   -9.350160430
       1      40   -8.597646196   -9.350148549
       1      41   -8.335062591   -7.917424304
       1      42   -8.335062441   -7.917414847
       1      43   -8.308688338   -8.240982875
       1      44   -8.308681191   -8.241113322
       1      45   -7.836544464   -7.400958006
       1      46   -7.836544004   -7.400979195
       1      47   -7.732458777   -7.062527153
       1      48   -7.732458022   -7.062516344
       1      49   -7.345565998   -9.285940164
       1      50   -7.345565935   -9.285951630
       1      51   -7.228707556   -9.505343393
       1      52   -7.228704984   -9.505354241
       1      53   -7.018550216   -8.445775913
       1      54   -7.018549964   -8.445745286
       1      55   -6.791935684   -8.975658006
       1      56   -6.791935479   -8.975652371
       1      57   -6.781153203   -9.017171444
       1      58   -6.781142351   -9.017394638
       1      59   -6.517125175   -8.290443114
       1      60   -6.517125039   -8.290448752
       1      61   -6.395592855   -6.252341374
       1      62   -6.395582426   -6.252489800
       1      63   -6.293786470   -6.498280007
       1      64   -6.293786296   -6.498334656
       1      65   -5.023434322   -3.571415565
       1      66   -5.023433571   -3.571162638
       1      67   -5.002893204   -4.045123477
       1      68   -5.002892119   -4.045274589
       1      69   -4.983026037   -3.141838097
       1      70   -4.983025423   -3.141521851
       1      71   -4.917308340   -3.565714170
       1      72   -4.917308113   -3.566210644
       1      73   -4.724824066   -1.839200200
       1      74   -4.724823762   -1.839174052
       1      75   -4.692328986   -0.751069771
       1      76   -4.692327617   -0.750752183
       1      77   -3.697310459    5.057667628
       1      78   -3.697310133    5.057658648
       1      79   -3.545078497    3.456149501
       1      80   -3.545077450    3.456122067
       1      81   -3.535503976    3.272877275
       1      82   -3.535502751    3.272859215
       1      83   -3.376235938    2.569122063
       1      84   -3.376235670    2.569123928
       1      85   -0.561588444    0.316814323
       1      86   -0.561588086    0.316869006
       1      87   -0.557211348    0.241243638
       1      88   -0.557211152    0.241265390
       1      89    0.032801801   -1.243170608
       1      90    0.032801815   -1.243173781
       1      91    0.328413304    4.622689966
       1      92    0.328414907    4.621958481
       1      93    0.340100605    4.645911650
       1      94    0.340100777    4.645916968
       1      95    0.730749362    1.770684054
       1      96    0.730750043    1.770739656
       1      97    0.735747040    1.903994200
       1      98    0.735747943    1.904465504
       1      99    0.910131679    8.044714740
       1     100    0.910131704    8.044761762
       1     101    1.122134958    8.393916464
       1     102    1.122134973    8.393917796
       1     103    1.278233550    7.240244718
       1     104    1.278233703    7.240169568
       1     105    1.278907232    6.701875936
       1     106    1.278907410    6.702069577
       1     107    1.494961909   -0.224140932
       1     108    1.494961942   -0.224133471
       1     109    2.068574706    9.598780728
       1     110    2.068575682    9.598659537
       1     111    2.071021614    9.707332284
       1     112    2.071022124    9.707280716
       1     113    2.532144196   12.461610624
       1     114    2.532144251   12.461625500
       1     115    2.670622005   12.038884000
       1     116    2.670622248   12.038800473
       1     117    2.682124538   11.433907738
       1     118    2.682124845   11.434089547
       1     119    2.809965548   11.241958525
       1     120    2.809965617   11.242061716
       1     121    3.142067411   16.737360300
       1     122    3.142067453   16.737342441
       1     123    3.736597707   12.265058784
       1     124    3.736598078   12.264938610
       1     125    3.763142476   10.949007513
       1     126    3.763142590   10.948939945
       1     127    4.164543734    8.561773338
       1     128    4.164548529    8.561195509
       1     129    4.198732659    9.269592896
       1     130    4.198733080    9.269498640
       1     131    4.258562833   11.796506326
       1     132    4.258562989   11.796422270
       1     133    4.692673707   18.469163085
       1     134    4.692677692   18.469444388
       1     135    4.714337644   19.517986153
       1     136    4.714337892   19.518039989
       1     137    4.786619837   27.537056601
       1     138    4.786620032   27.537045975
       1     139    5.199609005   23.382718667
       1     140    5.199610660   23.381718925
       1     141    5.209615808   23.140094314
       1     142    5.209616174   23.139989833
       1     143    5.339291277   27.287122042
       1     144    5.339291327   27.287099102
       1     145    5.751119040    2.061113471
       1     146    5.751119145    2.060696166
       1     147    5.850263098   31.392585804
       1     148    5.850269135   31.394443584
       1     149    5.871472391   39.518073886
       1     150    5.871472706   39.518282020
 -0.166666667  0.500000000  0.000000000     150
       1       1  -76.725055891  -94.276184492
       1       2  -76.725055891  -94.276184491
       1       3  -76.724974947  -94.110040798
       1       4  -76.724974947  -94.110040800
       1       5  -48.778086789  -60.786254298
       1       6  -48.778086783  -60.786254401
       1       7  -48.777581227  -60.648902633
       1       8  -48.777581222  -60.648902739
       1       9  -47.752375412  -57.684193076
       1      10  -47.752375107  -57.684312216
       1      11  -47.751328268  -57.407628059
       1      12  -47.751327724  -57.408033437
       1      13  -47.748252700  -57.720345718
       1      14  -47.748250841  -57.720480664
       1      15  -47.747994161  -57.775990923
       1      16  -47.747992541  -57.775839518
       1      17  -18.093664226  -22.452334341
       1      18  -18.093664195  -22.452342085
       1      19  -17.798936516  -21.585801636
       1      20  -17.798936479  -21.585810654
       1      21  -17.568908839  -21.802896908
       1      22  -17.568908817  -21.802895992
       1      23  -17.533459839  -20.094325799
       1      24  -17.533459830  -20.094332146
       1      25  -17.419067655  -19.779901409
       1      26  -17.419067639  -19.779901115
       1      27  -17.365610314  -20.307794777
       1      28  -17.365610294  -20.307792063
       1      29   -9.857463863  -11.571972520
       1      30   -9.857462949  -11.572026837
       1      31   -9.455012913  -10.491076066
       1      32   -9.455011472  -10.491098719
       1      33   -9.231187555  -10.214852292
       1      34   -9.231184881  -10.214952349
       1      35   -9.062257663   -8.984243203
       1      36   -9.062249993   -8.984381368
       1      37   -8.896962690   -9.391457008
       1      38   -8.896954556   -9.391313427
       1      39   -8.526652706   -8.504009832
       1      40   -8.526651479   -8.503712345
       1      41   -8.317999722   -8.527771691
       1      42   -8.317996557   -8.527888423
       1      43   -8.050063285   -7.550373974
       1      44   -8.050059365   -7.550409789
       1      45   -7.856656639   -7.033104755
       1      46   -7.856654956   -7.033178638
       1      47   -7.704943030   -8.101869501
       1      48   -7.704941608   -8.101453652
       1      49   -7.539496840   -9.105657605
       1      50   -7.539494587   -9.105778009
       1      51   -7.284448811   -9.324544199
       1      52   -7.284446524   -9.324340843
       1      53   -7.103064239   -9.049641495
       1      54   -7.103062509   -9.049649796
       1      55   -6.893717789   -9.149568729
       1      56   -6.893711541   -9.149878457
       1      57   -6.779305900   -8.503266118
       1      58   -6.779304343   -8.503342664
       1      59   -6.560603672   -7.844828487
       1      60   -6.560601251   -7.845198507
       1      61   -6.362315478   -6.299256404
       1      62   -6.362311404   -6.299653597
       1      63   -6.137568201   -6.155041520
       1      64   -6.137565470   -6.154899849
       1      65   -5.128784424   -3.125346639
       1      66   -5.128784204   -3.125286291
       1      67   -5.028631598   -5.392768474
       1      68   -5.028631188   -5.392780329
       1      69   -4.944002606   -3.318388972
       1      70   -4.944002405   -3.318607097
       1      71   -4.848158622   -2.797116129
       1      72   -4.848157859   -2.796945305
       1      73   -4.740218059   -1.924432355
       1      74   -4.740217062   -1.924183137
       1      75   -4.669888199   -1.936353731
       1      76   -4.669887777   -1.936351991
       1      77   -3.711293420    3.377699793
       1      78   -3.711292600    3.377755319
       1      79   -3.596432363    3.411448128
       1      80   -3.596431107    3.411512290
       1      81   -3.540557899    3.049730479
       1      82   -3.540557002    3.049811269
       1      83   -3.440209183    2.380555738
       1      84   -3.440208854    2.380574899
       1      85   -0.658517381   -0.887503322
       1      86   -0.658517226   -0.887508017
       1      87   -0.138635961    0.596633086
       1      88   -0.138635310    0.596352722
       1      89    0.164144125    2.281952244
       1      90    0.164148784    2.280734076
       1      91    0.314033210    4.473344278
       1      92    0.314034786    4.471478127
       1      93    0.542759398    5.349350958
       1      94    0.542762133    5.347595448
       1      95    0.575735388    3.886669628
       1      96    0.575738247    3.888692022
       1      97    0.869891726    1.616467206
       1      98    0.869892843    1.614914701
       1      99    1.037722615    4.688568909
       1     100    1.037723228    4.689431048
       1     101    1.166700723    8.777855300
       1     102    1.166701875    8.778846209
       1     103    1.381585370    1.115923277
       1     104    1.381586598    1.115848271
       1     105    1.500958762    6.058759737
       1     106    1.500959865    6.058783449
       1     107    1.884929483    3.513099248
       1     108    1.884930191    3.512818210
       1     109    2.104434811    9.243655513
       1     110    2.104435491    9.243869514
       1     111    2.182649679    8.282180316
       1     112    2.182650383    8.282333590
       1     113    2.426805535   10.554308986
       1     114    2.426806504   10.554099558
       1     115    2.637573311   12.286442844
       1     116    2.637573915   12.286217219
       1     117    2.687974904   12.192259308
       1     118    2.687976077   12.192498933
       1     119    3.110375566   12.822722243
       1     120    3.110376764   12.822541067
       1     121    3.180379551    9.261760195
       1     122    3.180382205    9.260354112
       1     123    3.306470084   12.997959190
       1     124    3.306472168   12.996008343
       1     125    3.404034123   12.133728023
       1     126    3.404035345   12.134083508
       1     127    3.682352995    8.906629786
       1     128    3.682355550    8.906841798
       1     129    3.803158974   10.517694382
       1     130    3.803162017   10.518466248
       1     131    3.992157649   12.946089118
       1     132    3.992160621   12.947433692
       1     133    4.044782708   13.735348537
       1     134    4.044783529   13.737229892
       1     135    4.366589678   10.806728880
       1     136    4.366593253   10.806393999
       1     137    4.643407390   11.278772830
       1     138    4.643411299   11.278561697
       1     139    4.873461126   36.706305664
       1     140    4.873462623   36.706369550
       1     141    5.157934571   15.095985813
       1     142    5.157935092   15.096153026
       1     143    5.344662639   26.852664700
       1     144    5.344665502   26.850483785
       1     145    5.478784810   40.256573596
       1     146    5.478786466   40.256137392
       1     147    5.501991937   24.508727905
       1     148    5.501994567   24.509959426
       1     149    5.663421047   78.818510583
       1     150    5.663421891   78.819065424
