# bgw_ik  gw_ki  kx       ky       kz       band  BGW_Cor'     GW_sigC       diff
      1      0   0.00000  0.00000  0.00000     1     3.845186          nan        +nan
      1      0   0.00000  0.00000  0.00000     2     3.845186          nan        +nan
      1      0   0.00000  0.00000  0.00000     3     0.116173          nan        +nan
      1      0   0.00000  0.00000  0.00000     4     0.116173          nan        +nan
      1      0   0.00000  0.00000  0.00000     5     0.098620          nan        +nan
      1      0   0.00000  0.00000  0.00000     6     0.098620          nan        +nan
      1      0   0.00000  0.00000  0.00000     7     0.098620          nan        +nan
      1      0   0.00000  0.00000  0.00000     8     0.098620          nan        +nan
      1      0   0.00000  0.00000  0.00000     9    -4.726287          nan        +nan
      1      0   0.00000  0.00000  0.00000    10    -4.726287          nan        +nan
      1      0   0.00000  0.00000  0.00000    11    -4.738391          nan        +nan
      1      0   0.00000  0.00000  0.00000    12    -4.738391          nan        +nan
      1      0   0.00000  0.00000  0.00000    13    -4.738391          nan        +nan
      1      0   0.00000  0.00000  0.00000    14    -4.738391          nan        +nan
      1      0   0.00000  0.00000  0.00000    15    -5.394333          nan        +nan
      1      0   0.00000  0.00000  0.00000    16    -5.394333          nan        +nan
      2      1  -0.00000 -0.00000  0.25000     1     3.602750          nan        +nan
      2      1  -0.00000 -0.00000  0.25000     2     3.602750          nan        +nan
      2      1  -0.00000 -0.00000  0.25000     3     1.030124          nan        +nan
      2      1  -0.00000 -0.00000  0.25000     4     1.030124          nan        +nan
      2      1  -0.00000 -0.00000  0.25000     5     0.224773          nan        +nan
      2      1  -0.00000 -0.00000  0.25000     6     0.224773          nan        +nan
      2      1  -0.00000 -0.00000  0.25000     7     0.212342          nan        +nan
      2      1  -0.00000 -0.00000  0.25000     8     0.212342          nan        +nan
      2      1  -0.00000 -0.00000  0.25000     9    -4.857206          nan        +nan
      2      1  -0.00000 -0.00000  0.25000    10    -4.857206          nan        +nan
      2      1  -0.00000 -0.00000  0.25000    11    -4.922503          nan        +nan
      2      1  -0.00000 -0.00000  0.25000    12    -4.922503          nan        +nan
      2      1  -0.00000 -0.00000  0.25000    13    -4.927504          nan        +nan
      2      1  -0.00000 -0.00000  0.25000    14    -4.927504          nan        +nan
      2      1  -0.00000 -0.00000  0.25000    15    -5.617967          nan        +nan
      2      1  -0.00000 -0.00000  0.25000    16    -5.617967          nan        +nan
      3      2  -0.00000 -0.00000  0.50000     1     3.156313          nan        +nan
      3      2  -0.00000 -0.00000  0.50000     2     3.156313          nan        +nan
      3      2  -0.00000 -0.00000  0.50000     3     2.171394          nan        +nan
      3      2  -0.00000 -0.00000  0.50000     4     2.171394          nan        +nan
      3      2  -0.00000 -0.00000  0.50000     5     0.428009          nan        +nan
      3      2  -0.00000 -0.00000  0.50000     6     0.428009          nan        +nan
      3      2  -0.00000 -0.00000  0.50000     7     0.415800          nan        +nan
      3      2  -0.00000 -0.00000  0.50000     8     0.415800          nan        +nan
      3      2  -0.00000 -0.00000  0.50000     9    -4.801216          nan        +nan
      3      2  -0.00000 -0.00000  0.50000    10    -4.801216          nan        +nan
      3      2  -0.00000 -0.00000  0.50000    11    -4.967660          nan        +nan
      3      2  -0.00000 -0.00000  0.50000    12    -4.967660          nan        +nan
      3      2  -0.00000 -0.00000  0.50000    13    -4.970313          nan        +nan
      3      2  -0.00000 -0.00000  0.50000    14    -4.970313          nan        +nan
      3      2  -0.00000 -0.00000  0.50000    15    -5.788812          nan        +nan
      3      2  -0.00000 -0.00000  0.50000    16    -5.788812          nan        +nan
      4      5   0.00000  0.25000  0.25000     1     3.516260          nan        +nan
      4      5   0.00000  0.25000  0.25000     2     3.516260          nan        +nan
      4      5   0.00000  0.25000  0.25000     3     0.913579          nan        +nan
      4      5   0.00000  0.25000  0.25000     4     0.913579          nan        +nan
      4      5   0.00000  0.25000  0.25000     5     0.487121          nan        +nan
      4      5   0.00000  0.25000  0.25000     6     0.487121          nan        +nan
      4      5   0.00000  0.25000  0.25000     7     0.481104          nan        +nan
      4      5   0.00000  0.25000  0.25000     8     0.481104          nan        +nan
      4      5   0.00000  0.25000  0.25000     9    -4.598223          nan        +nan
      4      5   0.00000  0.25000  0.25000    10    -4.598223          nan        +nan
      4      5   0.00000  0.25000  0.25000    11    -5.069218          nan        +nan
      4      5   0.00000  0.25000  0.25000    12    -5.069218          nan        +nan
      4      5   0.00000  0.25000  0.25000    13    -5.293036          nan        +nan
      4      5   0.00000  0.25000  0.25000    14    -5.293036          nan        +nan
      4      5   0.00000  0.25000  0.25000    15    -5.290824          nan        +nan
      4      5   0.00000  0.25000  0.25000    16    -5.290824          nan        +nan
      5      6  -0.00000  0.25000  0.50000     1     3.014004          nan        +nan
      5      6  -0.00000  0.25000  0.50000     2     3.014004          nan        +nan
      5      6  -0.00000  0.25000  0.50000     3     2.000309          nan        +nan
      5      6  -0.00000  0.25000  0.50000     4     2.000309          nan        +nan
      5      6  -0.00000  0.25000  0.50000     5     0.756688          nan        +nan
      5      6  -0.00000  0.25000  0.50000     6     0.756688          nan        +nan
      5      6  -0.00000  0.25000  0.50000     7     0.630929          nan        +nan
      5      6  -0.00000  0.25000  0.50000     8     0.630929          nan        +nan
      5      6  -0.00000  0.25000  0.50000     9    -4.742048          nan        +nan
      5      6  -0.00000  0.25000  0.50000    10    -4.742048          nan        +nan
      5      6  -0.00000  0.25000  0.50000    11    -5.131368          nan        +nan
      5      6  -0.00000  0.25000  0.50000    12    -5.131368          nan        +nan
      5      6  -0.00000  0.25000  0.50000    13    -5.399873          nan        +nan
      5      6  -0.00000  0.25000  0.50000    14    -5.399873          nan        +nan
      5      6  -0.00000  0.25000  0.50000    15    -5.398780          nan        +nan
      5      6  -0.00000  0.25000  0.50000    16    -5.398780          nan        +nan
      6      7  -0.00000  0.25000  0.75000     1     3.222692          nan        +nan
      6      7  -0.00000  0.25000  0.75000     2     3.222692          nan        +nan
      6      7  -0.00000  0.25000  0.75000     3     1.689989          nan        +nan
      6      7  -0.00000  0.25000  0.75000     4     1.689989          nan        +nan
      6      7  -0.00000  0.25000  0.75000     5     0.825866          nan        +nan
      6      7  -0.00000  0.25000  0.75000     6     0.825866          nan        +nan
      6      7  -0.00000  0.25000  0.75000     7     0.359165          nan        +nan
      6      7  -0.00000  0.25000  0.75000     8     0.359165          nan        +nan
      6      7  -0.00000  0.25000  0.75000     9    -4.915681          nan        +nan
      6      7  -0.00000  0.25000  0.75000    10    -4.915681          nan        +nan
      6      7  -0.00000  0.25000  0.75000    11    -5.334225          nan        +nan
      6      7  -0.00000  0.25000  0.75000    12    -5.334225          nan        +nan
      6      7  -0.00000  0.25000  0.75000    13    -5.038997          nan        +nan
      6      7  -0.00000  0.25000  0.75000    14    -5.038997          nan        +nan
      6      7  -0.00000  0.25000  0.75000    15    -5.618375          nan        +nan
      6      7  -0.00000  0.25000  0.75000    16    -5.618375          nan        +nan
      7     10   0.00000  0.50000  0.50000     1     2.544335          nan        +nan
      7     10   0.00000  0.50000  0.50000     2     2.544335          nan        +nan
      7     10   0.00000  0.50000  0.50000     3     2.544335          nan        +nan
      7     10   0.00000  0.50000  0.50000     4     2.544335          nan        +nan
      7     10   0.00000  0.50000  0.50000     5     0.857329          nan        +nan
      7     10   0.00000  0.50000  0.50000     6     0.857329          nan        +nan
      7     10   0.00000  0.50000  0.50000     7     0.857329          nan        +nan
      7     10   0.00000  0.50000  0.50000     8     0.857329          nan        +nan
      7     10   0.00000  0.50000  0.50000     9    -4.626071          nan        +nan
      7     10   0.00000  0.50000  0.50000    10    -4.626071          nan        +nan
      7     10   0.00000  0.50000  0.50000    11    -4.626071          nan        +nan
      7     10   0.00000  0.50000  0.50000    12    -4.626071          nan        +nan
      7     10   0.00000  0.50000  0.50000    13    -6.288573          nan        +nan
      7     10   0.00000  0.50000  0.50000    14    -6.288573          nan        +nan
      7     10   0.00000  0.50000  0.50000    15    -6.288573          nan        +nan
      7     10   0.00000  0.50000  0.50000    16    -6.288573          nan        +nan
      8     27   0.25000  0.50000  0.75000     1     2.503206          nan        +nan
      8     27   0.25000  0.50000  0.75000     2     2.503206          nan        +nan
      8     27   0.25000  0.50000  0.75000     3     2.501709          nan        +nan
      8     27   0.25000  0.50000  0.75000     4     2.501709          nan        +nan
      8     27   0.25000  0.50000  0.75000     5     0.858912          nan        +nan
      8     27   0.25000  0.50000  0.75000     6     0.858912          nan        +nan
      8     27   0.25000  0.50000  0.75000     7     0.851774          nan        +nan
      8     27   0.25000  0.50000  0.75000     8     0.851774          nan        +nan
      8     27   0.25000  0.50000  0.75000     9    -4.984791          nan        +nan
      8     27   0.25000  0.50000  0.75000    10    -4.984791          nan        +nan
      8     27   0.25000  0.50000  0.75000    11    -4.985671          nan        +nan
      8     27   0.25000  0.50000  0.75000    12    -4.985671          nan        +nan
      8     27   0.25000  0.50000  0.75000    13    -5.439394          nan        +nan
      8     27   0.25000  0.50000  0.75000    14    -5.439394          nan        +nan
      8     27   0.25000  0.50000  0.75000    15    -5.441439          nan        +nan
      8     27   0.25000  0.50000  0.75000    16    -5.441439          nan        +nan
