# k =   0.000000   0.000000   0.000000 spin = 1
# <ib|Sigma_CH[1..Nb]|ib> (eV), partial and symmetrized sum with up to Nb "inner" bands
# Reporting only VBM and CBM, use 'full_ch_conv_log 1' keyword for full report.
# 1/N extrap for CH(vbm) CH(cbm) diff =  -1.10631164E+01  -1.00683755E+01   9.94740878E-01
# Error est. for CH(vbm) CH(cbm) diff =   6.42004767E-01   5.25302542E-01  -1.16702225E-01
#    Nb          CH(vbm)          CH(cbm)             diff
      1  -2.46071456E-01  -2.06486001E-01   3.95854547E-02
      2  -4.92245665E-01  -4.12933755E-01   7.93119098E-02
      3  -7.69807370E-01  -5.91525378E-01   1.78281992E-01
      4  -1.04724303E+00  -7.70179095E-01   2.77063936E-01
      5  -1.95509396E+00  -1.00750834E+00   9.47585617E-01
      6  -2.86303913E+00  -1.24498624E+00   1.61805289E+00
      7  -3.91027273E+00  -1.38992444E+00   2.52034829E+00
      8  -4.95741127E+00  -1.53468058E+00   3.42273069E+00
      9  -5.07889366E+00  -2.96057460E+00   2.11831906E+00
     10  -5.20031953E+00  -4.38660094E+00   8.13718589E-01
     11  -5.28828067E+00  -4.66182261E+00   6.26458067E-01
     12  -5.37629709E+00  -4.93691150E+00   4.39385587E-01
     13  -5.47248264E+00  -5.06257478E+00   4.09907859E-01
     14  -5.56881964E+00  -5.18827594E+00   3.80543690E-01
     15  -5.64142308E+00  -5.30584033E+00   3.35582751E-01
     16  -5.71417866E+00  -5.42345035E+00   2.90728305E-01
     17  -5.86746499E+00  -5.66800732E+00   1.99457668E-01
     18  -6.02072319E+00  -5.91255905E+00   1.08164139E-01
     19  -6.19512628E+00  -5.97780929E+00   2.17316988E-01
     20  -6.36951435E+00  -6.04305599E+00   3.26458362E-01
     21  -6.44531458E+00  -6.19173019E+00   2.53584397E-01
     22  -6.52112173E+00  -6.34038560E+00   1.80736134E-01
     23  -6.68487843E+00  -6.41864193E+00   2.66236498E-01
     24  -6.84863218E+00  -6.49689804E+00   3.51734134E-01
     25  -7.00498845E+00  -6.54385783E+00   4.61130624E-01
     26  -7.16140456E+00  -6.59078407E+00   5.70620493E-01
     27  -7.28442411E+00  -6.66453129E+00   6.19892825E-01
     28  -7.40749007E+00  -6.73832178E+00   6.69168291E-01
     29  -7.48936384E+00  -6.80392162E+00   6.85442220E-01
     30  -7.57134022E+00  -6.86950928E+00   7.01830941E-01
     31  -7.65206967E+00  -6.94858660E+00   7.03483069E-01
     32  -7.73269624E+00  -7.02767623E+00   7.05020005E-01
     33  -7.76763967E+00  -7.07287762E+00   6.94762049E-01
     34  -7.80258199E+00  -7.11806054E+00   6.84521449E-01
     35  -7.84098712E+00  -7.16415956E+00   6.76827558E-01
     36  -7.87939062E+00  -7.21033946E+00   6.69051159E-01
     37  -7.93032830E+00  -7.28145378E+00   6.48874521E-01
     38  -7.98127516E+00  -7.35260707E+00   6.28668090E-01
     39  -8.02500400E+00  -7.44150763E+00   5.83496372E-01
     40  -8.06872355E+00  -7.53037027E+00   5.38353283E-01
     41  -8.09020991E+00  -7.58116332E+00   5.09046594E-01
     42  -8.11169810E+00  -7.63191783E+00   4.79780268E-01
     43  -8.15205342E+00  -7.67880402E+00   4.73249391E-01
     44  -8.19241069E+00  -7.72565179E+00   4.66758891E-01
     45  -8.26204477E+00  -7.76916997E+00   4.92874803E-01
     46  -8.33166920E+00  -7.81267682E+00   5.18992378E-01
     47  -8.39928606E+00  -7.84897806E+00   5.50308003E-01
     48  -8.46618599E+00  -7.88688777E+00   5.79298221E-01
     49  -8.56108289E+00  -7.91950855E+00   6.41574347E-01
     50  -8.65713000E+00  -7.94948698E+00   7.07643026E-01
     51  -8.70578867E+00  -7.97741757E+00   7.28371098E-01
     52  -8.75461927E+00  -8.00480713E+00   7.49812147E-01
     53  -8.80424990E+00  -8.03545925E+00   7.68790649E-01
     54  -8.85387881E+00  -8.06610511E+00   7.87773693E-01
     55  -8.87052663E+00  -8.09732841E+00   7.73198221E-01
     56  -8.88718240E+00  -8.12855259E+00   7.58629811E-01
     57  -8.91033370E+00  -8.14857542E+00   7.61758285E-01
     58  -8.93348709E+00  -8.16860932E+00   7.64877777E-01
     59  -8.95321313E+00  -8.19156685E+00   7.61646287E-01
     60  -8.97294681E+00  -8.21451887E+00   7.58427934E-01
     61  -8.98829882E+00  -8.25147185E+00   7.36826974E-01
     62  -9.00365917E+00  -8.28842400E+00   7.15235174E-01
     63  -9.02330164E+00  -8.30860049E+00   7.14701156E-01
     64  -9.04294681E+00  -8.32877676E+00   7.14170046E-01
     65  -9.05939742E+00  -8.35686234E+00   7.02535075E-01
     66  -9.07586749E+00  -8.38493212E+00   6.90935369E-01
     67  -9.09796083E+00  -8.40600506E+00   6.91955771E-01
     68  -9.12005694E+00  -8.42710297E+00   6.92953971E-01
     69  -9.13816401E+00  -8.44434794E+00   6.93816072E-01
     70  -9.15627156E+00  -8.46159245E+00   6.94679105E-01
     71  -9.17851099E+00  -8.48109834E+00   6.97412651E-01
     72  -9.20074978E+00  -8.50064457E+00   7.00105209E-01
     73  -9.21747424E+00  -8.52241471E+00   6.95059536E-01
     74  -9.23419862E+00  -8.54415403E+00   6.90044593E-01
     75  -9.25786045E+00  -8.56665820E+00   6.91202251E-01
     76  -9.28152219E+00  -8.58916174E+00   6.92360453E-01
     77  -9.30008135E+00  -8.61071420E+00   6.89367150E-01
     78  -9.31863797E+00  -8.63226848E+00   6.86369491E-01
     79  -9.33501731E+00  -8.64866176E+00   6.86355546E-01
     80  -9.35139939E+00  -8.66505295E+00   6.86346437E-01
     81  -9.37554402E+00  -8.68211994E+00   6.93424080E-01
     82  -9.39968747E+00  -8.69918697E+00   7.00500496E-01
     83  -9.42161687E+00  -8.71129373E+00   7.10323139E-01
     84  -9.44347376E+00  -8.72319423E+00   7.20279521E-01
     85  -9.46010876E+00  -8.73859234E+00   7.21516425E-01
     86  -9.47700969E+00  -8.75481433E+00   7.22195364E-01
     87  -9.49538462E+00  -8.76741222E+00   7.27972398E-01
     88  -9.51412939E+00  -8.78107906E+00   7.33050331E-01
     89  -9.53417612E+00  -8.79218693E+00   7.41989187E-01
     90  -9.55422239E+00  -8.80329445E+00   7.50927937E-01
     91  -9.57243363E+00  -8.81778770E+00   7.54645930E-01
     92  -9.59064441E+00  -8.83228084E+00   7.58363573E-01
     93  -9.60061940E+00  -8.84506477E+00   7.55554629E-01
     94  -9.61059371E+00  -8.85785511E+00   7.52738597E-01
     95  -9.62277104E+00  -8.86811349E+00   7.54657550E-01
     96  -9.63511914E+00  -8.87878754E+00   7.56331598E-01
     97  -9.65134428E+00  -8.88825172E+00   7.63092557E-01
     98  -9.66739580E+00  -8.89727577E+00   7.70120031E-01
     99  -9.68406102E+00  -8.90753351E+00   7.76527505E-01
    100  -9.70073586E+00  -8.91782395E+00   7.82911911E-01
    101  -9.70885087E+00  -8.92861740E+00   7.80233475E-01
    102  -9.71696622E+00  -8.93941138E+00   7.77554847E-01
    103  -9.72622383E+00  -8.95160998E+00   7.74613856E-01
    104  -9.73548353E+00  -8.96381229E+00   7.71671242E-01
    105  -9.74662079E+00  -8.97500012E+00   7.71620673E-01
    106  -9.75776060E+00  -8.98619050E+00   7.71570102E-01
    107  -9.77315544E+00  -8.99913796E+00   7.74017480E-01
    108  -9.78854865E+00  -9.01207638E+00   7.76472266E-01
    109  -9.79977633E+00  -9.02574161E+00   7.74034718E-01
    110  -9.81100458E+00  -9.03940689E+00   7.71597688E-01
    111  -9.82114840E+00  -9.04813875E+00   7.73009650E-01
    112  -9.83129276E+00  -9.05687059E+00   7.74422167E-01
    113  -9.83956341E+00  -9.06624099E+00   7.73322419E-01
    114  -9.84783420E+00  -9.07561248E+00   7.72221711E-01
    115  -9.86029296E+00  -9.08360667E+00   7.76686285E-01
    116  -9.87275158E+00  -9.09159980E+00   7.81151782E-01
    117  -9.88063545E+00  -9.10024940E+00   7.80386047E-01
    118  -9.88851989E+00  -9.10890051E+00   7.79619382E-01
    119  -9.89767428E+00  -9.11668012E+00   7.80994160E-01
    120  -9.90682938E+00  -9.12446123E+00   7.82368153E-01
    121  -9.91616090E+00  -9.13174043E+00   7.84420470E-01
    122  -9.92549243E+00  -9.13901899E+00   7.86473438E-01
    123  -9.93589439E+00  -9.14678270E+00   7.89111690E-01
    124  -9.94629632E+00  -9.15454667E+00   7.91749654E-01
    125  -9.95393538E+00  -9.16259464E+00   7.91340732E-01
    126  -9.96157444E+00  -9.17064263E+00   7.90931803E-01
    127  -9.97056847E+00  -9.17751124E+00   7.93057231E-01
    128  -9.97956251E+00  -9.18437984E+00   7.95182671E-01
    129  -9.98480255E+00  -9.18931833E+00   7.95484217E-01
    130  -9.99003175E+00  -9.19425355E+00   7.95778194E-01
    131  -9.99491505E+00  -9.19893950E+00   7.95975552E-01
    132  -9.99980039E+00  -9.20362221E+00   7.96178183E-01
    133  -1.00061597E+01  -9.20986555E+00   7.96294143E-01
    134  -1.00125182E+01  -9.21610858E+00   7.96409655E-01
    135  -1.00231394E+01  -9.22253726E+00   8.00602107E-01
    136  -1.00337597E+01  -9.22896322E+00   8.04796519E-01
    137  -1.00397606E+01  -9.23372774E+00   8.06032831E-01
    138  -1.00457606E+01  -9.23852976E+00   8.07230794E-01
    139  -1.00519545E+01  -9.24393878E+00   8.08015707E-01
    140  -1.00581490E+01  -9.24934926E+00   8.08799757E-01
    141  -1.00663509E+01  -9.25367513E+00   8.12675821E-01
    142  -1.00745528E+01  -9.25800102E+00   8.16551793E-01
    143  -1.00787175E+01  -9.26192567E+00   8.16791781E-01
    144  -1.00828822E+01  -9.26585030E+00   8.17031850E-01
    145  -1.00896721E+01  -9.27247434E+00   8.17197729E-01
    146  -1.00964622E+01  -9.27909689E+00   8.17365276E-01
    147  -1.01033926E+01  -9.28638859E+00   8.17004063E-01
    148  -1.01102828E+01  -9.29394874E+00   8.16334086E-01
    149  -1.01176900E+01  -9.29956836E+00   8.18121651E-01
    150  -1.01250411E+01  -9.30557326E+00   8.19467793E-01
    151  -1.01331243E+01  -9.31046871E+00   8.22655572E-01
    152  -1.01411927E+01  -9.31547781E+00   8.25714906E-01
    153  -1.01503704E+01  -9.32083541E+00   8.29535036E-01
    154  -1.01595485E+01  -9.32619587E+00   8.33352623E-01
    155  -1.01684345E+01  -9.33298893E+00   8.35445602E-01
    156  -1.01773209E+01  -9.33978587E+00   8.37534999E-01
    157  -1.01852950E+01  -9.34418826E+00   8.41106693E-01
    158  -1.01933007E+01  -9.34853803E+00   8.44762707E-01
    159  -1.02011734E+01  -9.35370195E+00   8.47471492E-01
    160  -1.02090419E+01  -9.35887755E+00   8.50164313E-01
    161  -1.02160356E+01  -9.36644599E+00   8.49589578E-01
    162  -1.02230523E+01  -9.37397204E+00   8.49080311E-01
    163  -1.02265948E+01  -9.37861976E+00   8.47975006E-01
    164  -1.02301375E+01  -9.38326817E+00   8.46869301E-01
    165  -1.02366353E+01  -9.38928485E+00   8.47350456E-01
    166  -1.02431333E+01  -9.39529779E+00   8.47835469E-01
    167  -1.02496710E+01  -9.39833512E+00   8.51335840E-01
    168  -1.02562086E+01  -9.40137599E+00   8.54832632E-01
    169  -1.02600743E+01  -9.40535271E+00   8.54721570E-01
    170  -1.02639400E+01  -9.40932946E+00   8.54610544E-01
    171  -1.02676060E+01  -9.41324495E+00   8.54361025E-01
    172  -1.02712719E+01  -9.41716041E+00   8.54111450E-01
    173  -1.02761661E+01  -9.42028257E+00   8.55883497E-01
    174  -1.02810603E+01  -9.42340470E+00   8.57655552E-01
    175  -1.02849021E+01  -9.42678444E+00   8.58117671E-01
    176  -1.02887398E+01  -9.43016412E+00   8.58575669E-01
    177  -1.02926138E+01  -9.43317872E+00   8.59435104E-01
    178  -1.02964847E+01  -9.43619264E+00   8.60292059E-01
    179  -1.03003855E+01  -9.44008165E+00   8.60303851E-01
    180  -1.03042861E+01  -9.44396996E+00   8.60316107E-01
    181  -1.03070461E+01  -9.44699294E+00   8.60053135E-01
    182  -1.03098061E+01  -9.45001572E+00   8.59790392E-01
    183  -1.03125972E+01  -9.45294934E+00   8.59647834E-01
    184  -1.03153883E+01  -9.45588337E+00   8.59504880E-01
    185  -1.03187145E+01  -9.45901629E+00   8.59698205E-01
    186  -1.03220418E+01  -9.46215018E+00   8.59891584E-01
    187  -1.03260577E+01  -9.46506880E+00   8.60988945E-01
    188  -1.03300883E+01  -9.46802009E+00   8.62068167E-01
    189  -1.03331288E+01  -9.47043694E+00   8.62691869E-01
    190  -1.03361622E+01  -9.47283746E+00   8.63324782E-01
    191  -1.03396201E+01  -9.47565113E+00   8.63968945E-01
    192  -1.03430845E+01  -9.47847979E+00   8.64604730E-01
    193  -1.03460390E+01  -9.48115191E+00   8.64887117E-01
    194  -1.03490297E+01  -9.48366913E+00   8.65360536E-01
    195  -1.03519726E+01  -9.48650192E+00   8.65470721E-01
    196  -1.03549197E+01  -9.48931541E+00   8.65604310E-01
    197  -1.03597366E+01  -9.49267586E+00   8.67060712E-01
    198  -1.03645654E+01  -9.49598547E+00   8.68579929E-01
    199  -1.03682022E+01  -9.49832258E+00   8.69879668E-01
    200  -1.03718389E+01  -9.50065973E+00   8.71179139E-01
    201  -1.03748049E+01  -9.50424700E+00   8.70557894E-01
    202  -1.03777709E+01  -9.50783434E+00   8.69936562E-01
    203  -1.03803096E+01  -9.51095079E+00   8.69358825E-01
    204  -1.03828484E+01  -9.51406728E+00   8.68781085E-01
    205  -1.03863199E+01  -9.51720361E+00   8.69116292E-01
    206  -1.03897916E+01  -9.52033986E+00   8.69451718E-01
    207  -1.03933855E+01  -9.52315761E+00   8.70227852E-01
    208  -1.03969792E+01  -9.52597540E+00   8.71003791E-01
    209  -1.04002469E+01  -9.52823651E+00   8.72010383E-01
    210  -1.04035149E+01  -9.53049789E+00   8.73016991E-01
    211  -1.04062918E+01  -9.53273500E+00   8.73556757E-01
    212  -1.04090684E+01  -9.53497207E+00   8.74096285E-01
    213  -1.04122839E+01  -9.53714449E+00   8.75139408E-01
    214  -1.04154994E+01  -9.53931689E+00   8.76182517E-01
    215  -1.04183055E+01  -9.54119492E+00   8.77110584E-01
    216  -1.04211116E+01  -9.54307296E+00   8.78038653E-01
# k =  -0.000000  -0.000000   0.500000 spin = 1
# <ib|Sigma_CH[1..Nb]|ib> (eV), partial and symmetrized sum with up to Nb "inner" bands
# Reporting only VBM and CBM, use 'full_ch_conv_log 1' keyword for full report.
# 1/N extrap for CH(vbm) CH(cbm) diff =  -1.08303448E+01  -1.01034544E+01   7.26890362E-01
# Error est. for CH(vbm) CH(cbm) diff =   5.59866985E-01   4.84234573E-01  -7.56324115E-02
#    Nb          CH(vbm)          CH(cbm)             diff
      1  -3.01601175E-01  -2.57569362E-01   4.40318133E-02
      2  -6.08921761E-01  -5.07256596E-01   1.01665165E-01
      3  -8.87326867E-01  -7.55449168E-01   1.31877699E-01
      4  -1.15813821E+00  -1.01411217E+00   1.44026037E-01
      5  -1.53029678E+00  -1.11395924E+00   4.16337544E-01
      6  -1.89795502E+00  -1.22108343E+00   6.76871590E-01
      7  -3.40491031E+00  -1.37820691E+00   2.02670340E+00
      8  -4.95426290E+00  -1.52026074E+00   3.43400216E+00
      9  -5.06060576E+00  -2.99620231E+00   2.06440346E+00
     10  -5.17559250E+00  -4.40742215E+00   7.68170356E-01
     11  -5.33240095E+00  -4.53586809E+00   7.96532860E-01
     12  -5.47792379E+00  -4.73146747E+00   7.46456320E-01
     13  -5.62067576E+00  -4.92978979E+00   6.90885972E-01
     14  -5.77693327E+00  -5.06517954E+00   7.11753735E-01
     15  -5.85380111E+00  -5.31920210E+00   5.34599010E-01
     16  -5.94348181E+00  -5.51195498E+00   4.31526829E-01
     17  -6.12064739E+00  -5.61778874E+00   5.02858652E-01
     18  -6.27740331E+00  -5.71522659E+00   5.62176721E-01
     19  -6.44625666E+00  -5.78951665E+00   6.56740004E-01
     20  -6.63233989E+00  -5.85544545E+00   7.76894441E-01
     21  -6.73072055E+00  -5.96872004E+00   7.62000516E-01
     22  -6.80571343E+00  -6.07043698E+00   7.35276443E-01
     23  -6.93120773E+00  -6.15525291E+00   7.75954816E-01
     24  -7.05866727E+00  -6.24104498E+00   8.17622294E-01
     25  -7.19158440E+00  -6.40264974E+00   7.88934667E-01
     26  -7.32640858E+00  -6.56648922E+00   7.59919362E-01
     27  -7.43338746E+00  -6.78344949E+00   6.49937963E-01
     28  -7.53612008E+00  -6.97799660E+00   5.58123480E-01
     29  -7.59488837E+00  -7.04484761E+00   5.50040759E-01
     30  -7.65409895E+00  -7.11045321E+00   5.43645737E-01
     31  -7.71762643E+00  -7.16010515E+00   5.57521277E-01
     32  -7.78071118E+00  -7.21100331E+00   5.69707879E-01
     33  -7.82122030E+00  -7.25553703E+00   5.65683270E-01
     34  -7.86220882E+00  -7.30177282E+00   5.60436005E-01
     35  -7.90350560E+00  -7.34729361E+00   5.56211988E-01
     36  -7.94468896E+00  -7.39101032E+00   5.53678639E-01
     37  -8.00711708E+00  -7.44582454E+00   5.61292538E-01
     38  -8.06204898E+00  -7.50691601E+00   5.55132970E-01
     39  -8.10794193E+00  -7.56879786E+00   5.39144063E-01
     40  -8.16125003E+00  -7.62447192E+00   5.36778115E-01
     41  -8.18859991E+00  -7.67860814E+00   5.09991772E-01
     42  -8.20942534E+00  -7.72425189E+00   4.85173449E-01
     43  -8.25663777E+00  -7.77887158E+00   4.77766189E-01
     44  -8.29752793E+00  -7.82498253E+00   4.72545408E-01
     45  -8.36032105E+00  -7.87396401E+00   4.86357044E-01
     46  -8.41752180E+00  -7.91528195E+00   5.02239847E-01
     47  -8.47169909E+00  -7.95623220E+00   5.15466892E-01
     48  -8.53104049E+00  -8.01355510E+00   5.17485391E-01
     49  -8.59003007E+00  -8.05378060E+00   5.36249471E-01
     50  -8.66374386E+00  -8.09892947E+00   5.64814397E-01
     51  -8.71334811E+00  -8.12904446E+00   5.84303643E-01
     52  -8.74580384E+00  -8.15693632E+00   5.88867516E-01
     53  -8.78724688E+00  -8.18661635E+00   6.00630529E-01
     54  -8.82817845E+00  -8.21578687E+00   6.12391572E-01
     55  -8.84371140E+00  -8.23824458E+00   6.05466816E-01
     56  -8.85980470E+00  -8.26189870E+00   5.97906004E-01
     57  -8.88127113E+00  -8.28643072E+00   5.94840402E-01
     58  -8.90534331E+00  -8.31091629E+00   5.94427017E-01
     59  -8.92785214E+00  -8.33315614E+00   5.94696004E-01
     60  -8.95264744E+00  -8.35535183E+00   5.97295613E-01
     61  -8.96815825E+00  -8.37241829E+00   5.95739962E-01
     62  -8.98631616E+00  -8.39875111E+00   5.87565049E-01
     63  -9.00725722E+00  -8.43166606E+00   5.75591159E-01
     64  -9.02767095E+00  -8.46277139E+00   5.64899560E-01
     65  -9.04542632E+00  -8.48223523E+00   5.63191085E-01
     66  -9.06349828E+00  -8.50030489E+00   5.63193389E-01
     67  -9.08377676E+00  -8.52017307E+00   5.63603694E-01
     68  -9.10231407E+00  -8.54821476E+00   5.54099310E-01
     69  -9.11898827E+00  -8.56174482E+00   5.57243449E-01
     70  -9.13880655E+00  -8.58123037E+00   5.57576186E-01
     71  -9.15889499E+00  -8.59859126E+00   5.60303739E-01
     72  -9.17542753E+00  -8.61010734E+00   5.65320185E-01
     73  -9.19339580E+00  -8.62842823E+00   5.64967571E-01
     74  -9.20705095E+00  -8.65308687E+00   5.53964073E-01
     75  -9.22914001E+00  -8.67162298E+00   5.57517037E-01
     76  -9.24863848E+00  -8.69374309E+00   5.54895391E-01
     77  -9.26538385E+00  -8.70902969E+00   5.56354160E-01
     78  -9.28220137E+00  -8.72465549E+00   5.57545876E-01
     79  -9.29647686E+00  -8.74191671E+00   5.54560146E-01
     80  -9.31073094E+00  -8.75878859E+00   5.51942344E-01
     81  -9.32984460E+00  -8.77719648E+00   5.52648118E-01
     82  -9.34875567E+00  -8.79571508E+00   5.53040593E-01
     83  -9.36869326E+00  -8.81071768E+00   5.57975579E-01
     84  -9.38837818E+00  -8.82580980E+00   5.62568384E-01
     85  -9.40451997E+00  -8.83963082E+00   5.64889150E-01
     86  -9.42073868E+00  -8.85352710E+00   5.67211579E-01
     87  -9.43750691E+00  -8.86678845E+00   5.70718459E-01
     88  -9.45488471E+00  -8.87612506E+00   5.78759649E-01
     89  -9.47522919E+00  -8.89338944E+00   5.81839756E-01
     90  -9.49486377E+00  -8.91072970E+00   5.84134069E-01
     91  -9.51290342E+00  -8.92211570E+00   5.90787713E-01
     92  -9.53017869E+00  -8.93342729E+00   5.96751400E-01
     93  -9.54055385E+00  -8.94252754E+00   5.98026306E-01
     94  -9.55077166E+00  -8.95096857E+00   5.99803098E-01
     95  -9.56181381E+00  -8.96355477E+00   5.98259042E-01
     96  -9.57267614E+00  -8.97702660E+00   5.95649543E-01
     97  -9.58658840E+00  -8.98996649E+00   5.96621912E-01
     98  -9.60056774E+00  -9.00380411E+00   5.96763622E-01
     99  -9.61485123E+00  -9.01758728E+00   5.97263951E-01
    100  -9.62804242E+00  -9.03193567E+00   5.96106753E-01
    101  -9.63639475E+00  -9.03965019E+00   5.96744556E-01
    102  -9.64482870E+00  -9.04954207E+00   5.95286628E-01
    103  -9.65359491E+00  -9.05797255E+00   5.95622356E-01
    104  -9.66238530E+00  -9.06697355E+00   5.95411751E-01
    105  -9.67155098E+00  -9.07701238E+00   5.94538593E-01
    106  -9.68146613E+00  -9.08465500E+00   5.96811125E-01
    107  -9.69503322E+00  -9.09587379E+00   5.99159437E-01
    108  -9.70738438E+00  -9.11058987E+00   5.96794514E-01
    109  -9.71737279E+00  -9.12465831E+00   5.92714479E-01
    110  -9.72801074E+00  -9.13826474E+00   5.89745995E-01
    111  -9.73731283E+00  -9.14750809E+00   5.89804745E-01
    112  -9.74720507E+00  -9.15633481E+00   5.90870259E-01
    113  -9.75502739E+00  -9.16326003E+00   5.91767358E-01
    114  -9.76284365E+00  -9.17022760E+00   5.92616053E-01
    115  -9.77354536E+00  -9.18212633E+00   5.91419028E-01
    116  -9.78425265E+00  -9.19398115E+00   5.90271505E-01
    117  -9.79148861E+00  -9.20369910E+00   5.87789513E-01
    118  -9.79882241E+00  -9.21254442E+00   5.86277988E-01
    119  -9.80649397E+00  -9.21937907E+00   5.87114894E-01
    120  -9.81412985E+00  -9.22654447E+00   5.87585387E-01
    121  -9.82257511E+00  -9.23368986E+00   5.88885249E-01
    122  -9.83091102E+00  -9.24018238E+00   5.90728648E-01
    123  -9.84021975E+00  -9.24691146E+00   5.93308297E-01
    124  -9.84961440E+00  -9.25456990E+00   5.95044498E-01
    125  -9.85692820E+00  -9.26267183E+00   5.94256366E-01
    126  -9.86429960E+00  -9.27071854E+00   5.93581055E-01
    127  -9.87288296E+00  -9.27891114E+00   5.93971824E-01
    128  -9.88146498E+00  -9.28709974E+00   5.94365233E-01
    129  -9.88648017E+00  -9.29076391E+00   5.95716266E-01
    130  -9.89103093E+00  -9.29473724E+00   5.96293682E-01
    131  -9.89606958E+00  -9.29819494E+00   5.97874639E-01
    132  -9.90061685E+00  -9.30194669E+00   5.98670162E-01
    133  -9.90636214E+00  -9.30778034E+00   5.98581800E-01
    134  -9.91254982E+00  -9.31305152E+00   5.99498302E-01
    135  -9.92111995E+00  -9.31970233E+00   6.01417621E-01
    136  -9.93010881E+00  -9.32578604E+00   6.04322778E-01
    137  -9.93506276E+00  -9.33006441E+00   6.04998344E-01
    138  -9.94004207E+00  -9.33434488E+00   6.05697187E-01
    139  -9.94479977E+00  -9.33846001E+00   6.06339761E-01
    140  -9.95033297E+00  -9.34268103E+00   6.07651939E-01
    141  -9.95738085E+00  -9.34790624E+00   6.09474617E-01
    142  -9.96441376E+00  -9.35316280E+00   6.11250962E-01
    143  -9.96834143E+00  -9.35689545E+00   6.11445980E-01
    144  -9.97228310E+00  -9.36059755E+00   6.11685554E-01
    145  -9.97927299E+00  -9.36493422E+00   6.14338775E-01
    146  -9.98554421E+00  -9.37006337E+00   6.15480845E-01
    147  -9.99233438E+00  -9.37518401E+00   6.17150375E-01
    148  -9.99817599E+00  -9.38096278E+00   6.17213210E-01
    149  -1.00049096E+01  -9.38709860E+00   6.17811031E-01
    150  -1.00112328E+01  -9.39325337E+00   6.17979473E-01
    151  -1.00180308E+01  -9.39909682E+00   6.18934003E-01
    152  -1.00247704E+01  -9.40524609E+00   6.19524341E-01
    153  -1.00325282E+01  -9.41113084E+00   6.21397315E-01
    154  -1.00406419E+01  -9.41594296E+00   6.24698893E-01
    155  -1.00481756E+01  -9.42189159E+00   6.26284013E-01
    156  -1.00561190E+01  -9.42665534E+00   6.29463666E-01
    157  -1.00632989E+01  -9.43066192E+00   6.32636962E-01
    158  -1.00696999E+01  -9.43526428E+00   6.34435608E-01
    159  -1.00766527E+01  -9.43935580E+00   6.37296895E-01
    160  -1.00828924E+01  -9.44394114E+00   6.38951255E-01
    161  -1.00890063E+01  -9.45140378E+00   6.37602555E-01
    162  -1.00951199E+01  -9.45902319E+00   6.36096714E-01
    163  -1.00984412E+01  -9.46310679E+00   6.35334451E-01
    164  -1.01017666E+01  -9.46706443E+00   6.34702128E-01
    165  -1.01071394E+01  -9.47337474E+00   6.33764671E-01
    166  -1.01119896E+01  -9.47909096E+00   6.32898659E-01
    167  -1.01179962E+01  -9.48590175E+00   6.32094444E-01
    168  -1.01238964E+01  -9.49265700E+00   6.31239445E-01
    169  -1.01275030E+01  -9.49617043E+00   6.31332538E-01
    170  -1.01310109E+01  -9.49972236E+00   6.31288580E-01
    171  -1.01341363E+01  -9.50290514E+00   6.31231201E-01
    172  -1.01374139E+01  -9.50603472E+00   6.31379156E-01
    173  -1.01417473E+01  -9.50885359E+00   6.32893666E-01
    174  -1.01462722E+01  -9.51139365E+00   6.34878506E-01
    175  -1.01495540E+01  -9.51429385E+00   6.35260123E-01
    176  -1.01528959E+01  -9.51650235E+00   6.36393522E-01
    177  -1.01565821E+01  -9.51907913E+00   6.37502942E-01
    178  -1.01602157E+01  -9.52164875E+00   6.38566946E-01
    179  -1.01636912E+01  -9.52514793E+00   6.38543275E-01
    180  -1.01671631E+01  -9.52866240E+00   6.38500711E-01
    181  -1.01696999E+01  -9.53151274E+00   6.38187156E-01
    182  -1.01723727E+01  -9.53434702E+00   6.38025672E-01
    183  -1.01750854E+01  -9.53689764E+00   6.38187775E-01
    184  -1.01776933E+01  -9.53935192E+00   6.38341352E-01
    185  -1.01809998E+01  -9.54153334E+00   6.39466417E-01
    186  -1.01837102E+01  -9.54391273E+00   6.39797517E-01
    187  -1.01870642E+01  -9.54660499E+00   6.40459164E-01
    188  -1.01907077E+01  -9.54911150E+00   6.41596216E-01
    189  -1.01934584E+01  -9.55188145E+00   6.41576972E-01
    190  -1.01962778E+01  -9.55462938E+00   6.41648399E-01
    191  -1.01994453E+01  -9.55739819E+00   6.42047102E-01
    192  -1.02025585E+01  -9.56012123E+00   6.42437253E-01
    193  -1.02048396E+01  -9.56249475E+00   6.42344890E-01
    194  -1.02077535E+01  -9.56460172E+00   6.43151781E-01
    195  -1.02101844E+01  -9.56707149E+00   6.43112922E-01
    196  -1.02128872E+01  -9.56926609E+00   6.43621119E-01
    197  -1.02167777E+01  -9.57292082E+00   6.43856905E-01
    198  -1.02207124E+01  -9.57659841E+00   6.44113966E-01
    199  -1.02239924E+01  -9.57970562E+00   6.44286774E-01
    200  -1.02275768E+01  -9.58202058E+00   6.45556268E-01
    201  -1.02300052E+01  -9.58406430E+00   6.45940872E-01
    202  -1.02324850E+01  -9.58658288E+00   6.45902111E-01
    203  -1.02349102E+01  -9.58920050E+00   6.45709751E-01
    204  -1.02372850E+01  -9.59126801E+00   6.46017009E-01
    205  -1.02403090E+01  -9.59362403E+00   6.46684996E-01
    206  -1.02433221E+01  -9.59590070E+00   6.47421404E-01
    207  -1.02465899E+01  -9.59824351E+00   6.48346395E-01
    208  -1.02498682E+01  -9.60066257E+00   6.49205631E-01
    209  -1.02528594E+01  -9.60321262E+00   6.49646811E-01
    210  -1.02557879E+01  -9.60549990E+00   6.50287985E-01
    211  -1.02582343E+01  -9.60759047E+00   6.50643816E-01
    212  -1.02608511E+01  -9.60985244E+00   6.50998623E-01
    213  -1.02635447E+01  -9.61262030E+00   6.50924360E-01
    214  -1.02661576E+01  -9.61517666E+00   6.50980959E-01
    215  -1.02682769E+01  -9.61709145E+00   6.51185448E-01
    216  -1.02704778E+01  -9.61921983E+00   6.51257951E-01
# k =   0.000000   0.500000   0.500000 spin = 1
# <ib|Sigma_CH[1..Nb]|ib> (eV), partial and symmetrized sum with up to Nb "inner" bands
# Reporting only VBM and CBM, use 'full_ch_conv_log 1' keyword for full report.
# 1/N extrap for CH(vbm) CH(cbm) diff =  -1.04092749E+01  -9.11748819E+00   1.29178667E+00
# Error est. for CH(vbm) CH(cbm) diff =   4.55658363E-01   3.83185522E-01  -7.24728404E-02
#    Nb          CH(vbm)          CH(cbm)             diff
      1  -3.51568290E-01  -1.71145895E-01   1.80422395E-01
      2  -7.03112288E-01  -3.42285482E-01   3.60826806E-01
      3  -1.01622202E+00  -5.79066352E-01   4.37155671E-01
      4  -1.32936332E+00  -8.15855456E-01   5.13507866E-01
      5  -2.21443994E+00  -9.37976178E-01   1.27646377E+00
      6  -3.12777704E+00  -1.04609748E+00   2.08167956E+00
      7  -4.01230044E+00  -1.16861577E+00   2.84368467E+00
      8  -4.92627969E+00  -1.27646764E+00   3.64981206E+00
      9  -5.06779558E+00  -2.09071863E+00   2.97707695E+00
     10  -5.20940888E+00  -2.90497270E+00   2.30443618E+00
     11  -5.40039934E+00  -3.70587285E+00   1.69452649E+00
     12  -5.60960919E+00  -4.48297002E+00   1.12663917E+00
     13  -5.79048033E+00  -4.65485151E+00   1.13562881E+00
     14  -5.99612756E+00  -4.79450241E+00   1.20162515E+00
     15  -6.07121655E+00  -5.02250413E+00   1.04871242E+00
     16  -6.14630414E+00  -5.25047036E+00   8.95833780E-01
     17  -6.29011981E+00  -5.34718334E+00   9.42936476E-01
     18  -6.45105474E+00  -5.43070591E+00   1.02034883E+00
     19  -6.59828571E+00  -5.52478421E+00   1.07350150E+00
     20  -6.75761684E+00  -5.60953906E+00   1.14807778E+00
     21  -6.86397886E+00  -5.73687698E+00   1.12710189E+00
     22  -6.97025553E+00  -5.86421649E+00   1.10603904E+00
     23  -7.08061732E+00  -5.98842045E+00   1.09219687E+00
     24  -7.19098250E+00  -6.11262512E+00   1.07835738E+00
     25  -7.29526896E+00  -6.21199357E+00   1.08327539E+00
     26  -7.39599947E+00  -6.31837271E+00   1.07762676E+00
     27  -7.49070217E+00  -6.41101413E+00   1.07968805E+00
     28  -7.58183086E+00  -6.51046795E+00   1.07136291E+00
     29  -7.63326086E+00  -6.56120612E+00   1.07205474E+00
     30  -7.68467959E+00  -6.61194341E+00   1.07273618E+00
     31  -7.73924513E+00  -6.65935479E+00   1.07989034E+00
     32  -7.79382195E+00  -6.70676704E+00   1.08705491E+00
     33  -7.83588266E+00  -6.75998761E+00   1.07589505E+00
     34  -7.87485471E+00  -6.80863127E+00   1.06622344E+00
     35  -7.91378277E+00  -6.85721674E+00   1.05656603E+00
     36  -7.95583242E+00  -6.91042738E+00   1.04540504E+00
     37  -8.00751402E+00  -6.96260917E+00   1.04490485E+00
     38  -8.05699874E+00  -7.02794104E+00   1.02905770E+00
     39  -8.10824568E+00  -7.08337070E+00   1.02487498E+00
     40  -8.15831761E+00  -7.14546583E+00   1.01285178E+00
     41  -8.18850352E+00  -7.18560698E+00   1.00289654E+00
     42  -8.21870833E+00  -7.22574722E+00   9.92961115E-01
     43  -8.26058758E+00  -7.26775377E+00   9.92833808E-01
     44  -8.29816225E+00  -7.31003531E+00   9.88126939E-01
     45  -8.34419001E+00  -7.34357048E+00   1.00061953E+00
     46  -8.38681917E+00  -7.37731811E+00   1.00950107E+00
     47  -8.43385675E+00  -7.40804147E+00   1.02581528E+00
     48  -8.48068716E+00  -7.43792000E+00   1.04276716E+00
     49  -8.52900056E+00  -7.46503093E+00   1.06396963E+00
     50  -8.57772111E+00  -7.49381186E+00   1.08390925E+00
     51  -8.60720513E+00  -7.51950184E+00   1.08770329E+00
     52  -8.63733805E+00  -7.54787039E+00   1.08946766E+00
     53  -8.66993881E+00  -7.57190659E+00   1.09803222E+00
     54  -8.70182325E+00  -7.59548734E+00   1.10633591E+00
     55  -8.71904708E+00  -7.61403015E+00   1.10501693E+00
     56  -8.73577407E+00  -7.63226212E+00   1.10351195E+00
     57  -8.75433715E+00  -7.65238155E+00   1.10195560E+00
     58  -8.77290263E+00  -7.67242709E+00   1.10047554E+00
     59  -8.79208143E+00  -7.69573506E+00   1.09634636E+00
     60  -8.81169983E+00  -7.71862006E+00   1.09307977E+00
     61  -8.83105544E+00  -7.73947314E+00   1.09158229E+00
     62  -8.84927732E+00  -7.76111374E+00   1.08816358E+00
     63  -8.86732136E+00  -7.78040274E+00   1.08691862E+00
     64  -8.88539677E+00  -7.79969158E+00   1.08570519E+00
     65  -8.90521393E+00  -7.82208774E+00   1.08312619E+00
     66  -8.92403428E+00  -7.84425274E+00   1.07978154E+00
     67  -8.94188427E+00  -7.86417607E+00   1.07770820E+00
     68  -8.96083438E+00  -7.88432662E+00   1.07650776E+00
     69  -8.97691506E+00  -7.90029406E+00   1.07662100E+00
     70  -8.99299570E+00  -7.91626254E+00   1.07673316E+00
     71  -9.00939777E+00  -7.93194683E+00   1.07745094E+00
     72  -9.02561872E+00  -7.94777472E+00   1.07784399E+00
     73  -9.04039412E+00  -7.96290918E+00   1.07748494E+00
     74  -9.05534131E+00  -7.97790615E+00   1.07743516E+00
     75  -9.07148005E+00  -7.99293142E+00   1.07854863E+00
     76  -9.08761832E+00  -8.00795636E+00   1.07966196E+00
     77  -9.10234476E+00  -8.02287709E+00   1.07946767E+00
     78  -9.11713742E+00  -8.03778700E+00   1.07935042E+00
     79  -9.13064214E+00  -8.05132127E+00   1.07932087E+00
     80  -9.14407759E+00  -8.06486702E+00   1.07921056E+00
     81  -9.16096216E+00  -8.07654169E+00   1.08442046E+00
     82  -9.17784689E+00  -8.08821713E+00   1.08962976E+00
     83  -9.19420370E+00  -8.10013786E+00   1.09406584E+00
     84  -9.21079849E+00  -8.11217853E+00   1.09861995E+00
     85  -9.22504694E+00  -8.12246225E+00   1.10258469E+00
     86  -9.23926184E+00  -8.13273007E+00   1.10653177E+00
     87  -9.25361811E+00  -8.14307095E+00   1.11054715E+00
     88  -9.26792215E+00  -8.15337919E+00   1.11454296E+00
     89  -9.28431940E+00  -8.16484185E+00   1.11947755E+00
     90  -9.30068249E+00  -8.17630446E+00   1.12437803E+00
     91  -9.31672935E+00  -8.18600102E+00   1.13072832E+00
     92  -9.33165907E+00  -8.19693991E+00   1.13471916E+00
     93  -9.34089125E+00  -8.20527403E+00   1.13561722E+00
     94  -9.35062844E+00  -8.21300308E+00   1.13762535E+00
     95  -9.35995599E+00  -8.22148277E+00   1.13847322E+00
     96  -9.36930690E+00  -8.22996255E+00   1.13934434E+00
     97  -9.38023167E+00  -8.23924105E+00   1.14099062E+00
     98  -9.39100344E+00  -8.24852921E+00   1.14247422E+00
     99  -9.40215352E+00  -8.25778618E+00   1.14436735E+00
    100  -9.41325475E+00  -8.26704523E+00   1.14620952E+00
    101  -9.42088224E+00  -8.27522877E+00   1.14565347E+00
    102  -9.42850310E+00  -8.28341231E+00   1.14509078E+00
    103  -9.43632240E+00  -8.29261371E+00   1.14370869E+00
    104  -9.44414012E+00  -8.30181500E+00   1.14232513E+00
    105  -9.45259593E+00  -8.31019683E+00   1.14239910E+00
    106  -9.46115185E+00  -8.31837072E+00   1.14278113E+00
    107  -9.47131906E+00  -8.32732347E+00   1.14399559E+00
    108  -9.48141849E+00  -8.33642022E+00   1.14499827E+00
    109  -9.49093192E+00  -8.34574243E+00   1.14518949E+00
    110  -9.50044526E+00  -8.35506441E+00   1.14538085E+00
    111  -9.50866198E+00  -8.36221539E+00   1.14644659E+00
    112  -9.51688038E+00  -8.36936363E+00   1.14751675E+00
    113  -9.52423484E+00  -8.37623815E+00   1.14799669E+00
    114  -9.53159064E+00  -8.38311253E+00   1.14847811E+00
    115  -9.54042625E+00  -8.39054497E+00   1.14988129E+00
    116  -9.54926181E+00  -8.39797563E+00   1.15128617E+00
    117  -9.55569632E+00  -8.40481015E+00   1.15088617E+00
    118  -9.56215281E+00  -8.41164423E+00   1.15050858E+00
    119  -9.56879100E+00  -8.41726678E+00   1.15152422E+00
    120  -9.57542108E+00  -8.42288884E+00   1.15253224E+00
    121  -9.58250271E+00  -8.42911171E+00   1.15339100E+00
    122  -9.58958440E+00  -8.43532812E+00   1.15425628E+00
    123  -9.59713258E+00  -8.44154562E+00   1.15558697E+00
    124  -9.60457843E+00  -8.44770397E+00   1.15687446E+00
    125  -9.61107536E+00  -8.45439171E+00   1.15668365E+00
    126  -9.61767372E+00  -8.46114667E+00   1.15652705E+00
    127  -9.62452913E+00  -8.46709581E+00   1.15743332E+00
    128  -9.63138457E+00  -8.47304495E+00   1.15833963E+00
    129  -9.63561214E+00  -8.47623401E+00   1.15937813E+00
    130  -9.63991687E+00  -8.47966022E+00   1.16025665E+00
    131  -9.64428609E+00  -8.48330470E+00   1.16098139E+00
    132  -9.64858428E+00  -8.48671707E+00   1.16186721E+00
    133  -9.65369091E+00  -8.49085120E+00   1.16283971E+00
    134  -9.65879754E+00  -8.49498533E+00   1.16381221E+00
    135  -9.66596449E+00  -8.49957985E+00   1.16638464E+00
    136  -9.67324885E+00  -8.50428438E+00   1.16896447E+00
    137  -9.67754657E+00  -8.50818170E+00   1.16936488E+00
    138  -9.68179312E+00  -8.51203182E+00   1.16976130E+00
    139  -9.68619303E+00  -8.51601070E+00   1.17018232E+00
    140  -9.69057604E+00  -8.51998951E+00   1.17058653E+00
    141  -9.69612354E+00  -8.52352175E+00   1.17260179E+00
    142  -9.70166649E+00  -8.52705127E+00   1.17461521E+00
    143  -9.70502174E+00  -8.53022908E+00   1.17479266E+00
    144  -9.70838157E+00  -8.53340961E+00   1.17497196E+00
    145  -9.71408266E+00  -8.53769067E+00   1.17639199E+00
    146  -9.71978360E+00  -8.54199628E+00   1.17778732E+00
    147  -9.72541481E+00  -8.54659068E+00   1.17882414E+00
    148  -9.73104554E+00  -8.55119689E+00   1.17984865E+00
    149  -9.73622557E+00  -8.55620487E+00   1.18002070E+00
    150  -9.74139790E+00  -8.56106723E+00   1.18033068E+00
    151  -9.74654773E+00  -8.56562629E+00   1.18092145E+00
    152  -9.75169023E+00  -8.57004664E+00   1.18164358E+00
    153  -9.75790203E+00  -8.57421628E+00   1.18368575E+00
    154  -9.76412011E+00  -8.57839695E+00   1.18572316E+00
    155  -9.77035851E+00  -8.58249654E+00   1.18786197E+00
    156  -9.77660337E+00  -8.58660944E+00   1.18999393E+00
    157  -9.78199490E+00  -8.58984965E+00   1.19214525E+00
    158  -9.78738659E+00  -8.59311077E+00   1.19427582E+00
    159  -9.79276964E+00  -8.59619842E+00   1.19657122E+00
    160  -9.79815532E+00  -8.59940725E+00   1.19874807E+00
    161  -9.80331868E+00  -8.60438419E+00   1.19893448E+00
    162  -9.80848615E+00  -8.60952818E+00   1.19895797E+00
    163  -9.81148988E+00  -8.61247097E+00   1.19901892E+00
    164  -9.81449212E+00  -8.61541380E+00   1.19907832E+00
    165  -9.81880512E+00  -8.61910955E+00   1.19969557E+00
    166  -9.82321010E+00  -8.62294294E+00   1.20026716E+00
    167  -9.82760024E+00  -8.62669636E+00   1.20090389E+00
    168  -9.83189847E+00  -8.63034935E+00   1.20154912E+00
    169  -9.83505797E+00  -8.63321926E+00   1.20183872E+00
    170  -9.83821745E+00  -8.63608915E+00   1.20212830E+00
    171  -9.84147010E+00  -8.63881693E+00   1.20265317E+00
    172  -9.84469859E+00  -8.64160310E+00   1.20309550E+00
    173  -9.84773597E+00  -8.64417684E+00   1.20355913E+00
    174  -9.85076104E+00  -8.64678008E+00   1.20398096E+00
    175  -9.85376654E+00  -8.64910794E+00   1.20465860E+00
    176  -9.85660021E+00  -8.65120153E+00   1.20539868E+00
    177  -9.85945052E+00  -8.65360388E+00   1.20584664E+00
    178  -9.86222845E+00  -8.65590784E+00   1.20632061E+00
    179  -9.86522739E+00  -8.65868314E+00   1.20654424E+00
    180  -9.86822632E+00  -8.66145844E+00   1.20676788E+00
    181  -9.87050549E+00  -8.66395586E+00   1.20654963E+00
    182  -9.87278552E+00  -8.66645331E+00   1.20633221E+00
    183  -9.87504663E+00  -8.66879693E+00   1.20624971E+00
    184  -9.87729553E+00  -8.67114772E+00   1.20614781E+00
    185  -9.88000712E+00  -8.67308213E+00   1.20692499E+00
    186  -9.88262728E+00  -8.67508340E+00   1.20754389E+00
    187  -9.88558696E+00  -8.67702673E+00   1.20856023E+00
    188  -9.88840380E+00  -8.67896818E+00   1.20943561E+00
    189  -9.89066783E+00  -8.68095837E+00   1.20970945E+00
    190  -9.89301303E+00  -8.68294597E+00   1.21006706E+00
    191  -9.89560553E+00  -8.68497016E+00   1.21063536E+00
    192  -9.89813385E+00  -8.68699636E+00   1.21113749E+00
    193  -9.90027038E+00  -8.68892456E+00   1.21134582E+00
    194  -9.90241787E+00  -8.69088827E+00   1.21152960E+00
    195  -9.90454560E+00  -8.69303654E+00   1.21150906E+00
    196  -9.90663674E+00  -8.69513602E+00   1.21150072E+00
    197  -9.90967253E+00  -8.69743387E+00   1.21223866E+00
    198  -9.91271595E+00  -8.69974385E+00   1.21297209E+00
    199  -9.91527739E+00  -8.70195574E+00   1.21332165E+00
    200  -9.91783883E+00  -8.70416715E+00   1.21367168E+00
    201  -9.92013535E+00  -8.70616904E+00   1.21396631E+00
    202  -9.92241272E+00  -8.70815108E+00   1.21426164E+00
    203  -9.92458348E+00  -8.71023909E+00   1.21434439E+00
    204  -9.92678411E+00  -8.71235820E+00   1.21442592E+00
    205  -9.92938999E+00  -8.71447968E+00   1.21491031E+00
    206  -9.93199586E+00  -8.71659820E+00   1.21539766E+00
    207  -9.93454543E+00  -8.71867240E+00   1.21587303E+00
    208  -9.93709500E+00  -8.72074946E+00   1.21634555E+00
    209  -9.93941216E+00  -8.72260503E+00   1.21680712E+00
    210  -9.94172029E+00  -8.72447037E+00   1.21724992E+00
    211  -9.94382629E+00  -8.72629632E+00   1.21752997E+00
    212  -9.94596523E+00  -8.72808620E+00   1.21787903E+00
    213  -9.94795182E+00  -8.72970527E+00   1.21824654E+00
    214  -9.94994643E+00  -8.73135126E+00   1.21859517E+00
    215  -9.95178549E+00  -8.73284032E+00   1.21894517E+00
    216  -9.95361650E+00  -8.73430267E+00   1.21931383E+00
# k =   0.500000   0.500000   0.500000 spin = 1
# <ib|Sigma_CH[1..Nb]|ib> (eV), partial and symmetrized sum with up to Nb "inner" bands
# Reporting only VBM and CBM, use 'full_ch_conv_log 1' keyword for full report.
# 1/N extrap for CH(vbm) CH(cbm) diff =  -1.08310647E+01  -1.01045418E+01   7.26522926E-01
# Error est. for CH(vbm) CH(cbm) diff =   5.59923966E-01   4.84662739E-01  -7.52612269E-02
#    Nb          CH(vbm)          CH(cbm)             diff
      1  -3.01553862E-01  -2.57369580E-01   4.41842821E-02
      2  -6.08937064E-01  -5.07272247E-01   1.01664817E-01
      3  -8.87454179E-01  -7.55769829E-01   1.31684350E-01
      4  -1.15822861E+00  -1.01420047E+00   1.44028141E-01
      5  -1.52980549E+00  -1.11420350E+00   4.15601989E-01
      6  -1.88299620E+00  -1.22434652E+00   6.58649678E-01
      7  -3.41195593E+00  -1.37697882E+00   2.03497711E+00
      8  -4.95457158E+00  -1.52044304E+00   3.43412854E+00
      9  -5.06092756E+00  -2.99653973E+00   2.06438783E+00
     10  -5.17599411E+00  -4.40746172E+00   7.68532394E-01
     11  -5.32527516E+00  -4.54290079E+00   7.82374368E-01
     12  -5.47696741E+00  -4.73306866E+00   7.43898746E-01
     13  -5.62102955E+00  -4.93016351E+00   6.90866034E-01
     14  -5.77735600E+00  -5.06557417E+00   7.11781831E-01
     15  -5.85418625E+00  -5.31964174E+00   5.34544516E-01
     16  -5.94395257E+00  -5.51241535E+00   4.31537218E-01
     17  -6.10757427E+00  -5.61827402E+00   4.89300249E-01
     18  -6.26457993E+00  -5.71573241E+00   5.48847525E-01
     19  -6.45484663E+00  -5.79003280E+00   6.64813838E-01
     20  -6.63282743E+00  -5.85596833E+00   7.76859104E-01
     21  -6.73120561E+00  -5.96922405E+00   7.61981558E-01
     22  -6.80623623E+00  -6.07091964E+00   7.35316595E-01
     23  -6.93173744E+00  -6.15572037E+00   7.76017069E-01
     24  -7.05922321E+00  -6.24149668E+00   8.17726529E-01
     25  -7.19204362E+00  -6.40297788E+00   7.89065740E-01
     26  -7.32672662E+00  -6.56902042E+00   7.57706208E-01
     27  -7.43435251E+00  -6.78041276E+00   6.53939751E-01
     28  -7.53673042E+00  -6.97857333E+00   5.58157099E-01
     29  -7.59551293E+00  -7.04543554E+00   5.50077388E-01
     30  -7.65472970E+00  -7.11108545E+00   5.43644248E-01
     31  -7.71826603E+00  -7.16075907E+00   5.57506956E-01
     32  -7.78136789E+00  -7.21164571E+00   5.69722177E-01
     33  -7.82252060E+00  -7.25853898E+00   5.63981613E-01
     34  -7.86284172E+00  -7.30226907E+00   5.60572651E-01
     35  -7.90424163E+00  -7.34815683E+00   5.56084792E-01
     36  -7.94536393E+00  -7.39166536E+00   5.53698568E-01
     37  -8.00778487E+00  -7.44647788E+00   5.61306992E-01
     38  -8.06266441E+00  -7.50757076E+00   5.55093651E-01
     39  -8.10858140E+00  -7.56945277E+00   5.39128628E-01
     40  -8.16193785E+00  -7.62512627E+00   5.36811583E-01
     41  -8.18927848E+00  -7.67921188E+00   5.10066605E-01
     42  -8.21010757E+00  -7.72488032E+00   4.85227247E-01
     43  -8.25732134E+00  -7.77948521E+00   4.77836125E-01
     44  -8.29735662E+00  -7.82556909E+00   4.71787531E-01
     45  -8.36128325E+00  -7.87464979E+00   4.86633459E-01
     46  -8.41821104E+00  -7.91595386E+00   5.02257176E-01
     47  -8.46950410E+00  -7.95963525E+00   5.09868856E-01
     48  -8.52693524E+00  -8.01827397E+00   5.08661268E-01
     49  -8.58827380E+00  -8.05692901E+00   5.31344792E-01
     50  -8.66412596E+00  -8.10025545E+00   5.63870509E-01
     51  -8.70915792E+00  -8.13373541E+00   5.75422507E-01
     52  -8.74647991E+00  -8.15760133E+00   5.88878577E-01
     53  -8.78790868E+00  -8.18723849E+00   6.00670197E-01
     54  -8.82869580E+00  -8.21590803E+00   6.12787767E-01
     55  -8.84452708E+00  -8.23939412E+00   6.05132965E-01
     56  -8.86047306E+00  -8.26254454E+00   5.97928520E-01
     57  -8.88194069E+00  -8.28707621E+00   5.94864479E-01
     58  -8.90601069E+00  -8.31156168E+00   5.94449015E-01
     59  -8.92843563E+00  -8.33380005E+00   5.94635586E-01
     60  -8.95330090E+00  -8.35599748E+00   5.97303426E-01
     61  -8.96877293E+00  -8.37306335E+00   5.95709589E-01
     62  -8.98698141E+00  -8.39939767E+00   5.87583744E-01
     63  -9.00791522E+00  -8.43230947E+00   5.75605747E-01
     64  -9.02833217E+00  -8.46341273E+00   5.64919440E-01
     65  -9.04615554E+00  -8.48289037E+00   5.63265171E-01
     66  -9.06423298E+00  -8.50094858E+00   5.63284402E-01
     67  -9.08441886E+00  -8.52082036E+00   5.63598498E-01
     68  -9.10297464E+00  -8.54886445E+00   5.54110191E-01
     69  -9.11964894E+00  -8.56239320E+00   5.57255734E-01
     70  -9.13946801E+00  -8.58187884E+00   5.57589164E-01
     71  -9.15966221E+00  -8.59921372E+00   5.60448493E-01
     72  -9.17608699E+00  -8.61075866E+00   5.65328332E-01
     73  -9.19387681E+00  -8.62912683E+00   5.64749981E-01
     74  -9.20771232E+00  -8.65373735E+00   5.53974971E-01
     75  -9.22980124E+00  -8.67227354E+00   5.57527698E-01
     76  -9.24929945E+00  -8.69439379E+00   5.54905660E-01
     77  -9.26604051E+00  -8.70967190E+00   5.56368617E-01
     78  -9.28281124E+00  -8.72516051E+00   5.57650729E-01
     79  -9.29708805E+00  -8.74242086E+00   5.54667184E-01
     80  -9.31139340E+00  -8.75944238E+00   5.51951022E-01
     81  -9.33050750E+00  -8.77785019E+00   5.52657311E-01
     82  -9.34941619E+00  -8.79636876E+00   5.53047435E-01
     83  -9.36960292E+00  -8.80971438E+00   5.59888544E-01
     84  -9.38932833E+00  -8.82480204E+00   5.64526289E-01
     85  -9.40551908E+00  -8.83825731E+00   5.67261770E-01
     86  -9.42165183E+00  -8.85254188E+00   5.69109948E-01
     87  -9.43854247E+00  -8.86509140E+00   5.73451064E-01
     88  -9.45554250E+00  -8.87677883E+00   5.78763664E-01
     89  -9.47587978E+00  -8.89403869E+00   5.81841089E-01
     90  -9.49550795E+00  -8.91137485E+00   5.84133100E-01
     91  -9.51351719E+00  -8.92266043E+00   5.90856752E-01
     92  -9.53085032E+00  -8.93412666E+00   5.96723655E-01
     93  -9.54109003E+00  -8.94283257E+00   5.98257461E-01
     94  -9.55142551E+00  -8.95161791E+00   5.99807599E-01
     95  -9.56211473E+00  -8.96506527E+00   5.97049458E-01
     96  -9.57320249E+00  -8.97801800E+00   5.95184494E-01
     97  -9.58682584E+00  -8.99229357E+00   5.94532272E-01
     98  -9.60086427E+00  -9.00556476E+00   5.95299516E-01
     99  -9.61528066E+00  -9.01900245E+00   5.96278217E-01
    100  -9.62869599E+00  -9.03258397E+00   5.96112023E-01
    101  -9.63704839E+00  -9.04029855E+00   5.96749842E-01
    102  -9.64548215E+00  -9.05019033E+00   5.95291812E-01
    103  -9.65425001E+00  -9.05862152E+00   5.95628492E-01
    104  -9.66303862E+00  -9.06762189E+00   5.95416729E-01
    105  -9.67219502E+00  -9.07765147E+00   5.94543549E-01
    106  -9.68213246E+00  -9.08531558E+00   5.96816881E-01
    107  -9.69560466E+00  -9.09644498E+00   5.99159682E-01
    108  -9.70803723E+00  -9.11123819E+00   5.96799033E-01
    109  -9.71802582E+00  -9.12530631E+00   5.92719508E-01
    110  -9.72866447E+00  -9.13891305E+00   5.89751413E-01
    111  -9.73795729E+00  -9.14816279E+00   5.89794502E-01
    112  -9.74784934E+00  -9.15698958E+00   5.90859765E-01
    113  -9.75568394E+00  -9.16390481E+00   5.91779137E-01
    114  -9.76349618E+00  -9.17087703E+00   5.92619153E-01
    115  -9.77419816E+00  -9.18277591E+00   5.91422254E-01
    116  -9.78490525E+00  -9.19463001E+00   5.90275241E-01
    117  -9.79214219E+00  -9.20434872E+00   5.87793470E-01
    118  -9.79947486E+00  -9.21319343E+00   5.86281429E-01
    119  -9.80714773E+00  -9.22002861E+00   5.87119120E-01
    120  -9.81478201E+00  -9.22719290E+00   5.87589110E-01
    121  -9.82322599E+00  -9.23433839E+00   5.88887599E-01
    122  -9.83156341E+00  -9.24083102E+00   5.90732399E-01
    123  -9.84079336E+00  -9.24764824E+00   5.93145114E-01
    124  -9.85020530E+00  -9.25528745E+00   5.94917845E-01
    125  -9.85759330E+00  -9.26330828E+00   5.94285024E-01
    126  -9.86495153E+00  -9.27137223E+00   5.93579303E-01
    127  -9.87353489E+00  -9.27956285E+00   5.93972046E-01
    128  -9.88211690E+00  -9.28774939E+00   5.94367513E-01
    129  -9.88713692E+00  -9.29141567E+00   5.95721252E-01
    130  -9.89166722E+00  -9.29538197E+00   5.96285258E-01
    131  -9.89670913E+00  -9.29884066E+00   5.97868470E-01
    132  -9.90126887E+00  -9.30259639E+00   5.98672479E-01
    133  -9.90701381E+00  -9.30842969E+00   5.98584112E-01
    134  -9.91320135E+00  -9.31370059E+00   5.99500758E-01
    135  -9.92175377E+00  -9.32034837E+00   6.01405403E-01
    136  -9.93076407E+00  -9.32643591E+00   6.04328159E-01
    137  -9.93578409E+00  -9.33072547E+00   6.05058620E-01
    138  -9.94069522E+00  -9.33499426E+00   6.05700954E-01
    139  -9.94545346E+00  -9.33910974E+00   6.06343724E-01
    140  -9.95098693E+00  -9.34333043E+00   6.07656495E-01
    141  -9.95803175E+00  -9.34855723E+00   6.09474520E-01
    142  -9.96507025E+00  -9.35380684E+00   6.11263410E-01
    143  -9.96899927E+00  -9.35753893E+00   6.11460340E-01
    144  -9.97293668E+00  -9.36124603E+00   6.11690652E-01
    145  -9.97992614E+00  -9.36558253E+00   6.14343605E-01
    146  -9.98619672E+00  -9.37071139E+00   6.15485333E-01
    147  -9.99325426E+00  -9.37596716E+00   6.17287100E-01
    148  -9.99922992E+00  -9.38179387E+00   6.17436049E-01
    149  -1.00054674E+01  -9.38770486E+00   6.17762588E-01
    150  -1.00117639E+01  -9.39384927E+00   6.17914670E-01
    151  -1.00183231E+01  -9.39956828E+00   6.18754782E-01
    152  -1.00254229E+01  -9.40589478E+00   6.19528139E-01
    153  -1.00332146E+01  -9.41178003E+00   6.21434524E-01
    154  -1.00412636E+01  -9.41659201E+00   6.24671573E-01
    155  -1.00488690E+01  -9.42254117E+00   6.26327853E-01
    156  -1.00567719E+01  -9.42730477E+00   6.29467132E-01
    157  -1.00638598E+01  -9.43138354E+00   6.32476259E-01
    158  -1.00704454E+01  -9.43582345E+00   6.34621926E-01
    159  -1.00771921E+01  -9.44007431E+00   6.37117804E-01
    160  -1.00834291E+01  -9.44469337E+00   6.38735720E-01
    161  -1.00894922E+01  -9.45220991E+00   6.37282268E-01
    162  -1.00957745E+01  -9.45967480E+00   6.36099670E-01
    163  -1.00990958E+01  -9.46375827E+00   6.35337567E-01
    164  -1.01024208E+01  -9.46771556E+00   6.34705265E-01
    165  -1.01077174E+01  -9.47402470E+00   6.33692669E-01
    166  -1.01125782E+01  -9.47974176E+00   6.32836439E-01
    167  -1.01186507E+01  -9.48655535E+00   6.32095326E-01
    168  -1.01245535E+01  -9.49331212E+00   6.31241365E-01
    169  -1.01281599E+01  -9.49682539E+00   6.31334513E-01
    170  -1.01316678E+01  -9.50037721E+00   6.31290611E-01
    171  -1.01347931E+01  -9.50356000E+00   6.31233114E-01
    172  -1.01379342E+01  -9.50673340E+00   6.31200763E-01
    173  -1.01424886E+01  -9.50948139E+00   6.33007225E-01
    174  -1.01469293E+01  -9.51204858E+00   6.34880719E-01
    175  -1.01502203E+01  -9.51494866E+00   6.35271617E-01
    176  -1.01536131E+01  -9.51715730E+00   6.36455817E-01
    177  -1.01572838E+01  -9.51973412E+00   6.37549713E-01
    178  -1.01608725E+01  -9.52230378E+00   6.38568747E-01
    179  -1.01643480E+01  -9.52580290E+00   6.38545083E-01
    180  -1.01678200E+01  -9.52931736E+00   6.38502616E-01
    181  -1.01703568E+01  -9.53216689E+00   6.38189931E-01
    182  -1.01730295E+01  -9.53500188E+00   6.38027618E-01
    183  -1.01756632E+01  -9.53741077E+00   6.38252422E-01
    184  -1.01783548E+01  -9.54001526E+00   6.38339561E-01
    185  -1.01816770E+01  -9.54222501E+00   6.39452032E-01
    186  -1.01843674E+01  -9.54456768E+00   6.39799719E-01
    187  -1.01877278E+01  -9.54706597E+00   6.40661831E-01
    188  -1.01914128E+01  -9.54948824E+00   6.41924591E-01
    189  -1.01941933E+01  -9.55213517E+00   6.42058096E-01
    190  -1.01970012E+01  -9.55480816E+00   6.42193052E-01
    191  -1.02001411E+01  -9.55773646E+00   6.42404673E-01
    192  -1.02032166E+01  -9.56077664E+00   6.42440007E-01
    193  -1.02054631E+01  -9.56317875E+00   6.42284307E-01
    194  -1.02084057E+01  -9.56528817E+00   6.43117493E-01
    195  -1.02108412E+01  -9.56768456E+00   6.43156644E-01
    196  -1.02135234E+01  -9.56998613E+00   6.43537269E-01
    197  -1.02174205E+01  -9.57361022E+00   6.43810289E-01
    198  -1.02213721E+01  -9.57725496E+00   6.44117095E-01
    199  -1.02246523E+01  -9.58036242E+00   6.44289858E-01
    200  -1.02282373E+01  -9.58267761E+00   6.45559664E-01
    201  -1.02306727E+01  -9.58472172E+00   6.45950991E-01
    202  -1.02331488E+01  -9.58724038E+00   6.45908397E-01
    203  -1.02355742E+01  -9.58985834E+00   6.45715854E-01
    204  -1.02379463E+01  -9.59192592E+00   6.46020367E-01
    205  -1.02409707E+01  -9.59428226E+00   6.46688393E-01
    206  -1.02439838E+01  -9.59655924E+00   6.47424541E-01
    207  -1.02472516E+01  -9.59890211E+00   6.48349499E-01
    208  -1.02505302E+01  -9.60132123E+00   6.49209012E-01
    209  -1.02535971E+01  -9.60380790E+00   6.49789169E-01
    210  -1.02564551E+01  -9.60615535E+00   6.50299768E-01
    211  -1.02589214E+01  -9.60822865E+00   6.50692785E-01
    212  -1.02615136E+01  -9.61051159E+00   6.51001997E-01
    213  -1.02642087E+01  -9.61327913E+00   6.50929590E-01
    214  -1.02668143E+01  -9.61583516E+00   6.50979157E-01
    215  -1.02689333E+01  -9.61775029E+00   6.51183060E-01
    216  -1.02711407E+01  -9.61987901E+00   6.51261699E-01
